12 0.14959305783777374
13 0.8384274674046601
14 0.03896808511225466
15 0.0
16 0.0
17 1.5413287810664
18 1.9985256976196006
19 1.131521756840524
20 1.3939249979282144
21 3.2589675267401885
22 2.8476804618789906
23 1.4990111729737794
24 2.355822003422219
25 2.3701613021265504
26 1.3130228745976158
27 1.1770484116322282
28 0.7263058152281612
29 1.0085429884694317
30 2.7270095062700936
31 1.5608870041662564
32 3.7915034105552463
33 0.7780122436561872
34 4.033091259250249
35 4.37324013045181
36 4.94463495130491
37 4.643873571064
38 5.962436029542541
39 1.9079934868392208
40 0.448245139196917
41 0.6547621644312802
42 0.2298951531410399
43 2.6014469519538856
44 1.423125471278975
45 1.5276976407829275
46 1.8760972145936314
47 0.5011601881768335
48 1.6725816064107566
49 3.0216443170303866
50 1.8929755969219184
51 1.822819851955618
52 1.4934632466734754
53 1.0571045353821347
54 0.7421435887334116
55 1.6147025913791868
56 2.1551035406708543
57 0.7096386645226594
58 1.3194267730309763
59 0.4250831577316676
60 0.6732980711238519
61 0.7253613294726526
62 4.190981650490793
63 1.3008663325777143
64 2.5609319701864197
65 6.124333177848716
66 2.3173437920791495
67 4.334789116087217
68 0.4571953856329122
69 0.16666297672368688
70 0.8464344783585913
71 1.2152702724793683
72 7.870310557591059
73 0.7417919213915924
74 0.7101159506777196
75 2.6107299387417555
76 1.0585539072466483
77 1.5088542284765973
78 6.736038104885799
79 2.797503931883788
80 3.337826575607553
81 6.485675618819368
82 6.910180631939298
83 3.0662302876163086
84 2.2373691212724545
85 0.8779202528410397
86 0.44473638066101845
87 0.9668615823815557
88 6.413754530458142
89 0.03843081947343768
90 6.682838108179848
91 1.988100998886477
92 4.501197661247055
93 10.247126078397637
94 10.857032994476178
95 10.135608230392284
