17 0.0
18 3.8292800557661795
19 3.246488525915638
20 4.347850639685188
21 4.0017739060601585
22 3.9932349665890956
23 2.813034814607801
24 4.173822517518117
25 3.126738526028211
26 2.339767145581455
27 1.7209928134843333
28 3.442923089879685
29 1.9886398568986428
30 2.9779627086037013
31 2.6273903626776236
32 2.1783438333755605
33 2.662516291402696
34 1.0589768293955188
35 1.0757185582835038
36 2.9433582110533925
37 2.853698828858615
38 2.7069894201051974
39 1.8206700519543597
40 2.1064910516284665
41 10.513230719896953
42 5.078161657089685
43 5.279438596563096
44 2.7985952700639536
45 6.601635773218144
46 4.30620005485968
47 3.504089810755872
48 5.6103497427591575
49 8.636580813939176
50 1.8423297785387336
51 6.814266564434596
52 5.343592716262102
53 4.621927523475498
54 6.635825845242032
55 4.773512461097778
56 7.744319310317175
57 5.343729697915096
58 7.406513943874038
59 5.2058665361083865
60 3.7886523108025005
61 4.404680886034702
62 3.6231348960502716
63 4.945262124822874
64 0.0
65 3.8036823396280157
66 5.302177828997485
67 4.284670261074061
68 4.567350660392313
69 1.0971123057280654
70 5.756564523789996
71 5.714727759760405
72 6.056717251747244
73 8.192667421896436
74 7.363963009964889
75 5.817443128778406
76 5.6315960543229995
77 9.547563241644637
78 3.027775339203295
79 10.663087259776043
80 10.243400418613838
81 7.255552824925162
82 7.67097899014195
83 9.423963872298726
84 7.0565005785555455
85 8.564960747634125
86 7.5514050062448455
87 7.346444304037298
88 7.955182126093497
89 7.622124816080671
90 7.991880049027872
91 9.412913983581689
92 9.354394813725419
93 9.412706761733896
94 9.52142351538539
95 10.24220942393882
