12 0.0
13 6.960766763746626
14 2.7343341660746763
15 2.7283016819360926
16 2.4963327720981425
17 1.7233597000998726
18 4.7141991990946615
19 3.0836545795984875
20 8.769775254474034
21 6.250212080991261
22 8.809424743345062
23 5.630347916938024
24 9.821365964298135
25 9.407173579385674
26 8.628753222563894
27 6.80654853302408
28 7.32013808619119
29 9.276617505145982
30 4.994546444288542
31 3.444444314275947
32 2.6082291369201074
33 3.870370255843159
34 4.286358025277106
35 3.9170083167566174
36 3.010896605084004
37 1.0393174914708643
38 5.236103093986275
39 6.682972806614093
40 7.761589277118083
41 6.3147314112504915
42 6.198427500737482
43 6.429677419082799
44 9.045620316806902
45 4.9027873870466685
46 10.82616047391969
47 10.0234491259954
48 8.604824336335748
49 9.388979773922513
50 3.2762601297590015
51 3.9900355070200466
52 1.1648592800569657
53 6.4201739128239215
54 3.257752329675843
55 7.613318030961066
56 1.6024984175387027
57 2.8164964760949203
58 7.403667212303618
59 8.245369719732969
60 9.845785504182517
61 3.230155758525745
62 3.7470451961192497
63 7.5266958003213995
64 7.263318191544875
65 4.541709520975378
66 1.1310340205387406
67 2.4034291756278536
68 0.909815204149457
69 3.485936048979468
70 1.6774367541065727
71 2.954379413391852
72 1.8883248829004629
73 2.6303440931352022
74 2.400633014400323
75 3.0263029398884744
76 2.5273392848296057
77 2.4179972397554144
78 1.638424655640721
79 2.2871997600594076
80 2.343609328560757
81 3.2827851526121674
82 3.9155762769109423
83 2.9232617087155233
84 4.410600443974507
85 4.9261411521021365
86 4.2340691310628795
87 4.997325722184124
88 9.890639344089433
89 10.577389406715827
90 8.13472455662798
91 6.648750830608154
92 6.837109337433512
93 7.684647787346591
94 0.36333897862623254
95 7.544426452880299
