1 0.0
2 4.3306006631526826
3 4.308679673676391
4 1.9652850398834332
5 1.5536371934374682
6 1.7602033540674982
7 2.868199611748449
8 4.0882320265640315
9 3.895034407595911
10 3.6762813088009705
11 1.061994143867853
12 0.6039020015792746
13 1.9587825389103493
14 2.144468906914378
15 0.37782550566057527
16 0.45128815439474496
17 0.9159641968047164
18 0.42395081685060404
19 0.39429642820216304
20 0.39539375158058254
21 0.4205066699446354
22 1.7223990834215943
23 0.6638235381560285
24 2.4358423378029883
25 1.222872598876128
26 3.858024964738168
27 4.053231439216213
28 6.941910877671851
29 4.5130490416475215
30 6.912239525588798
31 3.448509864034471
32 1.6133515979670197
33 5.108139089682548
34 0.33542864425537156
35 0.45203217553157965
36 0.11693202925594219
37 0.29352485519375754
38 1.3904527449044835
39 1.407101552482399
40 4.131768067906764
41 6.796942278417557
42 6.881739377929084
43 4.607705456458373
44 5.818562730613177
45 5.476551575293697
46 5.200306048548543
47 4.179634229762977
48 2.8716157337099295
49 0.7934564237976224
50 3.054051899427337
51 0.35602622723247557
52 0.9544347203920394
53 0.6871391632756051
54 0.8668349794062438
55 5.512415256179151
56 6.239337893203539
57 4.517736031035428
58 5.825510396920343
59 3.037068591192432
60 3.585388234278271
61 4.177500878612488
62 2.9396396128067925
63 1.004136406882194
64 3.049689680206966
65 7.3981523425713
66 10.11630119713211
67 6.907575558142554
68 10.396638013544662
69 8.747903727418915
70 5.796755503995814
71 8.462457257085376
72 8.839431154570327
73 7.754930390279859
74 4.281585317248191
75 8.131720209205946
76 1.754960886259933
77 0.4229188056010576
78 0.4486427387112557
79 1.8154355049986557
80 1.9993441796380185
81 0.3730137180662716
82 0.5556086901276822
83 0.2661990048241092
84 2.608370921300011
85 1.2267817168268917
86 7.6874498208714686
87 6.3789988053187185
88 6.709142164649056
89 3.2778354345047034
90 8.396304948656752
91 4.159911522300809
92 3.661424157563115
93 1.5590237002464267
94 0.0
95 0.22264601714581164
