7 0.0
8 4.778275486426474
9 4.034731896598123
10 3.0870692063146747
11 1.662823543984541
12 0.6863427714728441
13 0.39251477361604686
14 0.6539436230980966
15 1.5341046360763244
16 1.4486475976923003
17 0.5304242284559869
18 2.8493386728832957
19 0.7376001277635816
20 0.3222600850353689
21 0.30045741520781155
22 0.33781085511697156
23 0.6131475134322552
24 0.3621240758315832
25 0.3319639845400038
26 0.08637778205236714
27 2.6894290149904823
28 3.2549391038739026
29 2.68913970715682
30 2.330645003909307
31 2.589422012741714
32 3.365944630511844
33 1.1165999002096694
34 3.238764376488211
35 0.5839195389056624
36 0.24434728065709757
37 0.5593331288625375
38 3.5837459645586383
39 5.259630688361434
40 2.9472406913366656
41 2.237352765121947
42 2.8297113857050933
43 5.886771696627228
44 4.505546097679
45 1.6103622723856845
46 3.8276474246897894
47 2.8290870082035764
48 2.4980770905127243
49 3.0038516374028585
50 3.5333245066883125
51 2.2579991283943306
52 2.6365796815743665
53 1.556957549812513
54 1.0492675397737212
55 0.575825364080271
56 0.710275267089487
57 0.5961028100232182
58 1.3800111570234828
59 0.744153770695981
60 2.237625942879573
61 0.9356795105671997
62 0.5525088834938849
63 4.559982862018759
64 0.8733956041204536
65 1.9225297625253424
66 1.1107678134997856
67 0.6982754734942757
68 4.2339625391780515
69 0.7140259408929085
70 5.042199849911214
71 3.8476374349081506
72 9.258582239406204
73 5.920260413151291
74 3.9310729534367908
75 7.934262869096292
76 6.5341206990179925
77 7.936367983450602
78 4.821999139955854
79 6.0092889693571525
80 4.878329855667683
81 6.428100437079186
82 4.572571855467028
83 4.758721742784667
84 7.320097166080962
85 4.658639528640103
86 7.665793399179734
87 3.3865412054520516
88 1.6672843917075586
89 5.975523891870543
90 8.244158067391744
91 8.181915017811145
92 8.59200888159527
93 9.119061315224533
94 9.661818233335378
95 5.293809219146692
