1 0.0
2 10.902504870885553
3 8.861896204419592
4 8.904263792765155
5 8.56143650594182
6 7.950315449623493
7 11.792783818931559
8 8.28334264047808
9 9.839843562938686
10 2.8533038141460403
11 0.7624624796009768
12 1.5284985018146495
13 1.8540917011775144
14 0.7358530369020853
15 0.910370858140509
16 6.366691173341471
17 1.9168211925334009
18 3.6092340379013854
19 3.7396915635889156
20 1.1616020899726294
21 2.9406004937284007
22 1.3883793531995274
23 4.298420522863522
24 1.6283252323805086
25 3.3631015978017693
26 3.302728542918113
27 3.93864337433411
28 3.578629674342676
29 2.9811426466143387
30 2.3879485547659582
31 0.36090252900527475
32 0.49125847409231244
33 1.2886952314765643
34 1.2027578194095612
35 0.6445495808679946
36 3.051519609339132
37 1.024664406204504
38 4.596466027721664
39 2.8942864594649773
40 9.81762100849631
41 0.9524783045548837
42 2.099398623984405
43 5.584131354805883
44 3.889450672155529
45 0.5595567571624739
46 0.49041797904513007
47 0.45027050436196275
48 0.6313312444535822
49 0.4822416280464946
50 0.4422563123618944
51 1.3364453066552942
52 0.8135810439163262
53 0.45196116262355307
54 0.515265197581243
55 0.5429975376164117
56 6.643928966038644
57 2.2554010360096792
58 1.4861598161764038
59 0.8073134532432795
60 0.8180886675892598
61 0.9463031305254834
62 1.0586466662418765
63 1.250828891649717
64 1.395811819603957
65 5.914976678750677
66 5.9662883212056625
67 6.038195884655193
68 6.541252456289448
69 0.9283527074392905
70 1.712997131866135
71 0.817909044566759
72 0.8132547527205568
73 1.6817936783648892
74 6.364017031578039
75 0.7400397391767557
76 1.1055353259666396
77 1.3835628871398915
78 1.478069489023822
79 2.8195648200763426
80 1.7920694261830163
81 4.146883092954865
82 5.716147675195742
83 0.7849713211995927
84 3.7423529518364718
85 0.2920607471992072
86 2.093672661513133
87 1.5388014884294574
88 0.980234011921977
89 1.082463200628334
90 1.6616412622694987
91 1.1395308850885253
92 6.13955649405804
93 1.525170146113677
94 0.08619454205978416
95 0.0
