17 0.0
18 7.088038848320577
19 5.185398495912136
20 7.724396156083097
21 10.743823543001335
22 11.193800084404598
23 10.540335266640737
24 2.8555277206186616
25 11.080232099061888
26 11.112133831486974
27 12.23172656580226
28 11.375460277091948
29 10.27078474145548
30 11.37528617680431
31 9.486447104632255
32 3.0997627810031156
33 4.796317758708685
34 4.82205229084538
35 7.574348153648267
36 7.375852656366032
37 4.809176279821405
38 4.788313944888834
39 7.763843006635556
40 0.0014210543047763903
41 5.643681971555435
42 4.208363380509132
43 3.9884357636507164
44 7.43852725524175
45 6.603192049433172
46 9.380461221798434
47 10.181049086444707
48 5.730715860900308
49 4.644388128480364
50 4.730170078152573
51 0.0
52 2.42119477588411
53 7.5642512435793705
54 5.64782863612316
55 11.664038393742258
56 11.696939166033909
57 7.930712194993314
58 2.338985589036561
59 0.5429867649061147
60 9.046014906604054
61 0.008764863517601846
62 0.23310958597871134
63 0.7498356404031112
64 3.4228749000109033
65 4.3010607604454165
66 7.770817837125881
67 8.1485330716098
68 8.152055972327192
69 10.324766331748485
70 11.379384525965236
71 4.134572201554481
72 1.422387663447318
73 1.6473636172169384
74 5.670395993549355
75 0.0
76 8.484682894983932
77 8.747337185660312
78 9.244423629870314
79 6.82780947274381
80 6.021226099615103
81 7.241294880223511
82 2.689508279096479
83 1.0479142473919014
84 4.978175497126769
85 1.363607018281162
86 8.632189965077725
87 3.9277794811067803
88 7.088856061454969
89 5.644782224827866
90 2.7509870598170063
91 7.545608297032563
92 6.987372571258467
93 0.0
94 3.450754576837491
95 3.480936357448539
