12 0.0
13 11.238494754093479
14 8.334585222172391
15 2.970871513452652
16 4.674519599455175
17 1.4351122187786645
18 0.32157485390246904
19 0.3476018611761251
20 0.5695825445230619
21 5.199648693856903
22 1.093729379940761
23 0.8311761049891484
24 1.1895656114816047
25 1.9672703444168054
26 4.239087131855953
27 1.3252922127904905
28 7.725767995017336
29 2.790805096653405
30 5.918104022849867
31 7.2855230221209535
32 0.9853573087418247
33 7.294316656868042
34 2.218156319316367
35 0.8282358311729243
36 1.28584608629334
37 6.41757126069224
38 1.1462920417664864
39 1.4210209379853853
40 1.5088476100352193
41 5.824615201736638
42 5.151223477389758
43 4.958238960174698
44 8.842706356678665
45 2.2040589843331118
46 4.3348897088231695
47 0.31573750583112675
48 9.008366414361163
49 0.6365150181771122
50 1.1542204652867853
51 0.9299136535986636
52 1.0526288244961104
53 0.7667050582310515
54 0.08826267555219491
55 0.7245296864165712
56 7.586680792890781
57 9.029645507367478
58 4.154557925121798
59 0.620691909182181
60 7.820110889064924
61 2.259337248777774
62 3.792192496342607
63 2.9872792378959048
64 4.226969116127337
65 2.831780625407216
66 3.8205318621217046
67 2.1933670960154044
68 1.2491182977179431
69 1.0594365887293467
70 3.4131142631041946
71 3.234736834787296
72 2.926283761257679
73 5.632913252013574
74 1.8471842538729177
75 1.2154782351971558
76 1.315503586077766
77 0.988040876061834
78 1.8240661760312173
79 4.791747033330433
80 4.393875013265038
81 3.7873907991980844
82 2.7375521537587133
83 2.405730957101876
84 1.7360332918971213
85 1.3409858855530272
86 1.247452303738401
87 0.5872726565542389
88 0.9116502040528982
89 1.7119370188193141
90 3.937190756592242
91 2.3268613032594176
92 0.0
93 1.2938879417699365
94 2.7357067677442446
95 0.6732173755043885
