1 0.0
2 9.644849225523128
3 6.101767838316105
4 5.021058974350045
5 5.7478507568836585
6 6.4174281381790585
7 9.415951085839938
8 0.8195120468983091
9 0.9590303342001996
10 6.005148924925739
11 0.8932259375872527
12 1.9275327480589262
13 1.765017268092401
14 0.7067722504998006
15 1.2186461225520544
16 0.7390978056403493
17 0.8076540989292559
18 5.49319787681705
19 3.2907709322832
20 0.12667824967749122
21 0.16016850127503415
22 0.5312159629178594
23 1.6492060538878823
24 0.5246473231131616
25 0.44841636408047925
26 0.49928305560790265
27 0.38248779411642536
28 1.1460168169678333
29 3.024365531074664
30 0.889027328434266
31 0.7324385681363539
32 0.5366390743224309
33 0.7707722288733647
34 0.9826138909751941
35 1.2371006302543492
36 3.32195104597429
37 0.7680035667662882
38 1.269689628314777
39 1.6076659896186687
40 1.2382694223542
41 3.2324620334191674
42 8.569729947582612
43 0.9131166611363192
44 6.596132585926565
45 2.268566018977441
46 1.7103641107171115
47 5.167943579894585
48 7.874013474850905
49 6.357810577626357
50 9.509512543061792
51 1.7302530083104255
52 1.1544503422259584
53 1.0761109342438215
54 0.5366044272906336
55 0.4997752053659206
56 5.0290817484838835
57 2.8627662042500015
58 0.7668783980265141
59 0.8559149884470452
60 0.8794074480464642
61 1.6156122390732512
62 4.544650965484766
63 8.708426106180331
64 0.9258696529822629
65 3.075758184582763
66 1.4391402156047683
67 1.0638363141961928
68 5.842363687500221
69 5.955927934882111
70 5.139367857321725
71 2.3407830371357443
72 1.0278199922339228
73 1.313792075316844
74 1.1705563117636006
75 0.36609704678623955
76 0.2601664496033092
77 0.16181046804107319
78 0.12063168530602258
79 1.6029295728295352
80 2.5414502000646464
81 2.265934465214417
82 0.4916822444161327
83 0.514546676865204
84 2.386746780723349
85 3.04001433520897
86 1.6647879022603886
87 1.5040212645653837
88 3.439960226777823
89 9.573271340964366
90 1.6554304480604538
91 1.7772327229452936
92 5.4945887385396865
93 9.64987697092943
94 7.694187385782847
95 9.409407843481318
