7 0.0
8 3.786452476752424
9 1.4157777740330193
10 0.932770508898036
11 2.7550022323605883
12 2.6569638432501046
13 1.0584253471558016
14 0.36954837551338043
15 1.9517559064937766
16 0.39850516749800974
17 0.5793842711364507
18 0.5066400747899387
19 0.2624160026455877
20 0.32422426276526367
21 0.48615225227154996
22 0.3068523735502641
23 0.4403563020452642
24 1.6450898278408703
25 1.7645870289444536
26 0.0012197674570038482
27 0.5156003932753543
28 2.271557535426489
29 0.3467477488788957
30 0.5414127131891544
31 0.3733995192705216
32 1.21367132343936
33 0.8025435338097014
34 0.5629443101257807
35 1.809956337807235
36 2.747946549321207
37 2.967138752628808
38 1.9254675127089926
39 0.22956045460054225
40 0.3743565118229404
41 0.43466717482599715
42 0.8232218603993855
43 0.03308488788974908
44 0.00015848328926426768
45 0.0
46 0.29426629437143415
47 0.25977261515013406
48 0.17076274860784743
49 3.843631762560031
50 0.3134697969879129
51 1.0235805116549692
52 4.612780619019743
53 5.400807323330245
54 5.430958687087887
55 1.417100771536931
56 0.39454229154920606
57 0.914627778502719
58 1.760854578213395
59 2.751197265951207
60 1.8853634897589415
61 0.78124013695088
62 1.8545781722343733
63 2.3351699048360466
64 2.6047680592987597
65 4.628850576911399
66 1.16344774960498
67 7.791438723614312
68 7.52119282106096
69 9.172906417483425
70 8.368572299270667
71 8.42930237596416
72 7.503429837637973
73 5.738107187471033
74 5.645116530359574
75 4.519085773659576
76 7.369822068896192
77 1.067967557395166
78 9.345966475989773
79 5.939438445278717
80 4.144649921622646
81 4.27404621353187
82 4.357230404410533
83 6.600771110774263
84 4.878656568420237
85 5.485220888612737
86 7.182208011178361
87 5.49704575513368
88 8.800740634403194
89 3.090975068555535
90 10.185922176436788
91 6.469528579444992
92 5.879010219610707
93 6.81329824617628
94 8.416114786394662
95 0.5870480949792068
