7 0.0
8 1.3764886930045748
9 0.01987025017716477
10 0.1352851196129666
11 2.129193932346491
12 0.7749998353307909
13 0.33951283139654714
14 0.47647914512669276
15 0.44744396906253997
16 0.5526240403797819
17 3.7280163088483356
18 1.163999919520698
19 4.609838866183224
20 1.6026560674571995
21 1.0398641319032067
22 1.5401046815903063
23 2.3217315962458946
24 1.0033165460692353
25 0.7705500782689952
26 0.840624742846113
27 3.0708350105875044
28 4.695035209790199
29 2.664920752828676
30 4.0770876464069215
31 2.7297591121452345
32 6.47710689848747
33 5.502475706362924
34 2.1388078664096977
35 0.4981128662824221
36 3.004932274215889
37 5.035028442931435
38 3.3772814820224815
39 3.5410260868907626
40 0.7016418527116015
41 0.7481820302533909
42 6.495951508989711
43 6.4837938029451605
44 6.877207625696038
45 9.241685127790038
46 10.362843083959415
47 9.772817870083813
48 7.925343302564968
49 6.402955741977741
50 6.913550372663359
51 6.483919561126569
52 5.2098884217655845
53 1.665663908691028
54 1.1289267070347218
55 0.5335430587405204
56 0.5718267504891709
57 0.6798888085750749
58 1.278447294217381
59 3.6847092956698955
60 1.8700145367345045
61 6.015089163569055
62 5.407093977959719
63 4.770650816570462
64 4.046028385722382
65 3.1427967601584323
66 2.805192377159284
67 2.9299161750666043
68 2.9232109920906164
69 2.4650543167017758
70 1.7502682317790867
71 1.4095657523222849
72 1.0810574474473513
73 1.00047318022995
74 2.620298879941489
75 0.5844756350687322
76 0.7846600009712427
77 4.217692512250859
78 2.668245568734751
79 6.6555361272205475
80 7.67900378009693
81 4.114232500594989
82 6.8009101391805125
83 9.698047309188043
84 8.895804909948637
85 9.313284042649022
86 10.400282124659475
87 6.404242881440758
88 9.371683190756093
89 7.439787996331229
90 8.992678403506558
91 7.3489311444750784
92 1.363695146249116
93 5.532908517309716
94 5.3690637998512605
95 6.265644917184955
