1 0.0
2 5.115606738849011
3 3.42425837958718
4 1.029597600125314
5 0.41591525862043766
6 0.3094643307014005
7 1.1732752677301952
8 1.2866127908105545
9 2.6794670199323476
10 1.6886279308610261
11 0.7583507046108303
12 1.0345922667856413
13 1.0299284309074646
14 1.2157266322600249
15 1.1071784997295462
16 3.9241547399899357
17 2.8074928918827005
18 3.4157998759410146
19 2.1263370908626325
20 2.8794616491178835
21 0.7639069677979654
22 0.8829291017524884
23 0.36429155402624863
24 0.3149401574124911
25 1.0346158634043556
26 0.6725979070953312
27 1.5270048573224029
28 1.459436233724558
29 0.8006728985972861
30 2.773028278251786
31 1.455532757774707
32 1.1922932445371002
33 1.3096169604829047
34 3.3232698905486457
35 1.0299747746300942
36 2.9328313061899283
37 2.098142617764134
38 1.3005376847358798
39 2.0078538495607527
40 4.023559246924141
41 8.410235116184104
42 0.370150549137441
43 0.4577909539272845
44 0.35544821006585914
45 0.3462112013541062
46 0.7704580676229165
47 0.6527065905561567
48 2.945961178425573
49 1.2889136550788864
50 0.4256536854816041
51 3.0643882822649484
52 2.640168449827186
53 0.26375844912293717
54 0.2930978981166379
55 0.5326710834566063
56 1.3210586768402266
57 7.65957583911248
58 0.8986461378781286
59 1.6163165637802104
60 1.6496500821137903
61 2.11173043631737
62 0.9857049321788472
63 4.207087054655696
64 5.942877091542441
65 1.319558113672702
66 4.706106981040491
67 5.157571090496337
68 0.6366866275645704
69 0.6375095457810459
70 0.36958406885726447
71 0.4040778781946028
72 0.5246165720716449
73 2.2132195952902998
74 0.5095730386223905
75 0.44805092258340523
76 0.6635567023373483
77 1.6120479931233918
78 3.849025500579705
79 2.0986587802680203
80 2.1404756433113135
81 5.858280953864173
82 4.5122105603280565
83 2.6989061380175237
84 0.5104129482425129
85 1.7176977820357566
86 1.3727830091234932
87 0.805907934792863
88 0.8413280715045776
89 0.6915849271351708
90 0.3356234544833114
91 1.9554146117385616
92 2.422970158696042
93 1.5228645239762966
94 0.20667854427154062
95 0.25839292581558987
