1 0.0
2 1.4417625661914713
3 0.848742694131861
4 1.291762689486328
5 2.10852064808105
6 2.0869485749333383
7 2.3918465779247478
8 3.41608218789397
9 2.8725815710845013
10 2.9478203760988673
11 1.4549411834322354
12 1.771351454933708
13 3.8312895906823052
14 0.5974945042259883
15 0.4767652931659609
16 0.49146137152015795
17 1.6510571630799518
18 0.9524426415856189
19 1.1363855679628818
20 9.894616442049252
21 8.067838750970672
22 4.104809697019166
23 0.9987494035990573
24 5.173395614846072
25 0.6512020668085716
26 0.3098404788957381
27 1.9324411277268174
28 3.651548976805187
29 0.2726024031300456
30 4.246482086718895
31 2.5737876501214463
32 6.9022616506580805
33 7.068627702880429
34 6.043013773889234
35 6.419374194010531
36 8.844935187491782
37 8.399488976794771
38 2.072254380358119
39 5.559249209253978
40 7.436457477696463
41 9.009452736668242
42 9.747777539372883
43 6.90866290183868
44 5.49938304154311
45 1.9950335821759502
46 0.5251919229808178
47 0.3798699663277558
48 0.4555541286672051
49 1.0280592694071633
50 0.5831915077670238
51 3.3414592153343823
52 0.47004324517839347
53 3.3747381844495163
54 2.4681936861537075
55 0.7592833146786466
56 0.7553528980184517
57 7.249554545242017
58 2.423107164977474
59 5.8618305372961705
60 7.108716895403287
61 6.830521784104664
62 5.984104897843837
63 4.717888935528349
64 3.593259778711033
65 4.1674505125475045
66 3.9773568387316813
67 1.3904330654195167
68 2.606057309546827
69 2.2941836128957402
70 2.419497593132483
71 3.4459688600820075
72 0.5211875866223155
73 1.9503888687983233
74 2.996931803004419
75 3.1017585053373695
76 3.5480837400740017
77 1.616377540624997
78 0.9992250102681673
79 2.6674573590845876
80 2.317553424594225
81 3.2281402190374546
82 2.4928973946852757
83 0.5048010969337655
84 3.8413986256331936
85 3.859148403710841
86 3.4355822175176467
87 3.9485524929092906
88 4.639563369788899
89 4.824874345982443
90 1.4993821005952221
91 2.5765624946308505
92 4.264404544412412
93 5.400474876194527
94 6.414622574484053
95 1.6095117917085902
