12 0.0
13 5.182965014253088
14 6.131715895949617
15 0.034721854064393466
16 2.945702840099003
17 2.2522037513452684
18 0.9619866349743483
19 1.1782972798814972
20 5.422609461069597
21 2.7687127089355665
22 1.9351784237272025
23 5.841933101356826
24 6.57279647261822
25 6.7995271936171
26 7.635900108254252
27 6.7950221161024915
28 6.581097930299636
29 6.73449635224237
30 6.251541580847706
31 4.947147889841357
32 3.260438776519944
33 4.589551113162762
34 1.4700302092622104
35 0.29095195412871105
36 1.3514038113378302
37 0.8644246630941241
38 0.5019183181082065
39 5.388554254769355
40 0.4467364703057243
41 0.392288076730442
42 3.9145766060346565
43 4.661590759727245
44 4.664625935737646
45 5.228054851690435
46 5.670691234702741
47 2.8140991480033932
48 6.565996762153544
49 2.4875323675184853
50 6.897493032711188
51 6.794233936463085
52 3.736737890527781
53 7.364981009950835
54 7.536124959605827
55 7.696637082994621
56 6.8389684196632565
57 0.9930056241076171
58 2.712040616002324
59 8.264458243715612
60 1.0766926231382385
61 8.931303419469922
62 10.456280166525088
63 9.651951244880125
64 11.16969712258945
65 11.141474279372758
66 10.722810924571565
67 6.006386433420759
68 3.2956886682257336
69 0.46702823461027565
70 5.304185534736762
71 3.2033085723311494
72 1.2502135779924508
73 2.371449926860376
74 3.0935659384050758
75 2.445409059948436
76 0.8720338309143982
77 0.45642933387125134
78 0.3845907841642894
79 2.9369744749577893
80 1.4563096027594702
81 1.0177059809196352
82 1.8199913371894867
83 2.28193571605326
84 2.3324430398455216
85 2.0174346802085763
86 1.8839132974524435
87 3.539864693528565
88 3.178203246912087
89 3.7765585366578143
90 1.8872915605228808
91 2.753147760411193
92 4.285551303702808
93 3.6539431728211396
94 0.36036342141105004
95 0.0021127632963934997
