12 0.0
13 2.007510718737856
14 1.4795113180884167
15 3.3896879257143646
16 0.0
17 2.53778605181355
18 2.6896702048530927
19 0.6830691142100511
20 2.166469985524476
21 2.8488567565403775
22 3.711370283759616
23 4.041409983694463
24 2.9673299221478824
25 0.6071628798446761
26 3.8668726102835254
27 3.568637038813465
28 3.964635683496372
29 4.5882643685044275
30 4.362391003599392
31 2.7770958186884376
32 1.262352746277734
33 1.8918221669136113
34 3.9769015371671355
35 4.061650821149065
36 7.923809360212714
37 3.8214923269590804
38 4.223541860720201
39 2.9108615654984855
40 2.693303045532837
41 6.127339506328008
42 4.459564332374832
43 3.295130696597869
44 2.723368665659125
45 1.6132085744568037
46 3.755721585608955
47 3.0958122148051825
48 3.6823231632769966
49 3.672316603813347
50 3.4094568353356363
51 2.885457287051066
52 2.9274336146664672
53 3.6088566372699447
54 3.04704416751492
55 1.8257140289159681
56 0.5773146721012471
57 0.37248725577477965
58 0.5680293920567392
59 0.3515138002244084
60 0.3363300757787285
61 0.9130539510482385
62 2.173089814604608
63 3.112915607699262
64 3.9437015013724266
65 3.764153691430298
66 6.313911505724535
67 7.443403990193441
68 9.857208882826761
69 9.074335189733711
70 10.381950750204275
71 11.124631438636218
72 8.601443091722981
73 9.636722373427407
74 10.346832735075786
75 7.893951176135399
76 6.493272509224632
77 6.982403071390758
78 7.743079151425847
79 0.035968904033142055
80 0.0
81 0.41528641599778904
82 0.0
83 0.0025204217952868556
84 0.12339441594292375
85 1.000458656102315
86 1.041588683059317
87 0.0
88 1.9494751741276133
89 1.937842429202129
90 9.453266050832983
91 10.608648343908033
92 10.116727309420726
93 9.190088953583016
94 8.098372185803068
95 8.192725449798141
