0.0 0.0
40.77531390930533 1000.0
728.1175208400886 2000.0
1377.0252174437364 2351.092303396328
2024.1316047113692 2703.9859161286736
2704.490995496525 3023.6265253435386
3349.402580042181 3355.088415454342
4017.133136484724 3332.269443557442
4688.899798056843 3328.2333384278554
5338.729152497159 3350.1706455596577
5963.887992963208 3374.8411595339326
6706.921921074899 3256.9660718882924
7681.8246874075285 3025.097233667362
8406.831622918926 3274.9930644885867
9051.21556419072 3355.616058728182
9684.347862381452 3366.8677018092403
10306.328936724092 3378.0189256573517
10885.875237084247 3420.4536996398547
11491.011369884875 3394.86386719938
12094.02294038555 3396.9884294993194
12700.811962734268 3393.2109776512702
13834.661541195946 2866.1504215383034
15122.982347666664 2577.829615067564
15682.919260046696 3017.8927026875635
16233.594815766832 3449.324444279872
16801.634900717178 3431.959915049652
17363.78463873843 3437.850261978744
17910.356376347267 3453.4282623911586
18446.71145223384 3463.644924113437
18974.75759384137 3471.9538583924937
19411.286664752686 3563.47092908868
19713.38144967036 3697.90521508231
19882.587377925036 3830.7940717453266
20817.141743647608 3065.4456342774206
21583.18172692428 3233.9600167233352
22358.844280438054 3224.3374464862127
23094.502460552147 3264.341819885892
23808.128476010428 3286.3739845417085
24560.274853142968 3247.853622867456
25185.69356792324 3374.581285219738
25561.429380040303 3624.264187882939
25775.541546435084 3785.887833605214
25970.538084926804 3805.0034615083105
26236.954971121686 3733.583113805111
27254.633893617527 2982.3210775041734
28183.73394336555 3053.2210277561653
29027.58475270813 3156.1491906574047
29900.11742292935 3127.467329778774
30801.83939752965 3098.278025399682
31677.005456356976 3124.8339411726615
32542.4397111104 3134.565745246586
34161.53633720061 2380.903373909794
34755.658017476664 2786.7816936337495
35049.97967820573 3492.460032904693
35323.44065189632 3726.5390263094173
35593.0448528833 3730.395799013067
35861.736942557625 3731.3079103256655
36179.55611600162 3682.180826555983
36492.008616956744 3687.54749904491
36819.20199399819 3672.806622958548
37178.67496281364 3640.5270311845834
37742.22758511075 3436.447377702911
38837.92690060709 2904.300684503687
40069.31575537781 2672.9118297329615
40765.813991570794 2976.4135935399636
41757.91688890536 2984.31069620537
42483.57238761155 3258.655197499186
43131.55790625633 3352.0144813552306
43744.27061852353 3387.287287732786
44367.005749314856 3377.26486920868
44960.821002257 3406.1847470578814
45463.25468639475 3497.566315862264
47103.74679387731 2359.5078925174394
48039.54835355569 2423.7063328390545
48438.811674331606 3024.4430120631673
48861.21053460406 3577.6011397275656
49321.028367837804 3540.1821667662775
49762.33170358104 3558.696664256783
50197.273992639224 3565.057710941822
50652.03020554563 3545.2437870936137
51146.49581796196 3505.534387583682
51645.75794513129 3500.7378728306476
52177.31704601486 3468.440899116417
52918.57129179495 3258.745754219929
53845.0463457469 3073.524946048085
