0.0 0.0
47.387539673281466 1000.0
762.5379167942675 2000.0
1442.551328314913 2319.986588479336
2117.7415149743333 2644.7964018199345
2812.1749004270214 2950.363016367275
3535.4079859988883 3227.1299307953773
4274.560309433049 3487.977607361191
5030.243508738941 3732.294408055297
5786.624996007239 3975.9129207869564
6506.669146010437 4255.868770783782
7221.152400142715 4541.385516651508
7923.071794490014 4839.4661223041985
8863.122418333534 4899.415498460649
10199.206706869363 4563.331209924752
10875.375863511048 4887.162053283098
11557.020712355381 5205.517204438766
12224.440001645826 5332.580710709555
12916.602203241922 5307.837798403966
13312.386370763024 5604.215832478901
13575.89768234333 5736.488688419725
13890.062945182866 5685.834737160512
14181.856859955247 5708.206085227622
14374.650922487805 5807.205937467452
14583.386515803182 5791.264406684632
15086.609761535807 5496.776754267327
15544.14268916554 5542.467072370226
16080.953594783254 5463.18909438225
16730.616714870106 5350.3368799131085
17346.209590203438 5384.407124666631
17986.68721110835 5359.522379095097
18771.420827108177 5215.266384000217
19567.7199054961 5203.700921612095
20384.526217448394 5183.193688047654
22291.957133235297 4092.569084213084
23196.343092946572 4188.183124501795
24094.548159406742 4289.978058041601
24932.6586328728 4451.867584575538
25579.031345966905 4805.494871481436
26233.40254461217 5151.123672836102
26865.048202835645 5368.354341776456
27384.080534947312 5480.9676678883625
27848.758109895603 5535.322425051756
28414.61800271017 5434.140107185455
29794.077831198483 4620.540171511664
31041.47295073913 4373.145051971003
31778.60080965452 4636.017193055612
32380.46098696151 5034.157015748544
33016.85423864315 5363.606748318303
33539.840749363895 5477.013489279273
34046.682703364226 5493.158045999696
34705.668753864746 5341.013949499493
35467.55763454451 5238.111119320207
37085.998952588205 4381.558681956291
37746.05682679002 4721.50080775442
38107.925395577004 5359.6322389675215
38474.25074069571 5633.674654881371
38805.80270726677 5668.4480334289565
39155.96737465833 5649.835332608436
39544.97833880574 5610.989035852549
39933.921656854036 5611.056681951653
40328.024931041684 5605.896725812368
40726.664331538464 5601.360599503269
41390.92486516864 5335.7394663698615
42620.29450988083 4770.63035528782
43862.334040233756 4528.590824934846
44607.54646398899 4783.378401179565
45740.43681199638 4650.488053172216
46412.36186229649 4978.563002872167
47135.525273988365 5255.399591180357
47795.80746810574 5339.717805882697
48465.5515617401 5330.255906365708
49077.62500652169 5387.926555218408
49624.708249673065 5452.916756848565
51426.903930868335 4197.804318804721
52189.13453632759 4435.573713345501
52589.674500591216 5035.0337490818965
53015.12886801524 5574.545632575982
53470.1298911273 5544.99897688792
53923.313293220854 5546.816597906452
54357.58203199008 5565.731261230766
54814.69873601918 5542.88329597084
55301.897650019855 5512.801085999335
55817.058063312616 5484.839586707289
56357.749068986035 5459.308994326598
57206.4484329451 5151.30063604099
58154.60146759508 5051.846965350079
59320.13567405442 4834.465793540654
60130.6287838019 5023.972683793191
60792.41866028201 5338.210123519956
61445.31472970462 5347.103930577387
62080.252637827914 5365.062091876692
62654.7937795761 5425.4588582517645
63289.552261709614 5365.241517866477
63993.237667082096 5296.314594627539
64642.263600847444 5350.974066234703
