0.0 0.0
68.15707402411755 1000.0
816.9642062389407 2000.0
1674.357151470796 2142.6070547681634
2080.367847041928 2736.5963591970385
2235.8553620638104 3581.108844175127
2409.9611788991756 4407.003027339735
2599.473853581676 5217.490352657245
2802.472270346531 5797.001583235145
2996.3000440615756 5806.172226284956
3173.115800780033 5823.184243281506
3386.3796533879326 5786.736147392091
3628.1320469941243 5758.247606393827
3961.022876897728 5667.1091700964025
4485.895498042113 5475.127378855599
5214.385498643285 5271.509999398876
6804.3535263819795 4410.031972261322
8694.232706874094 3520.1527917691947
9462.818780835361 3751.566717807909
10005.269976302747 4209.115522340505
10533.259647260695 4681.125851382555
11048.07209918387 5166.313399459333
11641.227913164106 5406.844186019751
12333.427868364995 5307.800044799083
13136.72888928195 5196.69897908305
13779.090261412062 5357.6386278699265
14389.770278106405 5389.319983305713
14967.048045960753 5422.722232145689
15953.97206417867 5013.07598178213
16995.861459862426 4958.110604316313
18389.51075579608 4564.461308382688
18864.095539362217 5089.8765248165955
19321.076572881808 5543.018966480405
19777.77691598886 5543.299656892946
20360.88094736607 5416.895968622812
21008.83608128734 5352.044866078716
21582.741916134462 5426.094165152931
22118.09047342155 5464.651442712894
22659.972555463093 5458.1179179584415
23347.48636041821 5312.486195044907
23954.461156367524 5393.025204050702
25057.584595790693 4896.876560576848
26271.973301341437 4682.487855026148
27326.14955471952 4628.311601648056
27830.6750734962 5123.786082871336
28325.334509918095 5505.340563578085
28853.62694405352 5471.707565864556
29451.69390565181 5401.9330384016785
30015.712661457324 5435.9812441944405
30583.49008224603 5432.222579211273
31132.892825072533 5450.59725717346
31646.404659200263 5486.488165872252
32160.65440775176 5485.750251448487
32432.813062134162 5727.841345617603
32603.96267738894 5828.850384745247
34173.87315250295 4430.089524885994
35434.492574964446 4169.470102424484
36589.740752673155 4014.2219247157573
37668.2571204055 3935.7055569833988
38646.97450935403 3956.9881680348385
39550.63270418441 4053.329973204437
40392.92872794743 4211.033949441404
41323.92034545409 4280.04233193473
42461.1325272432 4142.83015014559
43276.01253610934 4327.950141279443
43926.94250817437 4677.020169214387
44593.3289468991 5010.633730489622
45281.02170429047 5312.307242608605
45948.8536075097 5332.168096780758
46568.10945547761 5380.74415203206
47180.1705917688 5387.938863708792
47771.174418267976 5408.996173500843
48369.03592407476 5402.138494193237
49618.4773940404 4750.558530034337
50751.89273767892 4617.143186395795
51325.78421279203 5043.251711282649
51869.406085763076 5456.378127028958
52416.99696957184 5452.409116191256
52956.58595712728 5460.411012444618
53527.93825491076 5428.647702216534
54096.83833251322 5431.099922397552
54623.97536758793 5472.862964925334
55029.319572818975 5594.655794768958
55278.56000332241 5750.759569496547
55448.32463034553 5830.235372976879
56321.11202704348 5127.212603302054
57063.606804503725 5257.505222539763
57820.52758343936 5243.0792210643785
58566.05435660409 5254.473226835308
59306.9893739649 5259.064982639257
60058.30485521115 5248.684518753787
60702.60666376252 5355.698191448637
61025.88983480358 5676.7168289589035
61241.1982416275 5784.691593176025
61457.71830754027 5783.479934087149
62071.50313942589 5386.215168114291
