0.0 0.0
26.840433504047184 1000.0
701.5886014557937 2000.0
1321.1323897739844 2380.4562116818015
1908.8084819333926 2792.780119522419
2500.240089326465 3201.348512129364
3120.0594168115945 3581.5291846441983
3843.270023169898 3858.3185782858513
4511.255881326754 4190.332720129014
5158.163724209774 4353.092157117006
5809.438625495555 4348.725098714209
6455.50752218958 4353.931103305986
7522.419779002154 3933.08774318745
8889.92086875338 3565.586653436263
10047.212923065315 3408.294599124312
10795.008967273823 3660.498554915795
11865.772668737824 3589.7348534517987
12533.747511371674 3921.76001081795
13234.314766097144 4221.19275609249
13859.152559778082 4375.162206319053
14497.024932117605 4362.127627660486
15110.353057060549 4386.671875057078
15654.796003705207 4455.557053355358
17263.354294298704 3391.4417094064956
18236.45179803688 3418.3442056683452
18651.85474055543 4002.9412631498394
19093.022497926708 4558.832242628759
19576.234676845088 4516.787821081642
20037.904683711724 4538.329993133382
20480.498904918215 4557.405778793507
20934.339439881598 4546.159465036642
21411.392302662498 4522.947137219131
21896.67190197746 4514.720400685041
22404.190112645294 4492.481789332164
23129.73420114573 4274.455911499575
24047.09674809967 4082.637453046095
25139.676608050268 3907.420140049412
25964.564636324783 4082.5321117748913
26587.55960011572 4377.005036209053
27200.08688887723 4387.472711238475
27817.912618494676 4382.174270382564
28361.071701999514 4456.8409164951445
28923.282907097542 4437.788794901955
29617.50060467534 4305.782302422199
30276.99714936455 4340.503455310781
30966.283261125478 4310.713888239059
31732.821703011065 4233.461558114422
32416.561265895736 4316.260437115354
33042.69466118428 4373.866604711463
33645.84792011748 4396.8467410668145
34311.77167664867 4334.0762434688295
34971.08120021811 4340.6904764305655
36767.23586914247 3203.8453310756404
37905.26120765214 3065.819992565968
39096.11467264361 2874.9665275745024
40205.02217854975 2766.0590216683368
41161.99430164696 2809.086898571126
41990.89939664295 2980.181803575142
42879.33321652987 3091.747983688191
43751.77259018731 3219.3086100307028
44553.46659873178 3417.6146014862247
45246.70895011489 3724.3722501031084
45924.01682041909 4047.0643797988914
47268.36911442914 3655.647705989939
47962.52213527292 3961.4946851462028
48679.05821648065 4244.95860393851
49414.21592867358 4264.842287807042
50119.51392966329 4294.7019990102945
50781.424488884455 4338.089440778875
51414.8621533323 4366.562335552153
52044.05846820562 4370.803685126668
52652.84423288899 4391.214235316629
53302.074074440534 4350.77015844846
53965.963892766296 4336.110181674265
54920.8480860156 4045.11580675073
55696.322608150396 4224.525477865225
56212.68376230015 4483.638845850237
56567.833910067544 4644.849852232586
56769.22707198324 4798.606838084319
56979.71110358273 4789.515968400524
57216.243062786496 4763.468040796219
57459.22416843405 4757.018894352432
57830.334843816214 4628.889324617859
58295.46987521322 4534.864968603046
59294.02698802389 4001.442887189366
60762.4344225702 3531.5925654536745
62313.62993865092 2980.3970493729284
64049.67031924339 2244.3566687804387
65311.3338494632 1982.69313856061
66465.98684472966 1828.0401432941305
