0.0 0.0
66.00713882985744 1000.0
834.5761111749366 2000.0
1627.8809003808558 2206.6952107940997
1900.841835987996 2727.0390643928818
2068.2960522285784 2832.545783759442
2235.996072856201 2832.299979372391
2387.5824656323134 2848.4136072239044
2583.5277805117585 2804.054685120539
2786.962825887447 2796.5649546243108
3013.58386765595 2773.3789582314985
3242.2335350983612 2771.3503325575675
3581.897943006079 2660.335592092271
4518.422848587051 2063.475094419018
6365.602720770684 1152.8201278163642
7382.729293082613 1135.6935555044377
8018.988462623742 1499.4343859633077
8562.200694185796 1956.2221544012586
9092.834746770204 2425.588101816853
9678.608402918293 2414.22634385192
10362.041124405816 2316.5672785124752
11158.0379509799 2204.00317342592
11789.438252018632 2368.599698961273
12398.227235412302 2391.211016606334
13004.512479315012 2393.7147560972962
13972.727773942892 2031.784705372114
15025.20871025545 1947.5190636874286
16423.428439475323 1549.2993344675542
16928.16140377431 2044.5663701685796
17409.993518254472 2518.167885519843
17909.05692081672 2500.936597437757
18513.758113506257 2395.2988073104793
19200.798083124173 2312.9600303821026
19818.29121477733 2382.5068683468544
20364.427262950972 2453.863951826359
20940.244564163404 2424.182698787582
21701.83885972702 2238.405704436398
22378.977570014624 2322.861289712411
23577.74314514046 1801.234424874172
24883.340207894966 1495.6373621196508
25838.940142083888 1540.037427930728
26379.269023246747 1999.7085467678805
26901.70760596176 2477.2699640528735
27464.62912515604 2437.0784808057374
28112.14792334741 2352.4812018086423
28740.45491031127 2371.693013036133
29374.33530693387 2366.1196033773986
29958.634168760927 2415.7011381729417
30493.709967485032 2464.9242012758746
31034.939237442995 2458.770730042022
32957.06373981391 1077.8754976290854
34960.549644693805 1000.0
36302.89940141433 1000.0
36709.2884197689 1593.6109816454307
37111.13968333082 2191.7597180835046
37435.78547213382 2675.3542111969973
37755.303853168356 2680.481618965495
37998.15384563097 2757.1500075373815
38317.765326751396 2680.3885188795584
38577.9070534565 2739.858273294886
40043.09492266571 1534.8121307907854
41219.629297778105 1358.2777556783906
42329.690020574446 1248.2170328820596
43433.661277578016 1144.2457758784856
44341.686342530535 1236.2207109259684
45346.99911542988 1230.9079380266305
46245.787758485036 1332.119294971486
47162.403202184454 1415.5038512720782
48107.34554705073 1470.5615064058056
49105.805295609454 1472.1017578470749
50124.00359172058 1453.9034617359487
50853.90645880028 1724.0005946562385
51456.86990006551 2121.037153391012
52138.795681257885 2318.0742188076074
52802.8472451512 2335.948436106679
53423.914355284694 2378.9328898665226
53984.53592114918 2439.3784341354926
54216.072467273254 2768.4634538759065
54447.39508806805 2768.677379205219
54796.22108310735 2651.174004960705
