0.0 0.0
35.63924075731661 1000.0
715.6167706022227 2000.0
1711.174294333327 2004.4424762688816
2458.729025753546 2252.4452685797824
3004.151206714509 2454.57781903903
3511.0663122768156 2493.0848944376976
4036.7175601398058 2474.3487521370116
4689.239629858051 2347.477930281752
5306.656889113044 2382.582740745011
5815.479882211888 2491.177006901143
6336.104638402262 2479.375243809606
6939.006481105911 2397.0981572963474
7593.467669265263 2345.5388118406604
8915.043857989098 1678.4238112761661
9677.212580694446 1916.2550885708258
10341.268027372804 2252.199641892471
10954.178269724924 2387.0897576478874
11523.84716183896 2430.3311078859715
12108.5541776103 2415.2929842286667
12627.47611339141 2481.078064218883
13151.03937846723 2476.436734924177
13745.438096366679 2405.601282100566
14283.947414219576 2461.490682147116
14902.338029996272 2381.6093842233017
16328.467599480533 1573.8704305157296
18264.431512539893 1000.0
19215.47334997646 1048.9581625634407
19704.047897279972 1560.383615259924
20189.06658960574 2075.3649229341336
20670.563360548684 2518.5032290570784
20996.302307675473 2674.261052873191
21317.81872976343 2678.483577912036
21757.881508094375 2559.9372216690645
22187.293173675072 2570.588334419293
22542.61268367742 2644.6804899976423
22941.16536058273 2601.4473230947033
23434.065966964055 2507.099393618677
25366.723175252744 1067.3427917113097
26600.166776058795 1000.0
27391.43996262895 1208.7268134298447
27719.958931807007 1880.2078442517784
28056.587641686318 2543.5791343724504
28399.161445653346 2657.4261960329745
28704.09024584232 2695.0711998110246
29014.49670764963 2689.5935381926965
29336.25680182809 2678.239905821538
29748.333504747352 2587.923297080739
30103.96078296395 2644.3727217834266
30977.61162924867 2126.349153715272
31220.332374373185 2757.2792548754796
34060.42354378404 1000.0
35971.417286197226 1000.0
37640.58637481698 1000.0
38912.98525479571 1000.0
40016.78874501806 1000.0
41413.43144904173 1000.0
42495.07168436588 1000.0
43289.235053028475 1205.836631337405
44057.28413659864 1437.7875477672462
44859.02537558063 1636.0463087852409
45556.01151144256 1939.0601729233126
46240.335614425545 2254.7360699403202
46901.73871032724 2338.59690409831
47558.76135394039 2342.977356386863
48202.34619284215 2356.415161098228
49221.16241667671 1981.1837761654447
50795.372021363306 1406.9741714788486
51473.36441036539 1728.981782476772
52118.87855007336 2083.467642768818
52742.43783599642 2376.4407140769526
53375.90344851123 2366.5343874851947
54007.34572461156 2368.557723899663
54662.11446430597 2345.2312603055934
55287.39725146101 2374.7172128449456
55828.14828923239 2459.248962228605
56205.08055330059 2623.0677359317797
56367.67195315983 2837.408600140784
57464.04310394713 1903.6288492127007
58243.396158693984 2124.275794465838
