0.0 0.0
42.17621412080638 1000.0
751.3251477734382 2000.0
1425.9889513341034 2325.3361964393216
2108.664200988278 2642.6609467851395
2850.2939097648 2901.031238008599
3444.7920414573528 3306.533106316049
4052.6340639816963 3392.157977475666
4668.19859743476 3384.435466546949
5292.005338545981 3376.1932588887903
5886.622431124692 3405.382907421292
6626.858420081412 3259.76401104325
7617.362653601611 3009.4957664797766
8419.473137758085 3197.8895158435057
9118.304219069641 3301.1689186884264
9814.789914066536 3303.514305003097
10215.494877327103 3599.295036739433
10464.365015661939 3751.1298616651566
10638.874625759645 3825.4903899023147
10846.73272945289 3792.141896306747
11091.058778309385 3755.6739511435403
11325.787734518295 3765.27104379112
11649.99370514062 3675.794029377648
12757.772433328826 2892.2212718117753
13901.893701303117 2748.1000038374596
15042.637855832623 2607.3558493079554
16328.678121706767 2321.315583433805
17513.24121447358 2136.752490667014
18490.703728045362 2159.2899770952336
19378.30066586961 2271.6930392709846
20351.581594928506 2298.4121102120876
21419.767539911005 2230.226165229582
22228.266451309533 2421.7272538310563
22965.600773082308 2684.3929320582783
23682.531288053575 2967.462417087023
24402.888344475563 3247.1053606650107
25140.47075105765 3262.417593417908
25898.17159286621 3242.2991581914816
26564.854412330675 3333.3171805355432
27280.551571877764 3284.3028404529196
27876.50788299038 3404.043688887401
28808.37627452887 3068.1316084615205
29724.120281434487 3084.2559930943617
30448.720269838544 3275.400011595935
31181.06392240272 3267.6563474358395
31916.82077683021 3264.243145572509
32522.418795636095 3394.401981194111
32930.527852914136 3591.8909427219623
33220.55584608929 3709.972006824844
33532.236375410976 3688.319470678311
33859.89359487942 3672.34278053159
34124.765784142786 3735.1278107366325
34263.376254563904 3861.3895295788743
34442.300736335696 3821.0755182281773
34687.02159931314 3755.2791370225605
34964.77378725179 3722.2478120613478
35308.64654019495 3656.1272470568165
35683.905526861425 3624.7410133335097
36224.15518644614 3459.7503404152726
36960.76857018554 3263.3866162606023
39338.22606492144 1622.5425052640935
40491.56108819405 1469.207481991473
41078.22969067064 1882.5388795148933
41591.32044978089 2369.448120404646
42078.56610612136 2882.2024640641653
42601.19309023287 3359.5754799526603
43139.105537670584 3462.0875525622832
43782.65759020734 3356.4479474632362
44446.27181052793 3336.3857796794227
45064.59801494907 3381.6737955788653
45663.224629744414 3401.3733852046385
46654.29013521425 3008.934494530158
47711.53519044453 2942.754944769715
48330.494548681905 3323.7955865323534
48890.61126503226 3439.8832836496517
49553.92058414206 3336.6906808902204
50057.48688749521 3496.43369664687
50506.271115103904 3551.215772391302
51081.3837964144 3424.8873186895134
51649.292912153214 3432.0908842611702
52424.4202456871 3224.8726664661044
53109.09336444271 3315.326881244383
54482.29140557334 2626.8019588693805
55389.538164977865 2719.5551994648504
56106.262020792514 3002.831343650193
