0.0 0.0
17.743764500070483 1000.0
696.8990057691406 2000.0
1428.1628336078895 2268.736172161252
2160.080409560307 2536.8185962088482
2852.860190570237 2844.0388151989173
3445.7171649484108 3251.1818408207255
4138.942799233051 3306.7743657153464
4911.051354411395 3227.891444821643
5846.2219746423425 3064.8293797690444
8506.448170076017 1339.7738045663223
9524.687975746852 1321.5339988954747
10084.288460482518 1761.9335141598076
10575.135929719767 2271.086044922569
11074.15669296068 2772.065281681652
11626.944654545166 3219.2773200971656
12199.345906931474 3427.598747613693
12884.014230327866 3315.3316766035964
13620.19097859796 3263.823251729913
14300.061391824504 3320.1295867734684
14960.390392520954 3339.6709993035192
15960.191745171838 3000.1986473490924
17075.416568950353 2884.775176221473
17698.558417958597 3261.633327213255
18274.80078152916 3423.7576364294396
18967.48477204443 3307.316009484744
19484.171643174188 3483.313128870286
19946.95160984234 3537.2200333318633
20539.72038242892 3407.2312274134306
21133.693095383966 3406.0272870449367
21905.34780203737 3228.345293346568
22631.51444957313 3273.833352464226
24037.485948487043 2594.028501086076
24982.49132667686 2649.0231228962566
25733.636120698236 2897.8783288748837
26320.608676198714 3310.9057733744394
26845.185616743616 3475.4230594551204
27449.91010017721 3395.2755165664285
28024.93652929339 3424.973570883823
28504.56736575625 3520.3691635371265
29013.978843356384 3490.5885223998525
29532.50759710194 3481.47124625443
30029.90636665694 3502.6012304449782
31466.399539123402 2563.506827533536
32563.224346335785 2466.682020321152
33471.253174715595 2558.653191941321
34241.270518492434 2788.6358481644925
35009.84530516158 3020.0610614953625
35650.257363524026 3359.5879416375515
36307.34774084418 3342.9096226798465
36903.56045547571 3403.787285368496
38610.975764673014 2292.5846908026915
40601.46480710246 1302.095648373271
42248.543765130256 1000.0
42682.49066574649 1566.0530993837688
43138.67691847467 2109.8668466555737
43508.879170373 2739.6645947572197
43866.43423757481 3382.1095275553917
44205.42147487293 3661.0127627018396
44456.90747009906 3748.5140047738573
44784.82459615132 3672.0828739477383
45058.176736794565 3726.6478593567927
46779.04274586583 2279.133990928747
48237.339501623304 1820.8372351712865
49529.514348712815 1528.6623880817674
50634.49821876922 1423.6785180253578
51763.4747262802 1294.7020105143918
52758.71991099649 1299.4568257981055
53763.83503105842 1294.3417057361833
54833.04260480879 1225.134131985823
56010.48399110297 1047.6927456916353
57099.78249505794 1000.0
57724.88059076543 1374.9019042925017
58392.96121880565 1706.821276252294
59089.86596496352 2009.916530094409
59782.95152677242 2316.830968285505
60444.598116531655 2655.18437852628
61124.13448167449 2975.6480133834525
61734.86308375144 3364.919411306475
61995.48428443905 3739.3787993124274
62265.22055117457 3730.2637332644895
62674.19535624712 3591.025194927406
62878.03402792388 3796.161328323246
63218.67746713137 3659.3565607924916
64439.84359475202 2778.8338723793527
