0.0 0.0
26.452898833031334 1000.0
705.8473480033725 2000.0
1291.5496057347864 2414.2977422685904
1860.2529971038969 2845.5943508995124
2420.6209464368967 3285.2264015665273
3058.4678172183876 3362.153129218479
3695.0396991848816 3363.42811803351
4304.0509078295745 3390.988791355334
4925.9694797784105 3378.081428051153
5558.4243205455705 3367.545159232843
6566.789713570772 2991.6346069748192
7878.2315898568595 2680.192730688749
9062.868058991427 2495.5562615541826
9788.655109095955 2769.7692114496376
10857.147010088296 2701.2773104572684
11493.365101249161 3065.059219296417
12166.49373078227 3326.871370466914
12791.485238089908 3375.0084926923564
13412.97518405725 3378.51005403266
14009.618672310233 3403.356511747041
14530.539690122721 3479.07898218752
15948.367200953515 2582.172489169202
17069.332931744706 2461.2067583780135
17453.378663410298 3077.1610267124624
17852.149198541694 3601.2294648686384
18281.954283484498 3570.1949150572136
18707.738218542007 3574.2160649425073
19102.69657217707 3605.0416463649303
19513.02595403316 3589.6706181439076
19951.327471881053 3561.6984821521314
20428.195842856083 3523.131629024978
20933.73303835844 3494.4628044976357
21670.181986403055 3263.551051955398
22589.580296833596 3080.601689569481
23691.663852235943 2897.9164445976794
24504.911433517373 3084.6688633162426
25133.322585431677 3371.5888480856906
25726.809851628932 3406.512733802742
26315.60345545185 3411.206396177086
26853.61163401764 3461.991821434208
27405.057273214432 3448.5543608031967
28079.43305689028 3325.6242163241386
28709.80557149764 3369.6274853926348
29384.32187135609 3325.4837001415476
30140.371606736982 3243.9502646191113
30802.881116296037 3337.4904904409586
31396.837175544846 3406.043940751198
32012.97104105245 3383.866134492402
32668.347529027866 3344.6235120246015
33322.663129740016 3345.6843992878535
33790.398080092215 3532.265049647802
34109.94837160921 3680.449708482992
34507.67473048794 3602.273641121244
34980.60684604906 3527.06788443887
35509.9367836019 3470.670062447138
36014.38762481056 3495.5491587913334
36566.937096415844 3447.4505283947174
37198.27140683447 3368.6656895813703
38001.59661197249 3196.6747948619654
40355.919181993886 1645.6774299786157
41552.89237525516 1448.7042367173349
42092.22005451502 1909.3765574574716
42569.45045642721 2432.1461555452847
43019.805359287435 2981.791252685037
43503.73358270622 3497.8630292662356
44007.7683718617 3495.965210844516
44653.042032528436 3354.726339333254
45312.59901243881 3340.4430200896413
45979.105212903065 3333.4937995357473
46608.431590705775 3370.67362219726
47572.64425435307 3035.7873363526874
48627.16808625297 2945.4761681000873
49264.45821891229 3308.1860354407786
49824.52930362524 3439.9289152870547
50465.15297253193 3359.376331093334
50980.91679143604 3484.236181095905
51412.06799979572 3568.84879164032
51968.09243737541 3443.9755624203262
52531.08073682941 3437.011700545978
53244.99240257741 3286.0883342519787
53943.61863883594 3301.3737637414683
55288.52765906603 2655.0909797699132
56201.0829842225 2742.535654613439
56909.55046473812 3034.0681740978134
