0.0 0.0
44.3258514719051 1000.0
740.2397739781317 2000.0
1378.542332847904 2361.6974411302235
2002.5169897773426 2737.7227842007997
2660.424992077168 3079.8147819010014
3329.8675663544227 3330.5574257227477
4046.1194162275947 3283.7481501268085
4737.856859070913 3308.2625571566723
5373.916437456411 3363.9404216145176
6026.672481436293 3347.2439560201406
6855.302841556273 3171.369639880008
8153.112625687564 2702.1902158686908
8761.114619237322 3094.188222318912
9369.772256544227 3391.3423626930803
9981.541503174612 3388.230753369605
10614.253882811388 3367.287620363215
10996.522780444882 3617.731102366515
11227.99744043471 3768.525340010204
11492.012902618106 3735.984537816588
11779.283137525446 3712.729765092658
11965.564578833633 3813.7185586918163
12169.130527853926 3796.4340509797066
12654.856567865385 3514.2739599885294
13083.581750028698 3571.2748178367
13612.990487007202 3470.5912630214734
14207.274033103518 3405.7164539036426
14785.467939040516 3421.806094062999
15370.30036601499 3415.1675730255133
16058.159232844111 3312.141133170894
16785.24092915278 3272.9183036913455
17587.66423351907 3197.576695633722
19430.043562504583 2157.6206710144847
20321.869883046424 2265.7943504726345
21130.216712715497 2457.44752080355
22014.55580238648 2573.1084311325685
22590.197764506906 2997.4664690121213
23206.05267356236 3381.611559956669
23797.040491655123 3409.012181907243
24276.97964842335 3520.060843231765
24707.578848488734 3569.400799934596
25239.90715227971 3467.6716962090172
26523.395912781478 2716.51123949823
27759.878762884426 2480.028389395281
28514.72530048393 2725.181851795771
29072.257047159725 3167.650105119981
29656.213394882667 3416.043652277066
30176.340229980156 3479.873164902512
30672.058941482202 3504.2812884979535
31278.575708792087 3393.483232690121
31976.12998034251 3302.4457284495797
32351.60768482322 3624.5222955192917
32547.817699328098 3803.789985495114
32783.119595654316 3764.698103673763
33124.54013998356 3658.5794556707433
33528.83230429884 3595.7078356847096
33934.053110084846 3594.779194213978
34365.71827020055 3568.33483988428
34916.049678684314 3449.6685915162398
35619.630202021646 3296.4194766626547
37782.2426208926 1837.3875811290518
39073.13378039268 1546.4964216289586
39647.97479751013 1971.655404511517
40137.83355672537 2481.796645296279
40576.27413386875 3043.356068152874
41042.951348350434 3533.3227855182904
41553.57925028867 3489.3720980617613
42199.59983903396 3353.9794112547056
42878.099653395904 3321.5001856380595
43462.59485444686 3415.50479894906
44060.43324597079 3402.1616084760435
45015.1641310029 3045.269114967877
46069.30268956571 2945.861441437176
46701.10351164359 3314.0606193592994
47273.24867804305 3427.8548336005592
47922.27069563411 3350.9779824089537
48423.217501778745 3499.053193855373
48871.04925928492 3552.1682424938294
49430.767435364854 3440.281823920075
49990.79134931371 3439.9760860511306
50744.871341472615 3245.920007841084
51431.39496740491 3313.476374067707
52778.790625302216 2652.604342102699
53679.30182756377 2752.0931398411376
54381.694228136235 3049.7007392686824
