0.0 0.0
65.54712124699898 1000.0
831.2658635982939 2000.0
1670.1578271434328 2161.1080364548807
2075.482651324101 2755.783212274219
2232.6999868399 3598.565876758381
2401.376135587632 4429.889728010627
2592.6434901690714 4808.732645418553
2771.9101787570594 4820.73331141201
2939.5062834974533 4832.403895259609
3132.7782931278616 4806.727990369594
3342.6073992420265 4790.170893885819
3608.5657134265025 4734.0416858155195
3940.6120589798998 4667.953654446605
4551.029792871667 4389.58226610824
6189.56241303678 3361.4673798349045
8042.982504975711 2508.0472878959727
8801.219075995117 2749.8107168765578
9344.167300417268 3206.8624924543915
9877.165081695453 3673.864711176201
10406.095290192266 4144.934502679389
11003.013592912683 4403.08169727959
11692.873908158661 4310.139684754012
12475.160623186232 4217.713284972431
13088.305418779319 4386.855204406944
13677.409582152986 4410.895836626343
14267.793802905313 4409.615779247681
15242.57583675825 4025.217966147064
16266.489970263534 3976.0858664947127
17660.198791823263 3582.377044934995
18148.824003763497 4093.7518329947748
18602.974457196553 4545.849546566929
19055.711907495483 4547.262549701063
19566.741572240946 4488.970335254562
20213.782559091 4352.959013149958
20796.14754625244 4417.635012838551
21298.646841204456 4497.5007050479635
21823.93032774054 4474.716513463917
22504.87788745796 4319.0524402826
23124.735188142717 4380.142699315253
24281.789667969315 3842.9455201734168
25449.06446112902 3675.670727013733
26482.951697977525 3641.783490165246
27011.5526609936 4113.182527149191
27506.99768858135 4504.554972412247
28032.81242222681 4474.1852663545405
28631.333763993145 4401.478658233679
29221.673408129478 4409.660355863666
29822.519967088083 4399.153441041406
30370.574985812353 4451.944981275725
30861.141453846685 4509.433531965643
31366.020707557956 4495.120746288713
33194.63238250605 3171.388325051899
33835.03239718005 3530.9883103779184
34296.15317711006 4069.867530447929
34726.775198624986 4569.37797848511
35132.18438486913 4594.590813755869
35582.71782589532 4549.466558973774
36032.809011784106 4549.908814111229
36450.88881085435 4581.920200929771
36905.698157639454 4545.190653214897
37358.86736819607 4546.8307894433965
38206.05962128485 4152.807746911243
39430.051297230086 3776.008324054788
40544.08414926545 3661.9754720194032
41201.4965817386 4004.563039546256
42199.98549165084 4001.511090087739
42886.783305455196 4313.202186195649
43581.34823422859 4305.435071226617
44171.51932973841 4409.82890449017
44777.474437287434 4394.044892451002
45335.96653487421 4441.507902413232
45835.93153828403 4500.034996590177
47954.65502188778 2881.276516396239
48350.887407277216 3485.0441310068436
48744.249391433324 4091.6821468507746
49165.290452656176 4578.958938777184
49613.327367078346 4551.9630855778505
50041.58255487748 4571.7448122008645
50469.31123874971 4572.271316127768
50930.020310739776 4539.290928009949
51404.091750637956 4525.928560101836
51900.954586681895 4503.137163956069
52426.363331722496 4474.591254959392
53304.27650283921 4122.086828883295
54216.02585544119 4088.250647398053
55346.18283532736 3869.843020113854
56098.45359210434 4117.572263336867
56695.26229266913 4403.191299435202
57288.35823273424 4406.904059934883
