0.0 0.0
32.81327933801097 1000.0
714.4564343693914 2000.0
1720.2874091898739 1994.1690251795085
2439.0467508403617 2275.4096835290247
3045.3504634803635 2669.105970889016
3546.641056506087 3167.815377863304
4069.6747448251754 3644.7816895442065
4608.620706557161 4105.835727812213
5165.10404834159 4549.352386027792
5712.1333830572175 5002.32305131216
6400.711921181108 5311.42146187611
7061.545359273101 5339.166561907979
7601.372090752505 5460.173268520559
8174.908137980632 5426.463952771903
8841.886248889614 5333.021889091034
9567.12436155738 5274.761887332214
10918.117353185622 4649.007008371707
11668.649307224483 4898.475054332859
12320.827354731438 5246.2970068259365
12906.706566900708 5414.120787830754
13450.524771834545 5456.181795066124
14004.32209665049 5446.202675184048
14515.443435868548 5488.87866078199
15031.127610758273 5484.315825110313
15630.807294090268 5400.320316668038
16154.674828910807 5476.132465179483
16737.988753281123 5416.686075629708
18127.40755415405 4610.5811991270475
20059.35295895825 3678.635794322889
21044.940614187817 3693.0481390932946
21535.63549916568 4202.353254115402
22023.821506288008 4714.167246993036
22530.482631824867 5207.506121456108
22959.468170913515 5571.014460911271
23301.900034883012 5657.568136030453
23614.65265165886 5687.2473832242285
24043.303440353757 5571.349211305096
24447.471503106277 5595.831937247478
24851.291913548273 5596.179589558021
25351.482667028424 5499.809246519801
26758.562986039567 4592.91968098884
28085.21255567776 4266.270111350615
29157.382991206854 4194.099675821529
29775.904179953093 4575.578487075263
30101.887588515285 5249.595078513055
30431.400801022948 5670.486787492287
30760.933399311 5670.467401711976
31062.93726789872 5697.996131412276
31360.151060900178 5702.786206998554
31686.0258838059 5674.1251770942845
32075.38308231396 5610.642801491919
32738.966331696938 5336.416750617015
33191.989774100475 5546.97655759647
33444.93951764936 5747.050256451156
36137.725511459445 3307.214006189908
38175.063044523915 2269.876473125436
39866.27495497441 1578.6645626749334
41086.43759359743 1358.5019240518989
42353.46782013864 1091.4716975106842
43877.70380965603 1000.0
44831.18426542602 1046.5195442300023
45702.66187090482 1175.0419387512059
46549.635311929094 1328.0684977269264
47263.43511175863 1614.2686978973902
47909.04000331871 1968.6638063372939
48542.12605479028 2335.5777548657197
49255.704197295345 2621.9996123606625
49965.23492983026 2912.4688798257475
50579.58507312952 3298.1187365264873
51226.131838892674 3651.5719707633307
52243.326050114934 3634.377759541026
53848.25062923042 3029.4531804255153
54544.29454596519 3333.409263690781
55203.93291586523 3673.7708937907382
55849.83557242844 4027.868237227513
56502.71785262654 4374.985957029421
57131.044001234724 4746.659808421218
57743.156308726015 5134.547500930006
58417.65899684233 5325.497311883685
59066.39130027019 5351.267696572168
59644.195569739575 5422.195730530708
60044.13168089277 5600.06388884684
60236.04247675893 5808.0892041338475
61566.38458281781 4669.657893941118
62324.25002970692 4911.792447052019
63078.22744378413 5157.815032974853
63862.54041508049 5215.687028703676
64611.469634989495 5251.070780091033
65363.232238732286 5248.237396257308
66140.56645855961 5222.665780172693
66734.93209848508 5405.634360074503
66948.66642729606 5786.265671188967
67132.55394826103 5816.11247903493
67390.04362305914 5742.510325201764
68559.24961277236 4830.794010286714
