0.0 0.0
39.091750838141486 1000.0
751.5733204083377 2000.0
1381.9954027406557 2369.5779176676597
2037.984957609614 2344.0104451310285
2714.88008877041 2323.1048688391857
3396.501804516733 2318.3782842536457
4063.8002659750246 2332.701538541689
4706.460272772471 2357.339993202533
5341.613927673876 2364.8463450985814
6124.379059624915 2217.234868048963
7177.932477525506 1946.4465820994114
7916.080030253546 2208.299029371362
8585.10014232788 2330.979887925672
9270.768158844132 2314.331983483742
9932.60203369973 2338.1661251443866
10556.059895246828 2376.5421384528927
11204.185870843487 2351.8740244033525
11808.788784702696 2395.3970861407943
12438.137552918843 2370.6512317838497
13695.163606606067 1742.9739463127721
14901.489035827619 1536.6485170912206
15536.830535769224 1901.3070171496327
16138.64905967433 2299.4884932445357
16747.48179438092 2391.1672652934303
17351.481363657997 2396.0004307229274
17962.168439255118 2389.312924402883
18564.71459434053 2397.453844914583
19139.915501232867 2424.7990931076615
19578.214002281817 2561.701498951035
19872.45170792211 2705.7622943597
20050.343991668706 2822.1077162534343
21001.634324144907 2048.709667523786
21783.58316168522 2218.051162459682
22576.51029251796 2207.0728691672575
23359.47315869403 2217.037133823942
24128.695509357894 2230.777649336156
24912.667877820804 2216.0276315371175
25588.688275050627 2323.9796027701805
25960.684630955977 2628.00364409465
26188.214744187488 2772.4698867685
26396.23500983044 2791.9797343570626
26769.152257393565 2627.0827524368833
27795.176361898146 1973.975895495421
28733.773800060466 2035.3784573331004
29606.04335535934 2127.7304447011265
30491.949384615873 2114.093970743465
31385.936839046295 2106.0125455695734
32240.11414821315 2145.8226908331512
33108.48824593177 2131.625902281397
33483.51587239365 2624.9723735381094
33670.7244250334 2812.7914473602273
33877.88247265236 2792.84195238102
34112.96261808507 2764.9198545672807
34397.43528816067 2715.527329924422
34699.62070017142 2697.8145879892463
35017.02514061936 2682.5955595520695
35458.84988116663 2558.1752594527193
36052.459425308334 2406.3904558582844
38131.67486137403 1000.0
39507.49865737211 1000.0
40081.28620704493 1426.2124503271802
40587.92669677025 1919.571960601857
41060.56026172462 2446.9383956474876
41573.113358769755 2487.446902954859
42103.839943287145 2469.273415482611
42820.341818429464 2283.498124857693
43461.2657779585 2359.0760404709563
44085.55834381615 2375.7074341423536
44663.529029590194 2422.029314225954
45742.71979993016 1920.809229660042
46615.38551089016 2048.1435187000525
47147.97495415548 2467.410556734704
47776.05737654446 2371.917577611025
48476.08813507741 2299.9692414670426
48879.16475305246 2596.923382024949
49453.50216536851 2425.662587683956
50031.47321177632 2422.028953592201
50604.38876742894 2427.084444347383
51483.76744274405 2120.621324684881
