0.0 0.0
25.94750754528637 1000.0
646.7623143622113 2000.0
1312.1316522141524 2334.630662148068
2017.0081559163064 2295.1234962978533
2650.3126312056725 2366.695524710634
3297.2999811742966 2353.012650031378
4076.675952022616 2220.624029151676
4964.560476168851 2112.1154758537605
7395.745078840178 1000.0
8603.841729271671 1000.0
9200.44224965261 1403.3994796190623
9715.445749002138 1888.3959802695313
10202.57152828042 2401.2702009912528
10741.783328010471 2460.7882002699353
11331.395711480991 2410.387616529487
12091.849011685888 2239.546699795107
12776.834308422352 2315.0147032635314
13427.576599334703 2349.2577090876457
14048.263913154293 2379.312686180413
15142.137323178533 1906.1265899757682
15971.00717274061 2077.256740413703
16500.636584574466 2470.370588166165
17132.19531625061 2368.4412683238616
17815.243393350313 2316.951922900292
18194.96649186088 2620.2769014894347
18760.00758086059 2434.958911000298
19320.12601018013 2439.881570680475
19892.30105499544 2427.8249551846925
20750.512588043945 2141.788466951494
21362.855885926645 2387.6567021172905
22742.141781558825 1620.7141043678125
23554.118326477354 1808.7375594492833
24230.47961876799 2132.3762671586373
24771.78147695006 2458.698141817927
25323.304324868095 2448.4771520819604
26011.52182500685 2311.78249986123
26505.426140861808 2506.0956841450507
27027.954466118183 2477.471674743636
27578.432796729394 2449.52166938877
28046.949219927716 2531.4835768016596
28584.06026582134 2462.888954106373
30166.058009605556 1418.00225621579
31099.299378860258 1484.760886961085
31883.866139655493 1700.1941261658444
32637.981994546804 1946.078271274534
33368.35183601042 2215.708429810932
33929.049083591424 2439.302752419024
34648.05715244261 2280.991931148791
35168.03654957438 2480.0206028682383
35456.548344716866 2711.488204857539
38211.96514474173 1000.0
38603.9220996519 1608.0430450898184
39035.24470257891 2176.7204421628294
39434.25039985123 2600.9943027276877
39758.03132497571 2676.21907487553
40128.70422215018 2629.327102825513
40479.87082535716 2648.8333967930007
40904.787457455575 2575.0833679015923
41296.61168378665 2608.1757736689124
41764.38542754574 2532.2262562408946
42278.57250296952 2485.8129245762293
44122.10805129704 1156.4644516724725
45724.887819387026 1000.0
46448.4359924313 1276.451826955722
47024.13282780555 1700.754991581478
47578.86971367145 2146.018105715586
48132.8600077713 2446.0097059001578
48810.01705037818 2322.842957393117
49593.95406894689 2216.0629814312842
50347.26156672065 2246.6925022262485
50967.73255414484 2379.5290125758174
51600.20567885172 2367.526875293125
52287.12849324598 2313.07718560574
53408.39774083022 1878.7307524157472
54961.8311415499 1325.2973516960678
55492.13839663353 1794.990096612444
55993.014262856814 2294.1142303891666
56466.38351427105 2526.630748585774
57025.66376254721 2440.7197517238546
