0.0 0.0
29.18404228297551 1000.0
676.1900907907157 2000.0
1236.7947578197777 2439.395332970935
1783.2389178444923 2892.951172946264
2322.9595749016908 3353.2305158890913
2904.2467504542014 3771.943340336551
3605.638541272247 4070.5515495184777
4240.872834290037 4364.765706982213
4840.018815812117 4400.85401847795
5434.304089162887 4405.714726649225
6046.173754542496 4388.130334620382
6998.770686374861 4047.4030681676445
8283.455571768234 3715.315114606653
9488.106088449864 3510.664597925005
10205.596180824874 3793.174505549969
11249.489811940271 3749.280874434555
11899.71371137398 4099.0569750008435
12525.345896894136 4374.367814479844
13129.27691132319 4396.0689855709425
13709.371608534648 4419.905302788544
14292.447334902856 4416.924273631814
14815.671983967819 4476.775350935055
16222.09181110383 3593.580172863976
17380.42574027528 3435.2462436925434
17756.474794092333 4059.1971898755214
18144.518664679726 4611.956129412633
18584.372130126863 4560.146534552878
19007.315172443512 4577.056957683357
19425.689881827453 4581.625290616052
19858.822289241383 4566.867592586083
20306.526964510063 4552.295324731344
20757.39901820145 4549.127946308625
21260.971659743413 4496.427358458042
21936.810823938704 4324.160835804718
22862.06955872014 4074.741265218582
23957.52159587633 3904.54796284383
24778.503696589676 4083.5658621304838
25432.840447333056 4345.663249256617
26047.323654450945 4385.516792882117
26679.56263659736 4367.761017853587
27260.241058494394 4419.321578102958
27820.070214772462 4440.170843721906
28472.655497076605 4347.414717695855
29110.083506783114 4362.5719902934725
29812.739072581022 4297.344434202087
30576.084842179822 4236.654230401188
31242.666746727966 4333.41809545187
31821.47424638387 4421.192500344097
32420.91665683535 4400.5575895485235
33085.06784696622 4335.848809869149
33724.9830643709 4360.084782595325
35421.19392256392 3303.7891418069744
36535.121156372385 3189.861907998528
37534.257611310655 3190.72545306026
38540.32055375754 3184.662510613355
39478.55238910434 3246.430675266559
40308.34950546097 3416.633558909949
41078.534010403004 3646.4490539679337
41787.07789694579 3937.905167425161
42480.12314389116 4244.859920479804
43103.811719889025 4376.311424002125
43761.91588641489 4341.895833474095
44745.216929355156 4016.6989570596984
45585.866134077114 4159.3507952780255
46294.9672291623 4290.898904914815
47033.5214594052 4261.445769757124
47497.13960062877 4536.3818587764445
47748.96296784998 4748.1766327787955
47934.65390067303 4814.30906717697
48131.92283078926 4802.731069883743
48374.41186786378 4757.51096292552
48605.5580107089 4768.853857154912
48874.72757557606 4730.830435132806
49980.97898346669 3893.7485921093366
51131.64104134454 3743.0865342314455
52302.23867288222 3572.4889026937713
53599.16916637936 3275.5584091966566
54822.712098549906 3052.0154770261324
55868.12472270199 3006.602852874038
56772.190570703664 3102.537004872366
57832.075998025706 3042.651577550324
58847.10556465121 3027.622010924808
59652.53050109096 3222.1970744850687
60364.84004940568 3509.8875261703515
61082.83017553893 3791.8974000371063
61838.4856708553 4036.241904720707
62589.229760811 4249.255910044289
63325.54696491578 4263.682795895267
64048.29812364243 4277.248841273362
