0.0 0.0
38.175900251040616 1000.0
716.1383655849942 2000.0
1693.4856914466732 2022.652674138318
2406.376927559422 2309.7614380255736
2988.7959073923985 2727.342458192591
3455.676908754099 3260.4614568309075
3961.7879002338586 3754.3504653511504
4483.229935491128 4232.9084300938885
5009.20980285099 4474.02013264014
5630.797631818369 4378.412171032625
6229.147573170168 4401.650058648205
6700.600839081822 4528.546734088346
7193.526311480542 4507.074527601264
7746.075613172348 4447.450698308172
8355.005771698612 4391.069841473745
9654.10459231795 3700.901179380658
10375.73012212502 3979.2756495736057
10996.959607963101 4358.046163735509
11558.679284920503 4438.280323042605
12094.00576285402 4464.6735220665
12638.43253312559 4455.573229728436
13114.466928827165 4523.965604298426
13561.027952721159 4553.438976106003
14117.007128109273 4444.0208246119055
14620.419554459359 4496.5875736499165
15195.792746030647 4424.626808428702
16587.25461968011 3608.5381263505296
18504.06951721072 2691.7232288199184
19430.840225780237 2764.9525202503883
19917.511263596134 3278.2814824344873
20372.29450819211 3823.498237838501
20843.941182467333 4351.851563563263
21247.118552208325 4596.8226302590065
21552.977674775226 4694.14087743311
21848.491816785554 4704.48585798969
22245.856015546164 4602.635801239361
22616.97801075958 4628.878004786566
22988.973272103314 4628.004738656246
23470.437841947427 4518.535430155874
24858.196970203448 3612.240871743969
26195.841632609707 3274.5962093377234
27246.94973931049 3223.488102636919
27879.27225861964 3591.1655833277564
28199.878073142037 4270.55976880536
28519.91915546184 4679.958917680192
28842.258113543532 4677.661041918339
29132.194502412098 4710.0636111314325
29432.18187793067 4700.012624481413
29751.897601484256 4680.284276446403
30139.159984136524 4612.737617347748
30801.809404847492 4337.350579289047
33521.46083233256 2280.3485725149267
35232.97457407768 1568.8348307698088
36820.2982314643 1000.0
38304.33365477814 1000.0
39456.000075137315 1000.0
40419.47094569602 1036.529129441296
41320.929064700606 1135.0710104367085
42634.85336561335 1000.0
43614.20662216257 1020.6467434507894
44291.56960349548 1343.2837621178896
44951.24790957821 1683.6054560351436
45614.36126400025 2020.4921016130788
46286.13852388123 2348.714841732082
46960.641440634136 2674.211924979179
47272.49802475998 3362.3553408533166
47524.317069850295 4110.536295762992
47778.9732470536 4745.343822796685
48081.04524152017 4697.928005533411
48439.18759843099 4641.857643089181
48667.489901614004 4771.697696816979
48910.66167828976 4756.828223324232
49555.573711333316 4355.087966956427
50035.86272931102 4519.710982022307
50703.71205632512 4332.150672985904
51441.748972467394 4261.9630838577195
52119.36169228305 4322.387280184343
52699.03181153156 4420.329880751473
53378.63161967293 4320.400191858639
54165.00634622744 4213.6252734455065
54951.717900455646 4213.288445771796
56617.09404654137 3334.623853914271
57686.949465304 3264.768435151642
58472.5425652133 3479.175335242348
59463.509315951436 3488.208584504226
60100.14983835559 3851.568062100091
60733.67022428955 4218.047676166143
61336.91682226368 4396.753402025877
61865.46049043919 4471.456331824489
