0.0 0.0
45.93157748468127 1000.0
737.9505416077453 2000.0
1404.3202061199427 2333.6303354877828
2071.6441925334184 2666.306349074325
2756.0326350269634 2981.9179065808066
3454.3434976263998 3283.6070439813525
4191.997743366659 3545.952798241071
4912.884117765325 3825.0664238424283
5615.579046041848 4122.371495565899
6300.995089156541 4314.58395688531
6955.169612873284 4345.8254762832785
7813.42040593774 4141.749206935525
9156.315421691845 3657.1049842458574
9830.091800169079 3983.3286057685864
10500.267371788435 4313.1530341492125
11164.642737211736 4335.624634576685
11838.978954043147 4325.663783168578
12253.972732492324 4585.006221550824
12516.490111222756 4737.482621269581
12826.117637421223 4690.372473801521
13124.177753849308 4701.939883571918
13312.304963907587 4811.872789941717
13521.186685307819 4791.118278599762
14044.542145754413 4476.64453955339
14507.896090809929 4536.646054944493
15066.021886546037 4441.874204263866
15687.181266169833 4378.840620376161
16309.232032458973 4377.949233710864
16942.075763500605 4367.156268958367
17697.20085402087 4244.8749094797495
18493.10817861072 4204.09267541016
19299.759988524336 4193.3481900863735
21103.79999813884 3195.959990385499
22036.833812594738 3262.9261759295787
22903.606798088364 3396.1531904359254
23789.866038583503 3509.8939499407948
24435.477886003886 3864.2821025204184
25102.550201543047 4197.20978698128
25682.035340564405 4420.514860978668
26182.369150903825 4499.666189660575
26647.036099617984 4535.3330512858165
27213.91445302875 4433.121646589224
28571.02005685958 3642.8943961691475
29799.008967785223 3414.905485243491
30559.671692664026 3654.2427603646843
31150.896565380965 4063.0178876477507
31792.529343215487 4358.367222165476
32346.936756862644 4445.592586352827
32869.001722303634 4477.935034558994
33499.82556766032 4369.176154643312
34277.01279673883 4222.812770921517
34665.442138383696 4611.570658355144
34865.496456386005 4799.9456819977095
35113.5221326495 4751.974323736479
35445.9129956898 4667.609136959691
35848.90409424674 4597.008901443056
36241.056961731454 4607.847132515277
36647.04649368752 4594.010468043911
37212.66368129514 4434.3828123923695
37927.37561422817 4285.288067066967
40146.0163365591 2781.359277669073
41432.92234914796 2494.453265080223
42009.60083463496 2917.774779593228
42521.091183625205 3406.284430602974
42986.09730578143 3941.278308446725
43496.53519971848 4430.84041450967
44025.54029349519 4470.994906223275
44650.372979127445 4375.167314367726
45302.76596831654 4347.607010810901
45908.11723974399 4394.648728572581
46516.646972418464 4391.470267325505
47455.31152805829 4061.3354443601393
48494.26983498688 3961.0416930714173
49113.91421454373 4341.397313514592
49674.47194763162 4439.442266912121
50305.87201761581 4368.599930015824
50788.165851559585 4517.706166056266
51225.1665049205 4562.999346639115
51769.89862449307 4455.267880427435
52318.799253216894 4451.09937127617
53073.79251092469 4245.006742292171
53762.62088769676 4311.171623227918
55147.98741986652 3614.6334678302273
56003.24624869172 3759.3746390050187
56686.595971568895 4076.024916127845
57252.86134023933 4433.7346313295875
57757.60149802957 4495.259842209787
58346.47179026271 4411.129707766875
58894.16349277249 4452.3082974902045
