0.0 0.0
47.83208782011131 1000.0
749.1675398728329 2000.0
1415.43483795664 2333.7327019161735
2075.4185755387916 2673.7489643340405
2755.8940797746177 2993.2734600982412
3442.417502819865 3306.7500370529756
4187.520126620868 3561.6474132519525
4949.804205397748 3799.363334475101
5642.474324931257 4106.693214941574
6318.831664307156 4323.642660624113
7008.910682339232 4309.920981967948
7872.995947242318 4135.914735096892
9240.472630887562 3632.523316354706
9896.728786320808 3976.2671609214194
10539.22127515492 4333.774672087277
11180.174974502468 4359.046300652439
11847.692631836366 4332.482342666084
12248.45496813147 4599.237663704903
12507.46023811902 4740.994730012474
12818.735031121601 4688.725206997406
13120.356949096551 4698.378082025047
13327.88272168821 4792.474227408345
13544.117407472759 4783.76531421545
14034.040586860485 4510.076820612259
14512.285209120771 4521.755377739731
15090.149426929087 4422.135782191683
15749.78492305106 4340.364503877994
16387.219078676622 4362.565844374441
17029.1365246496 4358.08255402703
17783.85898152739 4245.27754312222
18579.127154631853 4204.731826895559
19348.599434060623 4230.5277205712155
21170.26140876561 3178.3380252950096
22070.435772785673 3278.1636612749357
22888.345400583778 3460.254033476823
23809.29990892845 3539.2995251321604
24461.04840275724 3887.551031303386
25103.105295093443 4245.494138967197
25706.498011114418 4396.607283979043
26190.296281580915 4516.201729533492
26641.318103526093 4548.978178054791
27195.865727012555 4445.452376513532
28533.523833944866 3662.3418930676785
29765.572319953364 3430.2934070591646
30538.511081878933 3657.3546451335974
31138.11428066382 4057.7514463487128
31773.37176615552 4364.742514508305
32328.431661722643 4444.940104432871
32887.649055183545 4440.782606539087
33565.78512955194 4321.863925631624
34303.94764909496 4261.837480457007
34658.94562300503 4645.002026089956
34828.6178572411 4830.327765763948
36733.156701829146 3095.4611554119456
37351.39502952782 3477.222827713245
37690.09283775589 4138.525019485151
38023.62807160297 4666.464766152902
38338.27870642763 4685.34936517535
38629.32217308016 4708.956533347451
38959.341102015904 4669.981071064238
39293.76321228032 4665.577889735579
39693.28362345982 4600.479588820506
40103.74788368249 4589.5357397773405
40559.18385952429 4544.5640241582105
41984.882396139015 3574.301463385275
44019.609550444016 2539.5743090802757
44856.583279912564 2702.6005796117192
45463.413579994674 3095.7702795295722
46036.43502708394 3522.7488324402857
46585.22134971525 3973.962509808979
47198.82637867392 4360.35748085032
47929.99284918535 4268.833529488558
48743.34163547379 4186.651213711561
49444.2416829394 4299.099952534434
50086.48641072195 4357.755272217473
50671.47304398017 4415.013366741769
51598.02794362333 4073.445100356836
52651.38720470359 3946.6407389197393
54080.62092019734 3517.4070234259934
54569.77495896116 4028.252984662183
55042.978087022806 4526.79687193835
55528.21426683515 4514.763820187634
56107.40859171302 4420.805675122148
56749.589107848566 4357.8194838644795
57340.53239246288 4409.056715385663
57881.80015240677 4458.732240056086
58429.18869459217 4452.611457814599
59138.95378359685 4290.234910995334
59827.728664618575 4311.225118978293
