16 0.6226267197568701 0 1
17 0.32804402602320115 1 1
18 0.20639148551007497 1 1
19 0.3889819601204657 1 1
20 0.46672150091987713 1 1
21 0.42413998441881606 1 1
22 0.45919991143206135 1 1
23 0.455275311549841 1 1
24 0.4962114167343561 1 1
25 0.5204531638583066 1 1
26 0.3590118325600171 1 1
27 0.5789747527418452 1 1
28 0.5654240274937062 1 1
29 0.5669278391646546 1 1
30 0.5787583852150304 1 1
31 0.5910202747768714 1 1
32 0.5971462938273799 1 1
33 0.5919233534001225 1 1
34 0.6021872602245953 1 1
35 0.5370106709521647 1 1
36 0.36391069318510916 1 1
37 0.22855526304340207 1 1
38 0.16826251219463442 1 1
39 0.5699408600785647 1 1
40 0.5426281685806443 1 1
41 0.4810460839077765 1 1
42 0.4611625893249479 1 1
43 0.470795656647959 1 1
44 0.5137869044807989 1 1
45 0.5389858675387554 1 1
46 0.5471915357365252 1 1
47 0.5420749960056089 1 1
48 0.5478006414214694 1 1
49 0.5929768121571509 1 1
50 0.5240736919104482 1 1
51 0.5550684158867388 1 1
52 0.5337895090807651 1 1
53 0.34980350449101383 1 1
54 0.3934428797661712 1 1
55 0.5043311071871451 1 1
56 0.5526185820379247 1 1
57 0.5873880514226792 1 1
58 0.5355834102193361 1 1
59 0.5478204854189356 1 1
60 0.5637628043515325 1 1
61 0.511955717674299 1 1
62 0.46951117547531807 1 1
63 0.5701660074846103 1 1
64 0.4818936104137196 1 1
65 0.33677654143251207 1 1
66 0.3029225268467345 1 1
67 0.3971197851158058 1 1
68 0.25380813364657306 1 1
69 0.26001068991698684 1 1
70 0.3456827776458006 1 1
71 0.30945417442749995 1 1
72 0.30796951961637425 1 1
73 0.3450253386297974 1 1
74 0.3958771244550713 0 1
75 0.2612095689640894 0 1
76 0.22708881212031862 1 1
77 0.2835955811024095 1 1
78 0.3969265488359365 1 1
79 0.4713723246085798 1 1
80 0.34722066747371794 1 1
81 0.2948858370654465 1 1
82 0.39213866176334616 1 1
83 0.5748214857723378 1 1
84 0.5232127978896213 1 1
85 0.5138084141151946 1 1
86 0.5663134832407931 1 1
87 0.5773306532524817 1 1
88 0.5800245597622805 1 1
89 0.5907794506341262 1 1
90 0.5992326684500724 1 1
91 0.605656065029258 1 1
92 0.6080133024795146 1 1
93 0.6032363773844804 1 1
94 0.4308740876358164 1 1
95 0.09961512561401306 1 1
