18 0.13787240528197484 1 1
19 0.5508927804463665 2 1
20 0.3953222229885564 2 1
21 0.2749111167222831 2 1
22 0.26590789623852545 2 1
23 0.30297467132611033 2 1
24 0.29440562265023634 2 1
25 0.1875983834272349 2 1
26 0.33311469164975266 2 1
27 0.5066017320273517 2 1
28 0.5408419654527555 2 1
29 0.2766038470918932 2 1
30 0.5208807540154301 2 1
31 0.37703085518737883 2 1
32 0.28435071562598985 2 1
33 0.399471777504621 2 1
34 0.3435781118699627 2 1
35 0.24629621120944897 2 1
36 0.1532077961267241 2 1
37 0.11284149654440295 2 1
38 0.19446908863748377 2 1
39 0.44494908727097565 2 1
40 0.3894467918872942 2 1
41 0.33078251705962125 2 1
42 0.290343091452715 2 1
43 0.37782475110663943 2 1
44 0.12720863355564618 2 1
45 0.07472342551236476 2 1
46 0.07354837867291646 2 1
47 0.11236977233055921 2 1
48 0.12012506552575816 2 1
49 0.0975999391151123 2 1
50 0.15385166209315293 2 1
51 0.17836308290661357 2 1
52 0.09972276515657841 2 1
53 0.44793956971264154 2 1
54 0.42014945671351905 2 1
55 0.3699906971803061 2 1
56 0.3835425083351464 2 1
57 0.30811949660195537 2 1
58 0.2988990674947672 2 1
59 0.2763061745812421 2 1
60 0.33141431179960856 2 1
61 0.3256585665255069 2 1
62 0.33687181701117935 2 1
63 0.21025980394859686 2 1
64 0.20528362731501246 2 1
65 0.29859598304798923 2 1
66 0.24545626400802642 2 1
67 0.2514107403090746 2 1
68 0.18076363140992097 2 1
69 0.19351059035092064 2 1
70 0.19145911954163478 2 1
71 0.19914889188325244 2 1
72 0.27999120339404315 2 1
73 0.2471079031720319 2 1
74 0.4707815676282367 2 1
75 0.2622603630181628 2 1
76 0.30107446846525937 1 1
77 0.312393900774624 2 1
78 0.2578343491166262 2 1
79 0.29756878450025737 2 1
80 0.33700107365908505 2 1
81 0.34375055083412387 2 1
82 0.3729524845822113 2 1
83 0.46366336419545245 2 1
84 0.45218708850161227 2 1
85 0.274009264201907 2 1
86 0.3547554271805766 2 1
87 0.34644230268867077 2 1
88 0.41111518830091837 2 1
89 0.4981636768347523 2 1
90 0.5906692972370207 2 1
91 0.4794721411835935 2 1
92 0.5489775743520182 2 1
93 0.4575081542532579 2 1
94 0.33762405800562306 2 1
95 0.4026560758433834 2 1
