16 0.09848272474716199 0 1
17 0.1144470104592037 1 1
18 0.15487450599785033 1 1
19 0.6234466454611587 1 1
20 0.21642568529128095 1 1
21 0.14678075084013525 1 1
22 0.2285988412630098 1 1
23 0.39127069660353286 1 1
24 0.3224269361670239 1 1
25 0.1529182851422868 1 1
26 0.3121239266452717 1 1
27 0.49865525712161063 1 1
28 0.5862695771209733 1 1
29 0.29394807191723354 1 1
30 0.5056622851592589 1 1
31 0.3601720793041258 1 1
32 0.18561977312293873 1 1
33 0.42857882550929544 1 1
34 0.38080363248841376 1 1
35 0.2605649434363276 1 1
36 0.16987483289793337 1 1
37 0.140950382820626 1 1
38 0.25201303022395105 1 1
39 0.4268082589620975 1 1
40 0.5001524347743221 1 1
41 0.37641501464300464 1 1
42 0.3379189525920056 1 1
43 0.5117405121107043 1 1
44 0.2313821268316647 1 1
45 0.1452717841614141 1 1
46 0.11688410522417497 1 1
47 0.28788624651387645 1 1
48 0.26533902416278177 1 1
49 0.21529688370112393 1 1
50 0.26994712406129545 1 1
51 0.2861818997222929 1 1
52 0.2214645567777789 1 1
53 0.2869211860765618 1 1
54 0.24617626078337845 1 1
55 0.3023414833254326 1 1
56 0.21018311585885463 1 1
57 0.1873281638389849 1 1
58 0.30460910024085336 1 1
59 0.3451380012399982 1 1
60 0.43381111574296893 1 1
61 0.35479769182972487 1 1
62 0.33249695297286286 1 1
63 0.2558579073453148 1 1
64 0.32945840747731564 1 1
65 0.5593829819019085 1 1
66 0.2698409625282168 1 1
67 0.25419517827329374 1 1
68 0.23021409240880394 1 1
69 0.28167445141646885 1 1
70 0.27906728268967473 1 1
71 0.27021973599075166 1 1
72 0.3348071074678806 1 1
73 0.29070111927763304 1 1
74 0.4776321610819034 1 1
75 0.27610857932467325 1 1
76 0.2913490554062061 1 1
77 0.41498507347300095 1 1
78 0.3701718006681637 1 1
79 0.5743286401664364 0 1
80 0.4359414107190069 1 1
81 0.3940238412875012 1 1
82 0.42896217786221774 1 1
83 0.5696609263834891 1 1
84 0.5963792567810915 1 1
85 0.35052084606262723 1 1
86 0.4197666613992324 1 1
87 0.44113090836644603 1 1
88 0.44840743236865654 1 1
89 0.5681990047631148 1 1
90 0.5912984989412329 1 1
91 0.48123072830616787 1 1
92 0.6078511324660861 1 1
93 0.5639603582403976 1 1
94 0.4631353872678043 1 1
95 0.4989401754500182 1 1
