2 0.30535052489914777 1 1
3 0.37183828874632685 2 1
4 0.6248928008394906 3 1
5 0.22312866028723882 3 1
6 0.10623637841202516 3 1
7 0.14723833455707044 4 1
8 0.09994493089698052 4 1
9 0.07358097585313866 4 1
10 0.08636224956250627 4 1
11 0.07746760023697169 4 1
12 0.1675892731438131 2 1
13 0.1527905904505621 3 1
14 0.24378353838402214 3 1
15 0.2549641585991878 4 1
16 0.2688185209954616 4 1
17 0.30253481993548004 4 1
18 0.23501381113793565 4 1
19 0.25966058755946564 4 1
20 0.23489456624496596 4 1
21 0.2673529714786804 4 1
22 0.1943275705375425 4 1
23 0.24817230999160148 4 1
24 0.24216885839973196 4 1
25 0.263320114261804 4 1
26 0.267062771785998 4 1
27 0.3135230549756492 4 1
28 0.41559426839705715 4 1
29 0.4719022970812524 4 1
30 0.47620720763876784 4 1
31 0.6348766359573608 4 1
32 0.431009401750276 4 1
33 0.3826150068156865 4 1
34 0.25149915926619903 4 1
35 0.15652901250577908 4 1
36 0.12842356446069836 4 1
37 0.16967702090732953 4 1
38 0.18096999015575624 4 1
39 0.27312209112542973 4 1
40 0.23169472294726157 4 1
41 0.19567835436771652 4 1
42 0.24798257438815008 4 1
43 0.28089575074957984 4 1
44 0.3183554222011038 4 1
45 0.32689285326271766 4 1
46 0.28087504689854303 4 1
47 0.26163616334321604 4 1
48 0.14643013175317085 4 1
49 0.12808923788291107 4 1
50 0.12052900571497259 4 1
51 0.23284286762516432 4 1
52 0.26311054052984384 4 1
53 0.26861445865220734 4 1
54 0.24712276989821225 4 1
55 0.2524686199430158 4 1
56 0.27610773915798587 4 1
57 0.3514889183954829 4 1
58 0.11831142695983345 4 1
59 0.10040735826725654 4 1
60 0.15871783048455762 4 1
61 0.4932062772332501 4 1
62 0.5635783739489747 4 1
63 0.17809276770502122 4 1
64 0.19124689918412033 4 1
65 0.16533445444395328 4 1
66 0.15849824350842584 4 1
67 0.1272439421391869 4 1
68 0.12717373564927817 4 1
69 0.1573615686304188 4 1
70 0.15952783472149942 4 1
71 0.4807439294085858 4 1
72 0.3235734898123022 4 1
73 0.29573502517905054 4 1
74 0.3036952756189141 4 1
75 0.210392891921423 4 1
76 0.1577197556959642 4 1
77 0.18797778185274666 4 1
78 0.2023130887840838 4 1
79 0.33902673996761906 4 1
80 0.4550728823308578 4 1
81 0.44144560986106923 4 1
82 0.4537034681987807 4 1
83 0.36868549863797456 4 1
84 0.4265282202753926 4 1
85 0.4833067997854405 4 1
86 0.4972147675778387 4 1
87 0.4876945923473616 4 1
88 0.4067057663177374 4 1
89 0.34497672389774164 4 1
90 0.39592470054525386 4 1
91 0.44224912058712523 4 1
92 0.4228762895383915 4 1
93 0.3373705578382372 4 1
94 0.3310987792096974 4 1
95 0.3489301506914435 4 1
