2 0.34269975802277985 1 1
3 0.3843696604572842 2 1
4 0.41257896740331274 3 1
5 0.5152179809636047 3 1
6 0.3925209722524671 3 1
7 0.34200414134282586 4 1
8 0.46182799501097627 4 1
9 0.3883223667979971 4 1
10 0.41827054342387016 4 1
11 0.49154179597062214 4 1
12 0.5042544063600694 3 1
13 0.5328555555102023 3 1
14 0.46608947860085354 3 1
15 0.4403341853550068 4 1
16 0.548509492429006 4 1
17 0.4404201362331062 4 1
18 0.3109482361334623 4 1
19 0.3925434793202352 4 1
20 0.36859458101096615 4 1
21 0.3617276634602677 4 1
22 0.40109631269038604 4 1
23 0.40929227413551517 4 1
24 0.4341044405314345 4 1
25 0.48651107532225446 4 1
26 0.4296707818241353 4 1
27 0.6359905267656596 4 1
28 0.5727810361124711 4 1
29 0.5919020028648821 4 1
30 0.5930248286607727 4 1
31 0.6105712290605696 4 1
32 0.608656169010122 4 1
33 0.6058905081064484 4 1
34 0.6000439095194965 4 1
35 0.5813688688731719 4 1
36 0.4253895256836446 4 1
37 0.27606942174000365 4 1
38 0.13298009741735503 4 1
39 0.4314891898753874 4 1
40 0.3223488850431199 4 1
41 0.2700660576337372 4 1
42 0.3230965400706763 4 1
43 0.36150531077549686 4 1
44 0.37861594480739286 4 1
45 0.3442371782220142 4 1
46 0.3678504037159137 4 1
47 0.403557057731716 4 1
48 0.4391968769608674 4 1
49 0.5725263970862717 4 1
50 0.5088320354484624 4 1
51 0.4951422789037226 4 1
52 0.5870024475390347 4 1
53 0.38397010458053404 4 1
54 0.4476505759759119 4 1
55 0.44787633715340225 4 1
56 0.45859022559473017 4 1
57 0.4596867347792163 4 1
58 0.456166517322298 4 1
59 0.4686140072093216 4 1
60 0.4834463356111735 4 1
61 0.42320410170423495 4 1
62 0.5826327967695056 4 1
63 0.6757403071130091 4 1
64 0.4598668238689929 4 1
65 0.4435488758633381 4 1
66 0.39570716266496925 4 1
67 0.343514127672239 4 1
68 0.22040826918195555 4 1
69 0.21705472362343223 4 1
70 0.21535621856521905 4 1
71 0.2525890672970736 4 1
72 0.28626464048187567 4 1
73 0.2951700528936725 4 1
74 0.2566100897005829 4 1
75 0.21305659692584145 4 1
76 0.16897363421214218 4 1
77 0.2222165746261796 4 1
78 0.47575238341032305 4 1
79 0.6541423093166788 4 1
80 0.504406712064051 4 1
81 0.4083346933054987 4 1
82 0.24954224614962328 4 1
83 0.35772138581630697 4 1
84 0.3385744609214344 4 1
85 0.3757035570404439 4 1
86 0.3994268905098919 4 1
87 0.3751823242224288 4 1
88 0.34491887229286977 4 1
89 0.40369854642582415 4 1
90 0.47862921947845855 4 1
91 0.482083217642896 4 1
92 0.4993766438590294 4 1
93 0.4877004814692164 4 1
94 0.5803010485754143 4 1
95 0.23283644828701158 4 1
