8 0.3651184141105976 0 1
9 0.4056507227942906 1 1
10 0.38892440076485724 2 1
11 0.472598582362765 2 1
12 0.4682559500719064 3 1
13 0.3143837141100404 3 1
14 0.17891185042541982 3 1
15 0.13789231715694572 3 1
16 0.14766631772243202 3 1
17 0.12993456623111618 3 1
18 0.18283689564222996 3 1
19 0.24657151101124306 3 1
20 0.2244949482287653 3 1
21 0.5521390450713087 3 1
22 0.22093952604300457 3 1
23 0.18989927334170656 3 1
24 0.19063603518745365 3 1
25 0.21609477719922945 3 1
26 0.27277281231718586 3 1
27 0.29519752475232386 3 1
28 0.2541314136629116 3 1
29 0.2709644863087604 3 1
30 0.3463297392702867 3 1
31 0.4367990512474833 3 1
32 0.430323848999468 3 1
33 0.37646524676208126 3 1
34 0.46567363723135563 3 1
35 0.44850450008405385 3 1
36 0.4012032287541 3 1
37 0.35111157362634193 3 1
38 0.3576462527781207 3 1
39 0.43830799208749555 3 1
40 0.4736706680941546 3 1
41 0.4184907896760977 3 1
42 0.40866129714408367 3 1
43 0.4100681053847993 3 1
44 0.41867601755705647 3 1
45 0.4347224818840646 3 1
46 0.5140492411195987 3 1
47 0.38859146597994665 3 1
48 0.39940126459370784 3 1
49 0.4424355321109494 3 1
50 0.4600903315224328 3 1
51 0.5074129106164422 3 1
52 0.29422065900465305 3 1
53 0.23340272448373345 3 1
54 0.3265726798238514 3 1
55 0.42668909284029094 3 1
56 0.48508949596504336 3 1
57 0.3918908323187028 3 1
58 0.43069989760964084 3 1
59 0.4523214504867482 3 1
60 0.5137371027799135 2 1
61 0.5680924748789582 1 1
62 0.496578759180811 2 1
63 0.5070783917700316 2 1
64 0.45155431224892767 3 1
65 0.4649273631273733 3 1
66 0.47261949598130903 3 1
67 0.49435698339849965 3 1
68 0.45704028992347384 3 1
69 0.5020561633290246 3 1
70 0.49373696618834717 3 1
71 0.45986347513874554 3 1
72 0.6152872135777525 2 1
73 0.4300833315536922 2 1
74 0.3776560910637399 2 1
75 0.5934605426705282 1 1
76 0.5054373783231518 1 1
77 0.49631673094653816 1 1
78 0.566251583239179 1 1
79 0.5844678473473457 1 1
80 0.5602512781609161 1 1
81 0.45260068323776464 2 1
82 0.41306409206254213 2 1
83 0.42825736764847844 2 1
84 0.33943047094708856 3 1
85 0.31856808729385755 3 1
86 0.37218658129075566 3 1
87 0.40095759563345107 3 1
88 0.4694679861196865 3 1
89 0.39419029925645693 3 1
90 0.3402299172601122 3 1
91 0.35498542266474975 3 1
92 0.3740995615844553 3 1
93 0.41865107916503264 3 1
94 0.4508649306560239 3 1
95 0.44778836824495 3 1
