2 0.4962918781354915 0 1
3 0.49044697566965983 1 1
4 0.41480621282441654 2 1
5 0.40564368108302534 2 1
6 0.33408346844014747 3 1
7 0.29576203524986844 4 1
8 0.30157457500061674 4 1
9 0.33955751632428244 4 1
10 0.3974611353795928 4 1
11 0.41904625650658683 4 1
12 0.13702214731374437 4 1
13 0.2665579268736561 4 1
14 0.19719685702499942 4 1
15 0.15798861049729981 4 1
16 0.18551502346404242 4 1
17 0.36872146262538985 4 1
18 0.3478998792510716 3 1
19 0.26473423469744434 3 1
20 0.213500092888322 4 1
21 0.2296143205685678 4 1
22 0.20308866308498907 4 1
23 0.16931762979598577 4 1
24 0.42761220149747836 4 1
25 0.48152290131865316 4 1
26 0.1630752621668043 4 1
27 0.15626716426621645 4 1
28 0.15516219317040147 4 1
29 0.15611967793464707 4 1
30 0.1488832153336484 4 1
31 0.258109106984423 4 1
32 0.3300525495634702 4 1
33 0.28572436079047087 4 1
34 0.27183828490414685 4 1
35 0.2812281071665924 4 1
36 0.2977919662258873 4 1
37 0.31651497460856487 4 1
38 0.340915176055266 4 1
39 0.35043446995067223 4 1
40 0.36383384713355765 4 1
41 0.34442704011143765 4 1
42 0.36050074930520726 4 1
43 0.4170869045401172 4 1
44 0.4444322581121896 4 1
45 0.2606494664965403 4 1
46 0.13047863047842462 4 1
47 0.12999814904251197 4 1
48 0.1264832344706247 4 1
49 0.12517895042648794 4 1
50 0.1893325004729962 4 1
51 0.31244981602219213 4 1
52 0.2626696311314932 4 1
53 0.26941814669767317 4 1
54 0.2612585925375285 4 1
55 0.2532952417429816 4 1
56 0.3305933478701714 3 1
57 0.37917983316439063 3 1
58 0.3844066254456678 3 1
59 0.37432364784518385 3 1
60 0.3729861005341651 3 1
61 0.35168108488952315 4 1
62 0.3538372593751775 4 1
63 0.36828648368595224 4 1
64 0.33495754974557773 4 1
65 0.3404044321150809 4 1
66 0.3462947630878258 4 1
67 0.378889850632206 4 1
68 0.29488671863692567 4 1
69 0.290717629285264 4 1
70 0.29349054594430096 4 1
71 0.30841635410638263 4 1
72 0.35023988505854287 4 1
73 0.35958068366091017 4 1
74 0.34589650091628343 4 1
75 0.3432470809638542 4 1
76 0.35077001878376723 4 1
77 0.36603849192957433 4 1
78 0.36392502021824047 4 1
79 0.34900174416568114 4 1
80 0.34824631459699545 4 1
81 0.3467529927293346 4 1
82 0.34785271512040045 4 1
83 0.3489758146108571 4 1
84 0.3800723990327253 4 1
85 0.3579966156077997 4 1
86 0.3584079313506536 4 1
87 0.35515368657299196 4 1
88 0.35913231755926306 4 1
89 0.3699402122217853 4 1
90 0.48112523134572854 4 1
91 0.4224169169891939 4 1
92 0.4033412373965111 4 1
93 0.41146276367371987 4 1
94 0.44280578275098914 4 1
95 0.3635853185985555 4 1
