3 0.673234340995272 0 1
4 0.13689585039979515 1 1
5 0.09793214437125193 2 1
6 0.0907084685913279 2 1
7 0.1306884622454951 2 1
8 0.15186940514104472 3 1
9 0.18937867728053712 3 1
10 0.20150475000457932 4 1
11 0.19062954310151878 4 1
12 0.2201367579269829 4 1
13 0.21449419686789684 4 1
14 0.29114621630893395 4 1
15 0.24067851343550334 4 1
16 0.2155709779589846 4 1
17 0.5353237616363684 4 1
18 0.229440411861425 4 1
19 0.24563579258222862 4 1
20 0.2014833610121997 4 1
21 0.25665104331775446 4 1
22 0.27899785231539026 4 1
23 0.20070219796009173 4 1
24 0.33563364913428734 4 1
25 0.29284575451363193 4 1
26 0.4105271929623692 4 1
27 0.38574825983785677 4 1
28 0.4023720367955273 4 1
29 0.3656069727554497 4 1
30 0.37529242514460365 4 1
31 0.27890056902962135 3 1
32 0.20203424922536015 3 1
33 0.11542045154848062 4 1
34 0.12766570095018964 4 1
35 0.1589553593532724 4 1
36 0.18099928872094423 4 1
37 0.17894302933951517 4 1
38 0.1712550891028448 4 1
39 0.17959951238721186 4 1
40 0.1784459164252775 4 1
41 0.17110177652148947 4 1
42 0.16731601291058124 4 1
43 0.17265496969282912 4 1
44 0.19216872822433115 4 1
45 0.20968932718568675 4 1
46 0.20036504007866332 4 1
47 0.19975892279269622 4 1
48 0.20999118636143368 4 1
49 0.21112557415069555 4 1
50 0.26353767271348383 4 1
51 0.2554132126509765 4 1
52 0.2590947648709729 4 1
53 0.329623227342174 4 1
54 0.29809077213340085 4 1
55 0.2346727351199296 4 1
56 0.3333746889542414 4 1
57 0.27934766406465183 4 1
58 0.18544973414612917 4 1
59 0.3172997604692726 4 1
60 0.4471468347317222 4 1
61 0.20169530967131974 4 1
62 0.17987318984773326 4 1
63 0.20367811024770124 4 1
64 0.25173711861599035 4 1
65 0.23966044095915956 4 1
66 0.21488891199241614 4 1
67 0.2209475357273052 4 1
68 0.24347902413539768 4 1
69 0.1781973598167033 4 1
70 0.17781017094300353 4 1
71 0.19565561704300005 4 1
72 0.2628724237746806 4 1
73 0.2877760734321561 4 1
74 0.30580685903467736 4 1
75 0.27065952180823827 4 1
76 0.22859615853916115 4 1
77 0.2801571813797628 4 1
78 0.19964113045206702 4 1
79 0.30068277553324996 4 1
80 0.3150493502776643 4 1
81 0.29400773936972646 4 1
82 0.23515252586295463 4 1
83 0.231255185155719 3 1
84 0.24558503412572796 3 1
85 0.2947202946908631 3 1
86 0.3408915920182571 3 1
87 0.2941597513692952 3 1
88 0.26242601670823223 4 1
89 0.26173818596932363 4 1
90 0.3030378043177398 4 1
91 0.2245453039460305 4 1
92 0.3097861481530149 4 1
93 0.3278521054882428 4 1
94 0.3626733521635264 4 1
95 0.18031379224247357 4 1
