12 0.6441507280224268 0 1
13 0.49101850821969273 1 1
14 0.42309390988831086 2 1
15 0.29647404517852133 2 1
16 0.27377519083696733 2 1
17 0.383035491304087 2 1
18 0.40594319180474936 2 1
19 0.18587761226499389 2 1
20 0.20594942027843283 2 1
21 0.48214068256665105 1 1
22 0.4075261216818362 1 1
23 0.45978675972198757 1 1
24 0.3770859292808022 2 1
25 0.37408856466494134 2 1
26 0.3744459229122565 2 1
27 0.3798043455225857 2 1
28 0.4389500036914859 2 1
29 0.4420133432089942 2 1
30 0.4568449334830216 2 1
31 0.45864892633470156 2 1
32 0.634098564521276 2 1
33 0.3189960437435589 2 1
34 0.17480499689055415 2 1
35 0.14854942149586792 2 1
36 0.26091115072433313 2 1
37 0.40300886347514703 2 1
38 0.42451276192274984 2 1
39 0.4319684691904196 2 1
40 0.4225008677490955 2 1
41 0.43266327588018433 2 1
42 0.44514845585685303 2 1
43 0.4536850842680633 2 1
44 0.468902347063942 2 1
45 0.48590812185908494 2 1
46 0.49095399429037767 2 1
47 0.5827529192203811 2 1
48 0.5032490711543562 2 1
49 0.2400376365855422 2 1
50 0.27949872768405437 2 1
51 0.3931920325613748 2 1
52 0.47396610775286746 2 1
53 0.4624800728281432 2 1
54 0.3229487623496203 2 1
55 0.3563395966950537 2 1
56 0.4323904033896748 2 1
57 0.4701147661981602 2 1
58 0.34523300738982754 2 1
59 0.3104451430787739 2 1
60 0.34156686894935223 2 1
61 0.4155703206970623 2 1
62 0.40563137017412987 2 1
63 0.4052321571367145 2 1
64 0.4584655179697437 1 1
65 0.3768604023971491 2 1
66 0.365668851541566 2 1
67 0.39999593213140605 2 1
68 0.3846012428319699 2 1
69 0.36581511772236125 2 1
70 0.3708237016430708 2 1
71 0.38390182616561974 2 1
72 0.3665538038141256 2 1
73 0.36108865887722724 2 1
74 0.37254682159038127 2 1
75 0.39947305739308175 2 1
76 0.3551223670671881 1 1
77 0.14305158223697764 1 1
78 0.15363494134570155 2 1
79 0.12968843466414576 2 1
80 0.23184669733364177 2 1
81 0.32185142062034117 2 1
82 0.3545362037218289 2 1
83 0.3535311147370914 2 1
84 0.3720197882574206 2 1
85 0.375355500188114 2 1
86 0.3706831324251724 2 1
87 0.42421836322096995 2 1
88 0.39268338645999334 2 1
89 0.392779135401654 2 1
90 0.5645946787315403 2 1
91 0.375099974753884 2 1
92 0.22825472241615358 2 1
93 0.16227081294012338 2 1
94 0.15302216808848193 2 1
95 0.34318323697422315 2 1
