13 0.3872418416943666 0 1
14 0.32651606043756504 1 1
15 0.2631621395136611 2 1
16 0.29960898853409856 2 1
17 0.5444912687226571 2 1
18 0.14337431142437793 2 1
19 0.10981443978146323 2 1
20 0.157982844754253 2 1
21 0.19798166980404355 2 1
22 0.1900292448118492 2 1
23 0.20732191411638606 2 1
24 0.20856513700884177 2 1
25 0.3532609238547492 2 1
26 0.25058597050484543 2 1
27 0.33897937728140914 2 1
28 0.45919503914130727 2 1
29 0.3164727580404169 2 1
30 0.5478914618474239 2 1
31 0.37939202909848946 2 1
32 0.3153884174779982 2 1
33 0.3098288230834614 2 1
34 0.496997819293087 2 1
35 0.3645382391829879 2 1
36 0.29270442813243325 2 1
37 0.3101136544265109 2 1
38 0.3712516427440941 2 1
39 0.31727107986033637 2 1
40 0.355162239658018 2 1
41 0.3822980154019845 2 1
42 0.3508049935151966 2 1
43 0.22912962008906054 2 1
44 0.14675669528251517 2 1
45 0.13905170219753654 2 1
46 0.1273870697429592 2 1
47 0.16586986333523032 2 1
48 0.20828346138258483 2 1
49 0.29494128398322667 2 1
50 0.35730053921705895 2 1
51 0.34034164747280843 2 1
52 0.21739645807699776 2 1
53 0.21267392751117978 2 1
54 0.1738094408691457 2 1
55 0.30608021242961114 2 1
56 0.38692144560517877 2 1
57 0.3881363950918916 2 1
58 0.602648470048893 2 1
59 0.21148078146017452 2 1
60 0.23957297670737898 2 1
61 0.3031605790575675 2 1
62 0.1959376585556764 2 1
63 0.22160700851224632 2 1
64 0.34109918375542303 1 1
65 0.2463642635332478 0 1
66 0.23143318548844963 1 1
67 0.4604988768967643 2 1
68 0.2781644370328944 2 1
69 0.21713801601111443 2 1
70 0.2165203623435236 2 1
71 0.2697775988217838 2 1
72 0.2702093199137827 2 1
73 0.31948126682465217 2 1
74 0.2990596560222592 2 1
75 0.2243682855974325 1 1
76 0.2593632324658746 1 1
77 0.20115310376952664 1 1
78 0.30051292637175087 1 1
79 0.39209298564066386 1 1
80 0.4404871592313775 1 1
81 0.40343704098363137 1 1
82 0.2965695314065864 1 1
83 0.30791802072957336 0 1
84 0.3762582232159222 1 1
85 0.27570282865817036 1 1
86 0.33353325479158025 1 1
87 0.2955432143445124 2 1
88 0.4095029734271705 2 1
89 0.48290367896558484 2 1
90 0.5392450117459555 2 1
91 0.6313982613307378 2 1
92 0.138952783186551 2 1
93 0.3894235323419139 2 1
94 0.5462187385265357 2 1
95 0.357038773394519 2 1
