8 0.1203705163279799 0 1
9 0.09125938423493675 1 1
10 0.12831274369479245 2 1
11 0.14460559709097218 2 1
12 0.2847520939581791 3 1
13 0.3336320659444782 3 1
14 0.2154115321716108 3 1
15 0.22188597895388557 3 1
16 0.21141410836475452 3 1
17 0.2529670390323235 3 1
18 0.2502533074569575 3 1
19 0.3812523353772966 3 1
20 0.5230930881765516 3 1
21 0.18558651781469782 3 1
22 0.13780058281821161 3 1
23 0.1318307156471097 2 1
24 0.15306546595416232 2 1
25 0.15466901408973394 3 1
26 0.22453214067247496 3 1
27 0.2311289971055524 3 1
28 0.26079214092595115 3 1
29 0.25857373346824636 3 1
30 0.2666539691069876 3 1
31 0.26789432205079444 3 1
32 0.30366410577010317 3 1
33 0.28833856166635186 3 1
34 0.3238792017861452 3 1
35 0.2432133259163434 3 1
36 0.19652264413568024 3 1
37 0.15061585701400523 3 1
38 0.13302883487971903 3 1
39 0.15752186078573777 3 1
40 0.16236987865920194 3 1
41 0.16767326400289156 3 1
42 0.17155499259864507 3 1
43 0.1888444921434363 3 1
44 0.17173525342918342 3 1
45 0.1737012598465469 3 1
46 0.17207759324734956 3 1
47 0.18071204177711392 3 1
48 0.1846428591033997 3 1
49 0.20050576532567418 3 1
50 0.22268153109536237 3 1
51 0.23469825270168257 3 1
52 0.24286773557153168 3 1
53 0.32078968831227717 3 1
54 0.266734539848505 3 1
55 0.19411652978391866 3 1
56 0.21531674558206765 3 1
57 0.20763904897646893 3 1
58 0.20343151317522198 3 1
59 0.23970874845186163 2 1
60 0.27572197847812857 3 1
61 0.2466716950207351 3 1
62 0.16042790469349333 3 1
63 0.1762278370780175 3 1
64 0.2858596657732878 3 1
65 0.26293804266684484 3 1
66 0.218971563925816 3 1
67 0.43105872896404485 3 1
68 0.23542341038191475 3 1
69 0.21238711216948977 3 1
70 0.2215379217750585 3 1
71 0.43400973718606206 3 1
72 0.28389758166349954 3 1
73 0.1852717368266667 3 1
74 0.19123212147771132 3 1
75 0.16200409152898293 3 1
76 0.21156036612324133 3 1
77 0.2815610370204064 3 1
78 0.2689242706106243 3 1
79 0.27790942333696333 3 1
80 0.26756710318724874 2 1
81 0.2609233378677326 3 1
82 0.24023612480877413 3 1
83 0.2077128234272209 3 1
84 0.23290510864389913 3 1
85 0.28705413836596766 3 1
86 0.3441216571523202 3 1
87 0.3467832453794426 3 1
88 0.3315513159443549 3 1
89 0.4268503863397018 3 1
90 0.41061488976768723 3 1
91 0.4058491891338096 3 1
92 0.43734378771216 3 1
93 0.42619371001366113 3 1
94 0.40787842216174947 3 1
95 0.192793530366732 3 1
