18 0.2723840922269216 1 1
19 0.30620645915417694 2 1
20 0.3286402957377646 2 1
21 0.34725480342423015 2 1
22 0.34065722443392055 2 1
23 0.30613383860306675 2 1
24 0.32314296031977663 2 1
25 0.3802708371629321 2 1
26 0.3552557741134795 2 1
27 0.3204511492510198 2 1
28 0.4033780088153906 2 1
29 0.4893021663726393 2 1
30 0.5572503882472783 2 1
31 0.514281094344922 2 1
32 0.2822374947487638 2 1
33 0.18623932461298295 2 1
34 0.20152365760658267 2 1
35 0.2030861566163772 2 1
36 0.22224585936304686 2 1
37 0.21295534842827168 2 1
38 0.39505096360834463 2 1
39 0.4255070554506694 2 1
40 0.40122552244627446 2 1
41 0.29714589737606106 2 1
42 0.17042748310955005 2 1
43 0.26742833814007516 2 1
44 0.558550189715416 2 1
45 0.2608556483947356 2 1
46 0.3525192415475255 2 1
47 0.2816198348292337 2 1
48 0.19591673958967942 2 1
49 0.3409218383313976 2 1
50 0.38443017034293225 2 1
51 0.4566241068307212 2 1
52 0.43225352496656766 2 1
53 0.37339997815027404 2 1
54 0.2683992798101643 2 1
55 0.14251131626662925 2 1
56 0.1652104110401459 2 1
57 0.26346091303149966 2 1
58 0.2442057633526691 2 1
59 0.38081476577969736 2 1
60 0.2550296031344838 2 1
61 0.18063207962175834 2 1
62 0.29708606003456156 2 1
63 0.37850336890436775 2 1
64 0.34501663040710195 2 1
65 0.34481480313705126 2 1
66 0.3980292301899242 2 1
67 0.3383895938948433 2 1
68 0.19636877165065533 2 1
69 0.2442065089283945 2 1
70 0.32294063766014086 2 1
71 0.22396519318471442 2 1
72 0.16400848979873245 2 1
73 0.4521122918975348 2 1
74 0.3096872907162804 2 1
75 0.5013042124953135 2 1
76 0.19539605977864563 1 1
77 0.22537945277870458 1 1
78 0.25634236170052277 2 1
79 0.23583481541097007 2 1
80 0.2921290414962072 2 1
81 0.3415663323590283 2 1
82 0.3821789741559852 2 1
83 0.41978566172249593 2 1
84 0.4579867325321252 2 1
85 0.4369396300763025 2 1
86 0.3416560106810773 2 1
87 0.4527596384610419 2 1
88 0.5124100323657639 2 1
89 0.4604614020637461 2 1
90 0.5217781116326965 2 1
91 0.5208206482066607 2 1
92 0.5130792077592725 2 1
93 0.5138152288755771 2 1
94 0.5054622486244456 2 1
95 0.49481962179690836 2 1
