2 0.31914916059420245 1 1
3 0.4584615902743423 2 1
4 0.5210443419100432 3 1
5 0.3894906532894822 3 1
6 0.42875148687783493 3 1
7 0.4244681476023691 4 1
8 0.19846762961015157 4 1
9 0.07033174348575871 4 1
10 0.07023684837584254 4 1
11 0.0921242732352002 4 1
12 0.12820636444254155 4 1
13 0.10359227806916246 4 1
14 0.10453151932134745 4 1
15 0.1315091015837245 4 1
16 0.20539673826526034 4 1
17 0.22690715739233608 4 1
18 0.22835836874985285 4 1
19 0.26397450924541604 4 1
20 0.2679588858157235 4 1
21 0.2553857454631924 4 1
22 0.25197725344242894 4 1
23 0.24208515855425308 4 1
24 0.27270209430750947 4 1
25 0.26138201756101986 4 1
26 0.30113450582890433 4 1
27 0.41512625354074145 4 1
28 0.409348319801121 4 1
29 0.40137646001790617 4 1
30 0.44003420854806774 4 1
31 0.2627350464271424 4 1
32 0.23381699804162273 4 1
33 0.21229687822461737 4 1
34 0.28753747563048115 4 1
35 0.28274765164629584 4 1
36 0.17153481917015556 4 1
37 0.13887714589075786 4 1
38 0.14996518684868437 4 1
39 0.21689094900981964 4 1
40 0.29303419887690146 4 1
41 0.2724210005646909 4 1
42 0.20868553793491307 4 1
43 0.336224371731253 4 1
44 0.3818661192841525 4 1
45 0.3930610115366715 4 1
46 0.4125231129953578 4 1
47 0.3505597902841806 4 1
48 0.16361661862609664 4 1
49 0.2743166237302447 4 1
50 0.42784710489418815 4 1
51 0.45046648897808794 4 1
52 0.4622740650122407 4 1
53 0.4717717790242838 4 1
54 0.4316012930277903 4 1
55 0.3634358717385911 4 1
56 0.38061739629144714 4 1
57 0.40115040907449834 4 1
58 0.4484884552024759 4 1
59 0.48746771932842803 4 1
60 0.542463622209079 4 1
61 0.565040377682996 4 1
62 0.40930928989065707 4 1
63 0.5812028025703856 4 1
64 0.44403336088817896 4 1
65 0.3049174001722665 4 1
66 0.1970257746117009 4 1
67 0.09527173896536557 4 1
68 0.08793854822309248 4 1
69 0.08386496728347065 4 1
70 0.09734763095851814 4 1
71 0.11439114695677144 4 1
72 0.1284485737707957 4 1
73 0.1415146845102911 4 1
74 0.16719418830722396 4 1
75 0.21852514531224584 4 1
76 0.2715730805118987 4 1
77 0.31493514039076287 4 1
78 0.3720923047373655 4 1
79 0.4317609972984047 4 1
80 0.45529555237704283 4 1
81 0.45472022645168064 4 1
82 0.45118628174478187 4 1
83 0.461554411473152 4 1
84 0.4365241104899623 4 1
85 0.43341935048522995 4 1
86 0.4473164440634896 4 1
87 0.4561571911886632 4 1
88 0.4681948857312039 4 1
89 0.476307570890744 4 1
90 0.4895335811653802 4 1
91 0.4951760707769432 4 1
92 0.5044135290134539 4 1
93 0.5015735047745975 4 1
94 0.49881838233061376 4 1
95 0.5000142783727012 4 1
