2 0.23131542292502275 1 1
3 0.1396204494307114 2 1
4 0.15266700115624826 3 1
5 0.18400422173888864 3 1
6 0.23343261366011137 4 1
7 0.2257446199651881 4 1
8 0.30498673119964315 4 1
9 0.151188866291669 4 1
10 0.10498520652062522 4 1
11 0.13861014689040613 4 1
12 0.6032320862648453 4 1
13 0.2059831686355882 4 1
14 0.3518082356113797 4 1
15 0.6610733373380094 4 1
16 0.3456534462935469 4 1
17 0.19058953523145203 4 1
18 0.3975476350996379 4 1
19 0.36943547491356077 4 1
20 0.395758320719042 4 1
21 0.2906448256850685 4 1
22 0.46269539700983975 4 1
23 0.18069281655544345 4 1
24 0.1943366281022634 4 1
25 0.5946887463304883 4 1
26 0.2985656835478956 4 1
27 0.3954202452810515 4 1
28 0.41849288434318066 4 1
29 0.33386879264392666 4 1
30 0.41277264938927777 4 1
31 0.4177837246053865 4 1
32 0.3636886194117085 4 1
33 0.367267888231764 4 1
34 0.38099482535500434 4 1
35 0.3118976396461507 4 1
36 0.23420854551303794 4 1
37 0.31067168196668143 4 1
38 0.34119718079682454 4 1
39 0.2033812628545723 4 1
40 0.17396867533445554 4 1
41 0.20078781466209566 4 1
42 0.5283568232011594 4 1
43 0.2830828723655661 4 1
44 0.29069756836095884 4 1
45 0.25277565075883074 4 1
46 0.15545942537605373 4 1
47 0.1377415093529569 4 1
48 0.24403313785040695 4 1
49 0.314850385764268 4 1
50 0.3422050725566857 4 1
51 0.3911946426801381 4 1
52 0.43644397346845554 4 1
53 0.4439744950504447 4 1
54 0.6858344544405685 4 1
55 0.24466635623267233 4 1
56 0.16339727060924755 4 1
57 0.16768521634400163 4 1
58 0.20804210035743304 4 1
59 0.46878183277400276 4 1
60 0.47205298897338327 4 1
61 0.38455489758565947 4 1
62 0.3244789940745383 4 1
63 0.4377562395815819 4 1
64 0.3382110047685224 4 1
65 0.21697243177414308 4 1
66 0.1977275838281725 4 1
67 0.19917685676527827 4 1
68 0.23726190995118873 4 1
69 0.6850590813167434 4 1
70 0.40561906688375143 4 1
71 0.19442951046721235 4 1
72 0.24852913976565202 4 1
73 0.42651948716608884 4 1
74 0.5666158493249949 4 1
75 0.3037276804349969 4 1
76 0.22184624117183133 4 1
77 0.21918894790679053 4 1
78 0.22687234741675402 4 1
79 0.34200410148555743 4 1
80 0.4003215191902582 4 1
81 0.3703090572805577 4 1
82 0.36469082485037957 4 1
83 0.31709259502813264 4 1
84 0.28600333328096716 4 1
85 0.353325702463851 4 1
86 0.49628994037705176 4 1
87 0.4507599304909592 4 1
88 0.45841518050885394 4 1
89 0.45269703451050075 4 1
90 0.4290811246949537 4 1
91 0.4752603418362778 4 1
92 0.5302820412355604 4 1
93 0.5394212019988668 4 1
94 0.5286404944993492 4 1
95 0.5208261979991718 4 1
