16 0.42213812375824256 0 1
17 0.31581940580224144 1 1
18 0.3270086177019534 1 1
19 0.24954063119837352 1 1
20 0.36449047686203123 1 1
21 0.4205425940203935 1 1
22 0.37355629997492695 1 1
23 0.40506260386300946 1 1
24 0.3768543658559313 1 1
25 0.3678675813721657 1 1
26 0.386461188842696 1 1
27 0.3771320893895766 1 1
28 0.408854384896897 1 1
29 0.44652681876395217 1 1
30 0.4639369516521155 1 1
31 0.634222692545533 1 1
32 0.4161641379671451 1 1
33 0.34740715307904707 1 1
34 0.23102502728414584 1 1
35 0.19188754932839444 1 1
36 0.22761369869879128 1 1
37 0.3116747743244374 1 1
38 0.2165978732139333 1 1
39 0.27489972119427986 1 1
40 0.3848552662881576 1 1
41 0.40573996547821656 1 1
42 0.49425285830870724 1 1
43 0.40859793746367784 1 1
44 0.35468011346421663 1 1
45 0.4300887019012878 1 1
46 0.5010502603780138 1 1
47 0.5401848787862582 1 1
48 0.35894290466526796 1 1
49 0.34467541092516346 1 1
50 0.2978113156275408 1 1
51 0.3449118225037735 1 1
52 0.3458212222265511 1 1
53 0.4172147833480615 1 1
54 0.4580448867702784 1 1
55 0.47804751856004807 1 1
56 0.4797467414359901 1 1
57 0.5918975639603481 1 1
58 0.24121803939079164 1 1
59 0.11283628358234611 1 1
60 0.2226096277649535 1 1
61 0.4335170435224963 1 1
62 0.4048290700193628 1 1
63 0.2713740043691 1 1
64 0.0863872233972363 1 1
65 0.09586706977528243 1 1
66 0.23586852316177023 1 1
67 0.24429790283126432 1 1
68 0.22521756586890343 1 1
69 0.22152416523041266 1 1
70 0.22241235194106648 1 1
71 0.41213086650839637 1 1
72 0.2746544094778221 1 1
73 0.273519974217362 1 1
74 0.43601927533618595 1 1
75 0.3083275648853428 1 1
76 0.23141167449594993 1 1
77 0.30864370559119503 1 1
78 0.336866237385902 1 1
79 0.44371055364291406 1 1
80 0.44687341196519814 1 1
81 0.3926820239465335 1 1
82 0.6007580331202218 1 1
83 0.5173756906947105 1 1
84 0.5121081228893902 1 1
85 0.547381629133207 1 1
86 0.6344122868071234 0 1
87 0.5705690585564084 1 1
88 0.46168931178604955 1 1
89 0.4926814394161382 1 1
90 0.5804985468717117 1 1
91 0.5642658108753574 1 1
92 0.5843098912424289 1 1
93 0.36816202513678153 1 1
94 0.3579251760961604 1 1
95 0.4767035272272235 1 1
