8 0.12958016432205735 0 1
9 0.18131318244496591 1 1
10 0.6127225390953386 2 1
11 0.4762328586820465 2 1
12 0.2901857710993435 2 1
13 0.35394861674848316 3 1
14 0.2734537417985304 3 1
15 0.21156854459741606 3 1
16 0.2932860292863449 3 1
17 0.3848834238946523 3 1
18 0.2702076503493074 2 1
19 0.18237751798215726 2 1
20 0.0841969138193336 2 1
21 0.11379817753956573 3 1
22 0.32324557348446237 3 1
23 0.38979697480117786 3 1
24 0.27472833127299656 3 1
25 0.22713269033512934 3 1
26 0.2367477812646795 3 1
27 0.3201044670680911 3 1
28 0.2566525964922508 3 1
29 0.2929927538538773 3 1
30 0.504071055506935 3 1
31 0.4152805646503658 3 1
32 0.3469444596305196 3 1
33 0.3224614318279269 3 1
34 0.30774132202203297 3 1
35 0.31866044531528004 3 1
36 0.4360035483691396 3 1
37 0.48079437472373043 3 1
38 0.33677039631241906 3 1
39 0.16945682271590504 3 1
40 0.43151985995449504 3 1
41 0.5067842300614648 3 1
42 0.16389825055395357 3 1
43 0.15640368349519906 3 1
44 0.17027654340758175 3 1
45 0.1925597106356616 3 1
46 0.3744156281716208 3 1
47 0.37143134289571833 3 1
48 0.48541467045524755 3 1
49 0.2832147848153348 3 1
50 0.39987426646717783 3 1
51 0.3584650317990536 3 1
52 0.2142249234856511 3 1
53 0.4108387021397453 3 1
54 0.2846013302677395 3 1
55 0.4412126915217839 3 1
56 0.4053346234759826 3 1
57 0.3170807504160165 3 1
58 0.23070705242359055 3 1
59 0.25566603662398574 3 1
60 0.37887569856078607 3 1
61 0.3259689628601113 3 1
62 0.33549123268123515 3 1
63 0.30803263763237265 3 1
64 0.48445149948375327 3 1
65 0.4557152184389247 3 1
66 0.262117249148253 3 1
67 0.22806752407489583 3 1
68 0.17905241291490345 3 1
69 0.1948393474347503 3 1
70 0.5052150931512849 3 1
71 0.292996700248841 3 1
72 0.30525996995961585 3 1
73 0.15848462925118234 3 1
74 0.17278866777462135 3 1
75 0.13834589888492954 3 1
76 0.2515074299602954 3 1
77 0.32901689262702977 3 1
78 0.21884722393347603 3 1
79 0.2257119409557497 3 1
80 0.2849887033740683 3 1
81 0.33453766938154195 3 1
82 0.40458042704980707 3 1
83 0.40668781846222346 3 1
84 0.40030714175951077 3 1
85 0.25770282514925885 3 1
86 0.25791757370457874 3 1
87 0.312350835369786 3 1
88 0.2963654281033993 3 1
89 0.3543887376199629 3 1
90 0.36964377243333457 3 1
91 0.36244534969770986 3 1
92 0.38367114393138924 3 1
93 0.4175779183060877 3 1
94 0.4461045437739169 3 1
95 0.4401842442774599 3 1
