2 0.32925820357764063 0 1
3 0.3642282074834427 1 1
4 0.5514501078421857 2 1
5 0.25996400419689114 2 1
6 0.2296267640711335 3 1
7 0.2114593583424272 3 1
8 0.20103934141261134 3 1
9 0.47747756933469343 3 1
10 0.3066590051731133 3 1
11 0.2187849679427334 3 1
12 0.23289273753167936 4 1
13 0.2385458043320773 4 1
14 0.1969859858401456 4 1
15 0.21430704378133916 4 1
16 0.16972625017467924 4 1
17 0.2259195289513383 4 1
18 0.19668240864740325 4 1
19 0.1518934626926665 4 1
20 0.1557610722447661 4 1
21 0.19028630497082372 4 1
22 0.23508337628888443 4 1
23 0.26332734071049546 4 1
24 0.21615942868434823 4 1
25 0.18607766466955708 4 1
26 0.19417502305103512 4 1
27 0.1877834481655081 4 1
28 0.19897440820242354 4 1
29 0.2862712615914843 4 1
30 0.3907448225094426 4 1
31 0.21130563778809275 4 1
32 0.15113893139131998 3 1
33 0.22234167484148423 3 1
34 0.3404696663884532 3 1
35 0.33177677373551523 3 1
36 0.259495196806267 3 1
37 0.22485749364320767 3 1
38 0.24775014829748718 4 1
39 0.22976472998477213 4 1
40 0.19078915749348066 4 1
41 0.17220867338156298 4 1
42 0.16839408715058346 4 1
43 0.17205241094703036 4 1
44 0.2047766141025682 4 1
45 0.24775718138568895 4 1
46 0.29385162073447496 4 1
47 0.28589086445319467 4 1
48 0.23148818748784444 4 1
49 0.19219602433792843 4 1
50 0.1878463391563059 4 1
51 0.22142173825682676 4 1
52 0.227770067524376 4 1
53 0.277216340833116 4 1
54 0.3473992784198445 4 1
55 0.3362361414441135 4 1
56 0.3612381669784316 4 1
57 0.4087186569277516 4 1
58 0.41745464691223855 4 1
59 0.40184305895611394 4 1
60 0.3079654342732195 4 1
61 0.21106811627659217 4 1
62 0.17828451528854317 4 1
63 0.18032360839134803 4 1
64 0.17868346833247975 4 1
65 0.20351855725830587 4 1
66 0.2043384047637467 4 1
67 0.18516054265447585 4 1
68 0.18691520696628006 4 1
69 0.20124673724843378 4 1
70 0.23576004166563647 4 1
71 0.36812090789620305 4 1
72 0.3665596697525606 4 1
73 0.2562961641616751 4 1
74 0.2827262188567674 4 1
75 0.25470265020427063 4 1
76 0.23145071699985584 4 1
77 0.2499438799559921 4 1
78 0.24559311708217754 4 1
79 0.22433959979906382 4 1
80 0.22689084497607276 4 1
81 0.2448136528592225 4 1
82 0.290731712444544 4 1
83 0.2596665830623622 4 1
84 0.2720547987420069 4 1
85 0.25184554879300575 4 1
86 0.2587916230574547 4 1
87 0.2701404482037836 4 1
88 0.2944116519314064 4 1
89 0.33523387222613826 4 1
90 0.37735642766097666 4 1
91 0.39026605525848934 4 1
92 0.39906448661569216 4 1
93 0.4074421113381157 4 1
94 0.41628390423984474 4 1
95 0.4216635069021324 4 1
