3 0.4849436093094426 0 1
4 0.4102094480614799 1 1
5 0.34120381580674203 2 1
6 0.32014221927415254 2 1
7 0.33474551103958256 2 1
8 0.31640894634026734 3 1
9 0.3502595046827192 3 1
10 0.44918261941798165 3 1
11 0.22334963179267853 4 1
12 0.1753639360762111 4 1
13 0.181558144530798 3 1
14 0.13092637521538378 2 1
15 0.3791385229905044 2 1
16 0.3513483998190714 3 1
17 0.3499222589755003 3 1
18 0.23769856581812684 4 1
19 0.20241292870090447 4 1
20 0.18626387935241456 4 1
21 0.15479434424073688 4 1
22 0.14001705432815353 4 1
23 0.12302577966269755 4 1
24 0.1308560645203374 4 1
25 0.15871688926801866 4 1
26 0.2011433292549903 4 1
27 0.21700133691430412 4 1
28 0.26612703164270907 4 1
29 0.25114679541128476 4 1
30 0.24550228883280514 4 1
31 0.24898566456329077 4 1
32 0.26870208875662766 4 1
33 0.29221985063560457 4 1
34 0.3204018566223757 4 1
35 0.2631122468675531 4 1
36 0.1547574534947474 4 1
37 0.12881457762909967 4 1
38 0.12173889368032173 4 1
39 0.14366534288231905 4 1
40 0.14055618415998233 4 1
41 0.20015234529958284 4 1
42 0.2718236592509198 4 1
43 0.25233796500847977 4 1
44 0.23670515722158691 4 1
45 0.26733159902247666 4 1
46 0.28941338023051155 4 1
47 0.3006601308839727 4 1
48 0.338637939158404 4 1
49 0.35603489232602625 4 1
50 0.3473186855432143 4 1
51 0.2924661058528087 4 1
52 0.2987683578563591 4 1
53 0.3437391671918723 4 1
54 0.34986676882431816 4 1
55 0.3022166407579202 4 1
56 0.3197682668214341 4 1
57 0.2846712027908357 4 1
58 0.2876836166297507 4 1
59 0.3244952048737522 4 1
60 0.3990690206925511 4 1
61 0.4729231271189535 4 1
62 0.2158199228070685 4 1
63 0.41072300685418317 4 1
64 0.4069191896482789 4 1
65 0.27012590779576334 4 1
66 0.21608832490838226 4 1
67 0.1646329878105218 4 1
68 0.18631436196998521 4 1
69 0.1764047523397165 4 1
70 0.17543636358995976 4 1
71 0.21654273264480792 4 1
72 0.22689591716977361 4 1
73 0.23252623882118684 4 1
74 0.23803794843431583 4 1
75 0.23203357040636213 4 1
76 0.2476965751936877 4 1
77 0.26862874932143993 4 1
78 0.26214216547221 4 1
79 0.26334164819086153 4 1
80 0.26419552499975124 4 1
81 0.26843177032058796 4 1
82 0.28983784933533197 4 1
83 0.31956712001312804 4 1
84 0.3332760487860777 4 1
85 0.32317469080766914 4 1
86 0.3332663778420606 4 1
87 0.33732082838068506 4 1
88 0.36809568865878445 4 1
89 0.3973132502129441 4 1
90 0.4435657507353556 4 1
91 0.42977606707687815 4 1
92 0.4217873502788064 4 1
93 0.4253662133854744 4 1
94 0.43056060662671564 4 1
95 0.43561017823532183 4 1
