13 0.13685314603715995 1 1
14 0.2826058682094364 2 1
15 0.25992061586465093 3 1
16 0.27810418446839846 3 1
17 0.22306888236327554 3 1
18 0.19415597865974368 3 1
19 0.2455469198796872 3 1
20 0.2824571455767637 3 1
21 0.2579956307309877 3 1
22 0.3569039900271308 3 1
23 0.3088074600963543 3 1
24 0.25788941982094205 3 1
25 0.23543035050815256 3 1
26 0.3414356001545829 3 1
27 0.5283298148683581 3 1
28 0.5565207913933563 3 1
29 0.48213068030252837 3 1
30 0.5865601727249198 3 1
31 0.41129503684911506 3 1
32 0.341927287612697 3 1
33 0.31606803629311153 3 1
34 0.32102401872642283 3 1
35 0.3238574283019664 3 1
36 0.26036540210222664 3 1
37 0.25661383874772037 3 1
38 0.18690455276621323 3 1
39 0.320019888563531 3 1
40 0.3929982222955992 3 1
41 0.4231762224382409 3 1
42 0.39274991140817783 3 1
43 0.2809273834815979 3 1
44 0.08422087648332698 3 1
45 0.07901990092071419 3 1
46 0.3546666662310562 3 1
47 0.3355613092079351 3 1
48 0.11063730516584139 3 1
49 0.11937043611965215 3 1
50 0.1632241961613404 3 1
51 0.2134490973791585 3 1
52 0.21896536792902563 3 1
53 0.24926470569674175 3 1
54 0.29973944462973856 3 1
55 0.41571209930802605 3 1
56 0.5318379615717865 3 1
57 0.4545205065564097 3 1
58 0.35099486330763546 3 1
59 0.24616441677443657 3 1
60 0.1635754326393829 3 1
61 0.2583317941305149 3 1
62 0.4096691400803483 3 1
63 0.3665696683396505 3 1
64 0.3656728125279372 3 1
65 0.30232332021721264 2 1
66 0.08072621797385449 2 1
67 0.148223196904573 2 1
68 0.21189071938451165 3 1
69 0.10555182545140596 3 1
70 0.17309085242702213 3 1
71 0.2806389857725583 3 1
72 0.21390291966935285 3 1
73 0.2428578408947797 3 1
74 0.2594241021491845 3 1
75 0.2275581451580401 3 1
76 0.2588522999341543 3 1
77 0.31670133425695784 3 1
78 0.3612292766097587 3 1
79 0.2937328485764096 3 1
80 0.35037098845241504 3 1
81 0.4258881188742909 3 1
82 0.2882632437076472 3 1
83 0.22655441113727548 3 1
84 0.5026214868663665 3 1
85 0.45178982967633957 3 1
86 0.3125071049318285 3 1
87 0.4526558814334662 3 1
88 0.5270355321782287 3 1
89 0.5550636687240548 3 1
90 0.41782427756506735 2 1
91 0.41146944168923477 3 1
92 0.4653617650924654 2 1
93 0.4452724934247536 2 1
94 0.37098967802848937 2 1
95 0.39244630311871886 3 1
