18 0.4093575762049698 1 1
19 0.3601776697605603 2 1
20 0.30451856274515604 2 1
21 0.3024911895987821 2 1
22 0.27634446554579767 2 1
23 0.3646787627040057 2 1
24 0.3882179925553278 2 1
25 0.40832293557486293 2 1
26 0.4142575864935067 2 1
27 0.42364868310523757 2 1
28 0.43481330330255463 2 1
29 0.45237572807841514 2 1
30 0.5630017636106799 2 1
31 0.4427981217508682 2 1
32 0.23518356188999143 2 1
33 0.25657990772172035 2 1
34 0.3022243140711073 2 1
35 0.2926347540236491 2 1
36 0.2694392251713095 2 1
37 0.2796849974533419 2 1
38 0.26635972422158327 2 1
39 0.2868780720662374 2 1
40 0.3121097953612921 2 1
41 0.3610354864087646 2 1
42 0.3032084657914209 2 1
43 0.38522989739387636 1 1
44 0.428992428514013 1 1
45 0.4029653637391223 2 1
46 0.4429741734422497 1 1
47 0.42541341122384146 2 1
48 0.4647257321901028 2 1
49 0.4681250337683621 2 1
50 0.4657166755022618 2 1
51 0.48209334264700027 2 1
52 0.466477637072748 2 1
53 0.4521127394806823 2 1
54 0.46448903584505713 2 1
55 0.2861988636075474 2 1
56 0.5707770354683936 2 1
57 0.2319587606907905 2 1
58 0.19936031918982097 2 1
59 0.20074582989890918 2 1
60 0.30478780869547034 2 1
61 0.2782187660292446 2 1
62 0.25786260216845136 2 1
63 0.2619930179670254 2 1
64 0.25483749306878833 2 1
65 0.24192253348647672 2 1
66 0.2476225002674869 2 1
67 0.2732388339593275 2 1
68 0.2990335382861124 2 1
69 0.2658088497648863 2 1
70 0.25157888645583226 2 1
71 0.2471109403786289 2 1
72 0.23247985111942673 2 1
73 0.2472769681609092 2 1
74 0.24750432706557848 2 1
75 0.24252010574586905 2 1
76 0.2316525551284455 1 1
77 0.21369906534357638 2 1
78 0.34984904813702766 2 1
79 0.3192373871802447 2 1
80 0.13518094941370343 2 1
81 0.10769682051306044 2 1
82 0.09882262977157001 2 1
83 0.09419132126896444 2 1
84 0.17432191104425376 2 1
85 0.6772378171986194 2 1
86 0.3156800181143997 2 1
87 0.22970822115927633 2 1
88 0.24375761745495872 2 1
89 0.4025601697497645 2 1
90 0.4219539270511312 2 1
91 0.4117769103251907 2 1
92 0.46432875459156514 2 1
93 0.4727359552419249 2 1
94 0.4818748904675589 2 1
95 0.42765258061559314 2 1
