8 0.28829269629728643 0 1
9 0.22649496631096483 1 1
10 0.19911561245492998 2 1
11 0.24959375358254318 2 1
12 0.2151603306258055 3 1
13 0.2118202623812588 3 1
14 0.18989773380540884 3 1
15 0.22398954254436756 3 1
16 0.2235195956086625 3 1
17 0.20261645816466697 3 1
18 0.19966490650600097 3 1
19 0.23753353853964176 3 1
20 0.23011033245098958 3 1
21 0.47036182890633194 3 1
22 0.2176823372169512 3 1
23 0.13514943474429753 3 1
24 0.11927373435347072 3 1
25 0.12278869117368507 3 1
26 0.17595090156444002 3 1
27 0.19747953156493736 3 1
28 0.2078105945078039 3 1
29 0.28990986814848396 3 1
30 0.23958345409087586 3 1
31 0.3488080674616561 3 1
32 0.2698814598366108 3 1
33 0.2315422894850526 3 1
34 0.2253337110854218 3 1
35 0.17258711722551992 3 1
36 0.25649959167801506 3 1
37 0.361598306488612 3 1
38 0.32554571084890205 3 1
39 0.3627448689039524 3 1
40 0.2474873892122783 3 1
41 0.21251804781040395 3 1
42 0.16166828604810837 3 1
43 0.1410082528457265 3 1
44 0.1337428764671947 3 1
45 0.16573005757961415 3 1
46 0.1708434009402707 3 1
47 0.17629902604419742 3 1
48 0.19367099052149286 3 1
49 0.18532784149869616 3 1
50 0.20313894721541426 3 1
51 0.2332628108530165 3 1
52 0.24310188727578713 3 1
53 0.23313791236197998 3 1
54 0.2061543161459714 3 1
55 0.1756227182763197 3 1
56 0.1841776541767706 3 1
57 0.21552298841392187 3 1
58 0.2477814008424901 3 1
59 0.3440691616981217 3 1
60 0.31787515031943553 3 1
61 0.18781239262135205 3 1
62 0.19324688225019923 3 1
63 0.30498500157161623 3 1
64 0.45200140300189795 3 1
65 0.39712068474355927 3 1
66 0.2507949514460202 3 1
67 0.16999137262209335 3 1
68 0.12243537262969598 2 1
69 0.16014586362495697 2 1
70 0.1621687020492032 3 1
71 0.18216168200709557 3 1
72 0.19930785294328174 3 1
73 0.22458796615199997 3 1
74 0.22770924169130585 3 1
75 0.18862411105870178 3 1
76 0.2847301052403015 3 1
77 0.28289383722421924 3 1
78 0.20489287796083522 3 1
79 0.19573964163672236 3 1
80 0.2319906305791498 3 1
81 0.1736488206567595 3 1
82 0.22635607716691258 3 1
83 0.2976104461033438 3 1
84 0.33250043423037295 3 1
85 0.3451912521354346 3 1
86 0.3614792201478043 3 1
87 0.38232407981432964 3 1
88 0.2642765713198279 3 1
89 0.19480669411659124 3 1
90 0.37434672300345173 3 1
91 0.44990911994466476 3 1
92 0.27180428215117475 3 1
93 0.19533957606059058 3 1
94 0.16636703972398256 3 1
95 0.17282529062235324 3 1
