8 0.10002678299056468 1 1
9 0.065973515267744 2 1
10 0.08553951859919401 3 1
11 0.1056167276499593 3 1
12 0.15943160310250756 4 1
13 0.15368072980769185 4 1
14 0.21475244436564034 4 1
15 0.26918555494940777 4 1
16 0.2439923709469505 4 1
17 0.4234225233611069 4 1
18 0.19390711222307264 4 1
19 0.17646473153052764 4 1
20 0.2710076325896934 4 1
21 0.3181390919373496 4 1
22 0.28084646234035066 4 1
23 0.2801293497131141 4 1
24 0.2786474836809552 4 1
25 0.35329916014986606 4 1
26 0.4740279270769784 4 1
27 0.5063658389245403 4 1
28 0.5572398496842467 4 1
29 0.4949241086820093 4 1
30 0.43100374938131425 4 1
31 0.27515042344775126 4 1
32 0.1727183919492578 4 1
33 0.06308331313048716 4 1
34 0.08279965965413978 4 1
35 0.11422098584753539 4 1
36 0.11768866376713229 4 1
37 0.10277079881901709 4 1
38 0.09811657298579125 4 1
39 0.13169369824951666 4 1
40 0.13344749095332561 4 1
41 0.118247767421681 4 1
42 0.0902636423256246 4 1
43 0.1029693724785796 4 1
44 0.13728951878868262 4 1
45 0.17625828362506185 4 1
46 0.19421583719039198 4 1
47 0.19274965464395521 4 1
48 0.23795947025346104 4 1
49 0.2632588064021476 4 1
50 0.3821659770346349 4 1
51 0.44335699528479167 4 1
52 0.42461205231161087 4 1
53 0.5406538618776244 4 1
54 0.2883209619575283 4 1
55 0.15076514555592596 4 1
56 0.3307242466995239 4 1
57 0.35920760575193944 4 1
58 0.24851367777945416 4 1
59 0.33647770725676296 4 1
60 0.3296840030179649 4 1
61 0.11053189346984532 3 1
62 0.13831737169864555 3 1
63 0.15350598332961096 3 1
64 0.16094480328338076 3 1
65 0.18097067489002708 3 1
66 0.20054037677417655 4 1
67 0.15119160540983712 4 1
68 0.13519911458410638 4 1
69 0.05543658256236608 4 1
70 0.06300748260882623 4 1
71 0.10265871133127351 4 1
72 0.23153214108611056 4 1
73 0.43267920641903007 4 1
74 0.39025498017539356 4 1
75 0.2454633307745034 4 1
76 0.10413125618717957 4 1
77 0.2119781986666192 4 1
78 0.21562614528792048 4 1
79 0.3282004834959866 4 1
80 0.36759039188558557 4 1
81 0.3631696958268854 4 1
82 0.2681675566112862 4 1
83 0.20573749346836412 4 1
84 0.20822043495802978 4 1
85 0.284633104373611 4 1
86 0.39114838679102854 4 1
87 0.43661548312344894 4 1
88 0.35610128165053423 4 1
89 0.2946953754661346 4 1
90 0.3536570978621862 4 1
91 0.2117806575595251 4 1
92 0.41746187063277873 4 1
93 0.48233999625810087 4 1
94 0.431808266133645 3 1
95 0.11813612123298795 3 1
