8 0.26888571455439075 1 1
9 0.3664831830178874 2 1
10 0.3654843122179167 3 1
11 0.16092715506342747 3 1
12 0.2140779840035678 4 1
13 0.16821375438769837 4 1
14 0.11787247573821372 4 1
15 0.28464534624146004 4 1
16 0.29406572379032264 4 1
17 0.2481272228863033 4 1
18 0.2571272096196501 4 1
19 0.2318236422119552 4 1
20 0.21595816978028304 4 1
21 0.22093473551589823 4 1
22 0.2458307847612908 4 1
23 0.25109911923757605 4 1
24 0.28655895195898773 4 1
25 0.32326897578160196 4 1
26 0.3588572810466488 4 1
27 0.49004493702707635 4 1
28 0.4252089472312389 4 1
29 0.18741158074714626 4 1
30 0.07032512216824822 4 1
31 0.18345478479345387 4 1
32 0.27549636997181354 4 1
33 0.2856237769203569 4 1
34 0.3879738403785755 4 1
35 0.27802128654436853 4 1
36 0.15197699893417918 4 1
37 0.1395468305339597 4 1
38 0.14202368764117568 4 1
39 0.23367448280957556 4 1
40 0.38846497393593055 4 1
41 0.38352195333586475 4 1
42 0.36513564163960394 4 1
43 0.26130009147283045 4 1
44 0.12265811596325418 4 1
45 0.08002120980105523 4 1
46 0.09259840740793668 4 1
47 0.11167285843637342 4 1
48 0.12088441770570128 4 1
49 0.1315575176746844 4 1
50 0.14260328035052586 4 1
51 0.20737154861562357 4 1
52 0.39234259159633844 4 1
53 0.435839103294735 4 1
54 0.3673568309913136 4 1
55 0.44124387263021264 4 1
56 0.4801582517213346 4 1
57 0.26042455155658917 4 1
58 0.17720230523134933 4 1
59 0.1938455668591043 4 1
60 0.3000615222588244 4 1
61 0.3047550629460582 4 1
62 0.24599261086313268 4 1
63 0.23963785524969755 4 1
64 0.2648371696007303 4 1
65 0.2709829748849996 4 1
66 0.2548275660174213 4 1
67 0.12023203919905469 4 1
68 0.057161494079617015 4 1
69 0.05305518786306667 4 1
70 0.08198212276085708 4 1
71 0.2446159166595097 4 1
72 0.5181386909607361 4 1
73 0.3854722382275081 4 1
74 0.38242575363263226 4 1
75 0.3051153315425718 4 1
76 0.26856028375262603 4 1
77 0.3075591998829271 4 1
78 0.3290246062664837 4 1
79 0.41743497382731964 4 1
80 0.3414684091101042 4 1
81 0.3211843652306464 4 1
82 0.3534503092191269 4 1
83 0.2640010357327667 4 1
84 0.2315721337131329 4 1
85 0.20146947096829404 4 1
86 0.22224222490009526 4 1
87 0.37105607809882346 3 1
88 0.4687485888878379 3 1
89 0.44348428205892415 3 1
90 0.4581831081823143 2 1
91 0.4951369630513688 3 1
92 0.5017094958902233 3 1
93 0.5077077419938785 4 1
94 0.49988814011763955 4 1
95 0.498738089668259 4 1
