18 0.26781992273282634 0 1
19 0.21681635470496727 1 1
20 0.28420624109426584 1 1
21 0.34057678819131415 1 1
22 0.3898469537920175 1 1
23 0.394603124758272 1 1
24 0.4771474968633361 1 1
25 0.35098783645376036 1 1
26 0.16691242306093268 1 1
27 0.2529519518510392 1 1
28 0.2980166509219494 1 1
29 0.2274041093196889 1 1
30 0.3198670381627878 1 1
31 0.5091475536958483 1 1
32 0.27206707912598416 1 1
33 0.22767826882655134 1 1
34 0.3507948733361003 1 1
35 0.41226026503225893 1 1
36 0.4061926307474881 1 1
37 0.4111987413886837 1 1
38 0.3965069804836076 1 1
39 0.302330770479977 1 1
40 0.22084416432481122 1 1
41 0.34620354250206226 1 1
42 0.4603847514194465 1 1
43 0.593787783564014 0 1
44 0.5316411778511523 1 1
45 0.42800107764044715 1 1
46 0.33447603830884926 1 1
47 0.13534636093481106 1 1
48 0.23355860319900154 1 1
49 0.4161739923660584 1 1
50 0.17092122565534765 1 1
51 0.19250414035251956 1 1
52 0.37042303438873636 1 1
53 0.49359941671482765 1 1
54 0.5642894024197742 1 1
55 0.46131093447073795 1 1
56 0.4255383681468168 1 1
57 0.5721337610798115 1 1
58 0.5095819461870564 1 1
59 0.5098274795341443 1 1
60 0.5383857654368291 1 1
61 0.5058784694314229 1 1
62 0.5240080904126111 1 1
63 0.48823645175188457 1 1
64 0.44252369518937756 1 1
65 0.36633483118411475 1 1
66 0.4790842763138682 1 1
67 0.5645926401606521 1 1
68 0.35985224383300013 0 1
69 0.31186535814713184 0 1
70 0.32184047776211433 0 1
71 0.5388115278711084 0 1
72 0.3050154460248147 0 1
73 0.20249859593163358 1 1
74 0.56120956985869 0 1
75 0.2991226933136127 1 1
76 0.2875656233329484 1 1
77 0.2980004422621855 1 1
78 0.3245124318384978 1 1
79 0.3483673117754851 1 1
80 0.30016421960821776 1 1
81 0.3381002559245233 1 1
82 0.40692996439246404 1 1
83 0.4633000215102675 1 1
84 0.4485928690269465 1 1
85 0.4582359533380186 1 1
86 0.4114778271447909 1 1
87 0.39641639649643656 1 1
88 0.45067323758450384 1 1
89 0.5018533837917919 1 1
90 0.5484068458185771 1 1
91 0.5335719633335994 1 1
92 0.4922056950321266 1 1
93 0.5895479784496871 1 1
94 0.4192914907558352 1 1
95 0.46351202261110475 1 1
