8 0.352355423589626 0 1
9 0.15098517305899045 1 1
10 0.14565909398484655 2 1
11 0.11561683975327275 2 1
12 0.13115286647226693 2 1
13 0.1444884407103781 3 1
14 0.15874635044947286 3 1
15 0.17815048086120677 3 1
16 0.22108743168450257 3 1
17 0.24572066809372048 3 1
18 0.24589043130575294 3 1
19 0.21611451324943784 3 1
20 0.20975969732500216 3 1
21 0.2125896777438873 3 1
22 0.24788928175362202 3 1
23 0.2824758405599897 3 1
24 0.3180881306992999 3 1
25 0.2989442794789736 3 1
26 0.3126674444517621 3 1
27 0.3380788020187875 3 1
28 0.28257300051131135 3 1
29 0.328327253036192 3 1
30 0.39995715904444495 3 1
31 0.2973023187142823 3 1
32 0.2569888862366014 3 1
33 0.23771682276529002 3 1
34 0.27989818969078933 3 1
35 0.30141270110773144 3 1
36 0.2510717886273632 3 1
37 0.2391113426034137 3 1
38 0.2569918702736185 3 1
39 0.2897189839188063 3 1
40 0.32377831758769515 3 1
41 0.23952080292358494 3 1
42 0.2197236763921993 3 1
43 0.3382826829368898 3 1
44 0.3625043746656751 3 1
45 0.3589674322573654 3 1
46 0.3753971824437569 3 1
47 0.36051385613729015 3 1
48 0.2604243679371865 3 1
49 0.3294640415027956 3 1
50 0.3712056448925921 3 1
51 0.3791534239398345 3 1
52 0.307524010261181 3 1
53 0.26244560735318356 3 1
54 0.26462481701212637 3 1
55 0.2485937761022993 3 1
56 0.3544896420750882 2 1
57 0.27865717014144326 3 1
58 0.43704547101817 2 1
59 0.3811453528817956 3 1
60 0.43533159925604065 3 1
61 0.4244425914782555 3 1
62 0.2699766637655913 3 1
63 0.4679922853024863 3 1
64 0.40983735928775955 3 1
65 0.27424679195648793 3 1
66 0.18131728995698645 3 1
67 0.12701328990698582 3 1
68 0.12107096767424956 3 1
69 0.14657607866578803 3 1
70 0.1719923576284711 3 1
71 0.20595885305025746 3 1
72 0.20842645093116485 3 1
73 0.20840648962203082 3 1
74 0.23918567233830926 3 1
75 0.26314589406340816 3 1
76 0.2637179684803686 3 1
77 0.2742274233556879 3 1
78 0.28300962661332457 3 1
79 0.29411213600945807 3 1
80 0.35144877062462987 2 1
81 0.3206073281332154 3 1
82 0.3347148989829254 3 1
83 0.3565015227316769 3 1
84 0.35552889453162295 3 1
85 0.36533703879846074 3 1
86 0.37328162383320684 3 1
87 0.3912775390004224 3 1
88 0.4109540868377823 3 1
89 0.4262357602165167 3 1
90 0.4322210792358155 3 1
91 0.43871398660180944 3 1
92 0.441818475777538 3 1
93 0.44626593456975094 3 1
94 0.45061372093840163 3 1
95 0.45229385348922574 3 1
