16 0.25163270448665903 0 1
17 0.31411154195596364 1 1
18 0.3687082677134076 1 1
19 0.40809554809046567 1 1
20 0.42823120535198234 1 1
21 0.38107073603100533 1 1
22 0.36290797740860853 1 1
23 0.4295548281492581 1 1
24 0.42819597864919373 1 1
25 0.41718885987719545 1 1
26 0.22440559870798354 1 1
27 0.23094781713308804 1 1
28 0.412087385287085 1 1
29 0.5274344029104333 1 1
30 0.5503212542170833 1 1
31 0.48590819453824846 1 1
32 0.3031295931261488 1 1
33 0.21357185866726613 1 1
34 0.26777685659289574 1 1
35 0.2944296663320722 1 1
36 0.32596857497224135 1 1
37 0.2878655445351477 1 1
38 0.41062536471114053 1 1
39 0.31853861282923923 1 1
40 0.3036286164193145 1 1
41 0.22632771179568162 1 1
42 0.10010689066503735 1 1
43 0.29208659903786094 1 1
44 0.4009541484879307 1 1
45 0.11501372045419136 1 1
46 0.18625724109313305 1 1
47 0.2865013952243047 1 1
48 0.17880244848833526 1 1
49 0.4375392915100344 1 1
50 0.2340798655524696 1 1
51 0.220291305688278 1 1
52 0.29870663556999166 1 1
53 0.21636343185219936 1 1
54 0.18709492291319552 0 1
55 0.09338732635369644 1 1
56 0.18334236355936942 1 1
57 0.4023906634648557 1 1
58 0.18938362263245268 1 1
59 0.4735529197091314 1 1
60 0.3316363698164931 1 1
61 0.17389155806354273 1 1
62 0.3891400944809256 1 1
63 0.4674644524423303 1 1
64 0.43991265533457047 1 1
65 0.47377837420608154 1 1
66 0.5536530774628312 1 1
67 0.40459141950877303 1 1
68 0.17106912135169702 1 1
69 0.14741623472460666 1 1
70 0.14202040919051126 1 1
71 0.20364760785765942 1 1
72 0.21396385217415104 1 1
73 0.5984387622740396 1 1
74 0.17337638913987524 1 1
75 0.20382775662415797 1 1
76 0.12342935375608279 1 1
77 0.19199221631583754 1 1
78 0.3621615377799213 1 1
79 0.3681105389751898 1 1
80 0.2835216185013913 1 1
81 0.3765053562464134 1 1
82 0.5096149305230178 1 1
83 0.5656368529038939 1 1
84 0.5609860171513548 1 1
85 0.5191887998988499 1 1
86 0.24402212696332276 1 1
87 0.47309007694831257 1 1
88 0.5143766028752478 1 1
89 0.2721880959779305 1 1
90 0.43212997158225214 1 1
91 0.5557248212785091 1 1
92 0.5821019534815892 1 1
93 0.5822033117558065 1 1
94 0.5792771169596491 1 1
95 0.5822521578210355 1 1
