12 0.6260265623498447 0 1
13 0.5787428910106378 1 1
14 0.27815476694499436 2 1
15 0.20295999271788492 2 1
16 0.23337817894659338 2 1
17 0.40715441277425 2 1
18 0.2589422534866434 2 1
19 0.13378245541492867 2 1
20 0.10676308574411691 2 1
21 0.23733717754847733 1 1
22 0.41911901044896244 1 1
23 0.3619842038778933 1 1
24 0.39013902949317963 2 1
25 0.19028591196082192 2 1
26 0.12705703645956634 2 1
27 0.1427023413426253 2 1
28 0.5214948070825186 2 1
29 0.27254857989916126 2 1
30 0.22802599702015022 2 1
31 0.22729978059185532 2 1
32 0.21236477715853058 2 1
33 0.20661162328755653 2 1
34 0.3193865441713532 2 1
35 0.29288432986316915 2 1
36 0.2495535937395941 2 1
37 0.2155912170349579 2 1
38 0.38543761333839693 2 1
39 0.3134155264150047 2 1
40 0.2181301790659417 2 1
41 0.19298016124373224 2 1
42 0.3123706254412327 2 1
43 0.39576176261051527 2 1
44 0.38188776019666426 2 1
45 0.33299522260120173 2 1
46 0.1918671280756017 2 1
47 0.1817294877145323 2 1
48 0.24718923836506101 2 1
49 0.3317148581226052 2 1
50 0.35476209538956643 2 1
51 0.3918396272131369 2 1
52 0.40580636749026383 2 1
53 0.46856448492093106 2 1
54 0.4054368852499961 2 1
55 0.3133839043316979 2 1
56 0.18274430008164197 2 1
57 0.19143506273039693 2 1
58 0.18163254835091436 2 1
59 0.28257424349596927 2 1
60 0.3802770900182476 2 1
61 0.44362959096512067 2 1
62 0.2800972196536935 2 1
63 0.2657552935971573 2 1
64 0.2754659327349247 2 1
65 0.27406745553164974 2 1
66 0.2622149282742396 2 1
67 0.261513928049 2 1
68 0.25740499972120373 2 1
69 0.22667160198743042 2 1
70 0.23323141355624277 2 1
71 0.2295492427609186 2 1
72 0.26740489077946283 2 1
73 0.23802287995155555 2 1
74 0.24335961748541424 2 1
75 0.24285018578594786 2 1
76 0.24766858687134527 2 1
77 0.2668435311527767 2 1
78 0.30150565327766626 2 1
79 0.3074015313482647 2 1
80 0.25354476132875614 2 1
81 0.23830052734403195 2 1
82 0.24424316671025195 2 1
83 0.33012054485461834 2 1
84 0.4509010050772376 2 1
85 0.4453589883768106 2 1
86 0.44169828104468717 2 1
87 0.45040883400487164 2 1
88 0.5793589845349945 1 1
89 0.582302203711211 1 1
90 0.5653880013348195 2 1
91 0.4123963510410095 2 1
92 0.4259127517798703 2 1
93 0.42694443819268296 2 1
94 0.4801798741543485 2 1
95 0.41645073070523264 2 1
