3 0.518815489198412 0 1
4 0.4544467744877447 1 1
5 0.345394428351688 2 1
6 0.2786124490808702 2 1
7 0.39766698693372354 2 1
8 0.17737496463372254 3 1
9 0.6358227001572341 3 1
10 0.1796172966672447 3 1
11 0.17950850157333822 4 1
12 0.16928665917874103 4 1
13 0.2319246868246136 4 1
14 0.24834932219069683 4 1
15 0.20238898392954044 4 1
16 0.20896722605805665 4 1
17 0.44694932023001466 4 1
18 0.21536678668484602 4 1
19 0.15609944619391164 4 1
20 0.22272352407855767 4 1
21 0.22005586359559595 4 1
22 0.27765533732791037 4 1
23 0.2253926839577569 4 1
24 0.2055596599222977 4 1
25 0.20407762516477276 4 1
26 0.23493183965428668 4 1
27 0.33606988922395886 4 1
28 0.2959435745707679 4 1
29 0.20280059869763523 4 1
30 0.42583156730436805 4 1
31 0.31706119688336437 4 1
32 0.2832798919370303 4 1
33 0.3196695385127511 4 1
34 0.4278684195697548 4 1
35 0.38334342158495427 4 1
36 0.3692739142970504 4 1
37 0.28706550644181533 4 1
38 0.2670116806313731 4 1
39 0.23907178395460807 4 1
40 0.2474710064224379 4 1
41 0.322654298096392 4 1
42 0.29543217019577467 4 1
43 0.19100900293939166 4 1
44 0.12511813239425895 4 1
45 0.1447704667427824 4 1
46 0.13407588196668796 4 1
47 0.14859041194240646 4 1
48 0.18978954620877878 4 1
49 0.28477229410902477 4 1
50 0.36156772162729683 4 1
51 0.3502445959795397 4 1
52 0.2191958479453717 4 1
53 0.2406875852869019 4 1
54 0.23277658437577053 4 1
55 0.22507519709959234 4 1
56 0.20741757322841634 4 1
57 0.22320567945425088 4 1
58 0.6534527499277241 4 1
59 0.21339837781422732 4 1
60 0.2092382060229054 4 1
61 0.24245934829380822 4 1
62 0.23779820728133264 4 1
63 0.2596334540442466 4 1
64 0.26158509372086297 3 1
65 0.2632013989236651 3 1
66 0.2250674198454712 4 1
67 0.37210643783126324 4 1
68 0.21935523692908565 4 1
69 0.2078790226327603 4 1
70 0.237397487150791 4 1
71 0.22496427883507744 4 1
72 0.2569090762455654 4 1
73 0.325052959960037 4 1
74 0.3076691924507911 4 1
75 0.28940390343988687 4 1
76 0.2798931631774508 4 1
77 0.24630276684358351 4 1
78 0.2468579951789925 4 1
79 0.2279366850788581 4 1
80 0.20253420500087113 4 1
81 0.22408705614894753 4 1
82 0.2428359386906224 4 1
83 0.24780143647854297 4 1
84 0.30558242770914346 4 1
85 0.2787731953545958 4 1
86 0.32818983436056237 4 1
87 0.3051982994504246 4 1
88 0.2542167879505421 4 1
89 0.2647548183872153 4 1
90 0.3712984148838787 4 1
91 0.5677571710767207 4 1
92 0.1793654847569595 4 1
93 0.42730345713637224 4 1
94 0.44425068924607675 4 1
95 0.3828488715255002 4 1
