13 0.193558744428327 0 1
14 0.17555632722686904 1 1
15 0.18748751277191208 2 1
16 0.18147891514259148 2 1
17 0.3617017899033351 2 1
18 0.21983230798501494 2 1
19 0.6349024828146891 2 1
20 0.17517491082904438 2 1
21 0.1449185934795522 2 1
22 0.2752572443624464 2 1
23 0.18850830536533542 2 1
24 0.2696646754795505 2 1
25 0.1897531459041385 2 1
26 0.13227486664926294 2 1
27 0.23277688888345582 2 1
28 0.3047132355338593 2 1
29 0.383786713374329 2 1
30 0.343548239058674 2 1
31 0.34920001436412773 2 1
32 0.3542432862896251 2 1
33 0.3502996342392821 2 1
34 0.332937422950748 2 1
35 0.21719553246467527 2 1
36 0.16758281237385214 2 1
37 0.15799929339345334 2 1
38 0.28361173076156493 2 1
39 0.2890553383322492 2 1
40 0.2587161838671316 2 1
41 0.25592193724153084 2 1
42 0.3521706680123222 2 1
43 0.29851225729554215 2 1
44 0.23199688422365178 2 1
45 0.144897770610427 2 1
46 0.09383083859223397 2 1
47 0.16040023112613327 2 1
48 0.18494091975798618 2 1
49 0.2438855584657392 2 1
50 0.2384501834030845 2 1
51 0.20696893001966168 2 1
52 0.3034775220610287 2 1
53 0.27884747723720393 2 1
54 0.2249270177632609 2 1
55 0.24621658273016478 2 1
56 0.24558439996124434 2 1
57 0.3806120741307575 2 1
58 0.47961718666943676 2 1
59 0.42546746108851424 2 1
60 0.47960593542786945 2 1
61 0.46415576060145713 2 1
62 0.44325884979009816 2 1
63 0.1614495780190508 2 1
64 0.15794607987245335 2 1
65 0.13932378238720533 2 1
66 0.14164204851240156 2 1
67 0.1428349134191615 2 1
68 0.24935294221750348 2 1
69 0.25551841514705187 2 1
70 0.22873336520232632 2 1
71 0.29122400097876083 2 1
72 0.4373118210024442 2 1
73 0.3546655092623074 2 1
74 0.17915067662296266 2 1
75 0.14114435716037682 2 1
76 0.17328841375464013 2 1
77 0.20470290957206536 2 1
78 0.24603404065397608 2 1
79 0.2679296813029213 2 1
80 0.41256027724664907 2 1
81 0.42431003166980863 2 1
82 0.39925144754538955 2 1
83 0.4621885655520084 2 1
84 0.47146394571681244 2 1
85 0.48622447590416373 2 1
86 0.5168818518263123 2 1
87 0.5080890028895584 2 1
88 0.5155300718660158 2 1
89 0.4608397698574196 2 1
90 0.49452044400741846 2 1
91 0.5266406749215705 2 1
92 0.5243479859758199 2 1
93 0.5089958724261261 2 1
94 0.5352862543612564 2 1
95 0.5378045275231368 2 1
