13 0.38922295737966217 0 1
14 0.3823486826568175 1 1
15 0.34362310162408444 2 1
16 0.3225624061686262 2 1
17 0.2745418938165114 2 1
18 0.17650130944943943 2 1
19 0.21454814671142625 2 1
20 0.29740357620591334 2 1
21 0.32507697191797896 2 1
22 0.35311242176460156 2 1
23 0.34589312032709935 2 1
24 0.31992136336982824 2 1
25 0.3826071920858513 2 1
26 0.39665499702970547 2 1
27 0.4264238182509651 2 1
28 0.4626315026094325 2 1
29 0.5186776651935052 2 1
30 0.5286224257160502 2 1
31 0.43263562528041877 2 1
32 0.25428848646026003 2 1
33 0.23999468063456605 2 1
34 0.3064546238073855 2 1
35 0.27714263487431967 2 1
36 0.2586801187486756 2 1
37 0.2641272505593021 2 1
38 0.27436114918525784 2 1
39 0.27888630203153003 2 1
40 0.2789455313413176 2 1
41 0.3028053765765612 2 1
42 0.2859268907611853 2 1
43 0.28758315893815395 2 1
44 0.29209356514354207 2 1
45 0.36265419436294116 2 1
46 0.4107506654245834 2 1
47 0.3656328143406305 2 1
48 0.37505349504296037 2 1
49 0.4017460711080682 2 1
50 0.4711208836998699 2 1
51 0.23180037078227833 2 1
52 0.2379651214962997 2 1
53 0.36303779854038215 2 1
54 0.4360367201194424 2 1
55 0.4625168349795071 2 1
56 0.4463867488022278 2 1
57 0.514450150038896 2 1
58 0.36632425465273666 2 1
59 0.42411487062938547 2 1
60 0.4325805618183538 2 1
61 0.4077769743127059 2 1
62 0.3585054359109135 2 1
63 0.40162219652635983 2 1
64 0.4648287417846319 1 1
65 0.5105208645269316 1 1
66 0.2572723061368921 1 1
67 0.4625618290277082 1 1
68 0.4695049410257963 1 1
69 0.16991324620639545 1 1
70 0.18426811396029355 1 1
71 0.2775931173021625 1 1
72 0.30508746581838225 1 1
73 0.30779949902993364 1 1
74 0.28031548794088623 1 1
75 0.24164545828101885 2 1
76 0.27017533204530475 2 1
77 0.2698052046463143 2 1
78 0.26518737593617925 2 1
79 0.2750675828217524 2 1
80 0.26859733353839155 2 1
81 0.3516069734014363 2 1
82 0.41957220430495834 2 1
83 0.410611661700646 2 1
84 0.38123741690728413 2 1
85 0.3961824894087485 2 1
86 0.40866441950331917 2 1
87 0.4456862878605456 2 1
88 0.4553448861137233 2 1
89 0.46920144164262195 2 1
90 0.5712018013543335 2 1
91 0.46862929809352616 2 1
92 0.4705731099947496 2 1
93 0.509115362031968 2 1
94 0.5109464200795629 2 1
95 0.4504780174571812 2 1
