3 0.32091302087907453 0 1
4 0.5531254253536927 1 1
5 0.2506704562428783 2 1
6 0.1373798747409642 2 1
7 0.12632455908675247 3 1
8 0.15317214215244412 3 1
9 0.19343495021351365 4 1
10 0.1448992690227284 4 1
11 0.27548749932668454 4 1
12 0.27766441075999876 4 1
13 0.2181650117782955 4 1
14 0.21951473623039464 4 1
15 0.21731502254036775 4 1
16 0.2753614033216978 4 1
17 0.2572351932383145 4 1
18 0.2162981012281873 4 1
19 0.2350578632060486 4 1
20 0.2030021247378004 4 1
21 0.17147077568681376 4 1
22 0.20366574101928564 4 1
23 0.3116366781537614 4 1
24 0.3282340906475316 4 1
25 0.2656399976874886 4 1
26 0.23797647963945243 4 1
27 0.22945381584204882 4 1
28 0.2091328244749618 4 1
29 0.15070476863255253 4 1
30 0.19462984911959805 4 1
31 0.32556643312434597 4 1
32 0.3509089849642032 4 1
33 0.3022805648409952 4 1
34 0.26263633963282956 4 1
35 0.23573759872887398 4 1
36 0.24866546700261372 4 1
37 0.3143026902477199 4 1
38 0.34428064140785225 4 1
39 0.2812054555060075 4 1
40 0.20703486400192453 4 1
41 0.2326191399347889 4 1
42 0.23412875852806433 4 1
43 0.2255277493908684 4 1
44 0.32537957463313116 4 1
45 0.3439205147820663 4 1
46 0.3200359547162157 4 1
47 0.18226454788834237 4 1
48 0.23970669127975608 4 1
49 0.547261337499826 4 1
50 0.17535537443634922 4 1
51 0.1830566798822641 4 1
52 0.20033434314249987 4 1
53 0.20887778012539585 4 1
54 0.22681559606204432 4 1
55 0.23189054058546857 4 1
56 0.3362726157757805 4 1
57 0.37543025434871174 4 1
58 0.3384981309177291 4 1
59 0.32219701287287816 4 1
60 0.3625706065998053 4 1
61 0.37897294504347023 4 1
62 0.4132385276447076 4 1
63 0.3688228213538785 4 1
64 0.3291531427362708 4 1
65 0.28174190222026557 4 1
66 0.3268415712572284 4 1
67 0.4160937220226586 4 1
68 0.3323888824919063 4 1
69 0.308834300583668 4 1
70 0.24447841073647494 4 1
71 0.2484942292607892 4 1
72 0.24438635668731964 4 1
73 0.2551906500476843 4 1
74 0.2328608489202733 4 1
75 0.24939208085198458 4 1
76 0.23943612565634756 4 1
77 0.2510069134222689 4 1
78 0.2599396655457989 4 1
79 0.28938061056230513 4 1
80 0.2301339320543155 4 1
81 0.2377820236455504 4 1
82 0.22414123967763164 4 1
83 0.24697073299310032 4 1
84 0.24712190476632062 4 1
85 0.26990633427355715 4 1
86 0.2617121264368996 4 1
87 0.2823452823231832 4 1
88 0.3082920587290735 4 1
89 0.3119072492722266 4 1
90 0.3728764952182128 4 1
91 0.4217972517009344 4 1
92 0.394069409150757 4 1
93 0.4021687775098318 4 1
94 0.3658559835976402 4 1
95 0.39899925556771687 4 1
