1 0.0
2 4.455775621116143
3 4.324259158406547
4 3.200941501005739
5 2.0462208489543854
6 3.002712106554225
7 4.403507450305582
8 4.230572561038371
9 4.484904059439669
10 4.633947627058139
11 4.4978702614995925
12 4.3827564875307
13 4.254873746037019
14 4.32901761597302
15 3.542459299874201
16 1.9982453683651842
17 0.008390203439605644
18 0.0
19 0.0
20 0.09551353860556194
21 0.0563342865446817
22 0.9009547727787015
23 0.0
24 0.003162633073616269
25 4.874905063303864
26 1.318717758119035
27 0.594828962726471
28 0.0
29 0.0
30 4.940949830039312
31 0.15573118828601312
32 0.00013027625411851244
33 0.0
34 4.055203064529951
35 0.8406129180317002
36 0.0
37 0.002445648027085469
38 1.1853974296486434
39 0.8056270704627738
40 0.9276223640900567
41 0.0
42 1.387388472118436
43 2.511291598778463
44 0.5935531555973836
45 0.0
46 0.0
47 0.20236517973121956
48 0.0
49 0.0
50 0.24230473681540657
51 2.3015970558025876
52 0.2614060071801039
53 1.7241243343069803
54 5.051548489133428
55 2.952321434245909
56 2.518499599209748
57 3.435154805368015
58 3.4285990823739274
59 0.0
60 0.0
61 1.7996808339059538
62 0.8804761836117622
63 0.9211088270017864
64 0.0
65 0.3249465225307692
66 1.096471784529124
67 2.344249723009134
68 0.0
69 1.1869048746790187
70 1.61728591439853
71 1.951194553541414
72 0.06795572711063869
73 3.1643965518252366
74 9.583085567014521
75 1.5813286259439172
76 0.0
77 0.00035006044913462285
78 0.004515409416150163
79 0.0
80 0.0
81 7.637769731344868
82 0.0
83 0.07292800107971104
84 3.7492620269957753
85 3.1022405896301026
86 4.153605615998543
87 2.166363443151131
88 7.101001248244014
89 3.0878965144207773
90 1.6079241395879738
91 0.0
92 0.002844136908307521
93 6.664249189385979
94 0.00014438556810998738
95 0.0
