12 0.0
13 11.238494754093479
14 8.334585222172391
15 2.970871513452652
16 3.892445607217548
17 1.0812669762838913
18 0.0
19 0.0
20 0.2141255594525299
21 3.127444881148808
22 0.0
23 0.46530830802070555
24 0.4433704726228739
25 0.0
26 5.1146163328815835
27 0.01080926789650466
28 7.786374735057432
29 2.3703385328992015
30 6.328724296778692
31 7.732739846692829
32 0.0
33 7.192789740106799
34 1.1531834225293356
35 0.038739580805878915
36 0.7506903701076917
37 7.111015145373675
38 0.041206880553261674
39 0.8665871262229318
40 0.47414961059016025
41 6.056159160891379
42 4.581739452157285
43 5.412762049351398
44 9.500052742044474
45 2.8901565263580595
46 5.444121276643492
47 8.068603766491794
48 9.559735769133487
49 0.1419091339360812
50 0.3400139810748146
51 0.29498524145200766
52 1.024743816167201
53 1.0970303728249104
54 0.0
55 0.0015383422256312637
56 8.62438006961043
57 10.22694395674949
58 4.268300193605629
59 0.30164098918619053
60 9.357963248427131
61 2.440649673484424
62 4.605589096665196
63 2.3242478772278155
64 4.318366561596245
65 2.641465426220809
66 4.430141013925445
67 1.7784639184190798
68 0.0
69 0.0
70 3.5429333575874984
71 3.0387348430218792
72 2.5820457693237873
73 5.811821208097984
74 1.9669306833142763
75 0.01200043385364026
76 1.4433341450218342
77 0.0007850025596485069
78 0.21372065961771797
79 4.695374741483925
80 4.860810685938808
81 4.480162361420585
82 3.012456336678582
83 3.291120778802834
84 1.674571459255378
85 0.7126526780814154
86 0.5579677902259458
87 0.0
88 0.0
89 1.3403896800081787
90 4.127899531676144
91 2.3884747206348265
92 0.0
93 1.2304083222015043
94 2.7357067677442446
95 0.6732173755043885
