17 0.0
18 3.4897046235248252
19 2.662348038200623
20 4.621028753815936
21 0.8497216854707494
22 3.7182297669621294
23 3.4801603692821375
24 3.191465786154797
25 3.4475824970755418
26 0.44425738411764426
27 0.12177044867839738
28 0.6602784970042541
29 0.0
30 2.8187580511903145
31 3.580659799107307
32 1.6961278140868963
33 1.8341298322056299
34 0.8577372764138147
35 3.32984747954176
36 4.4164032487974545
37 4.394485353274697
38 3.2542308116232803
39 1.497737162357427
40 4.240030855693113
41 3.2837101945673126
42 1.1861113789477482
43 2.855364631118344
44 2.609722091173715
45 2.3918521384124283
46 0.6194590957364731
47 2.076806635571911
48 4.981904930899012
49 3.922071593155378
50 4.095935942960221
51 3.879345845811326
52 3.912666963869136
53 3.202732142592588
54 4.382209389510518
55 2.861387461421254
56 2.504819620287828
57 0.6917642667213866
58 1.9181040788313501
59 2.827489144536608
60 2.8912426114919243
61 0.05847760107978925
62 1.7139294179622426
63 1.053221195775903
64 2.575747541035928
65 3.0945240268552014
66 2.8371596963329613
67 4.777483628292713
68 0.394138407206059
69 0.17926539109051234
70 2.292240520931518
71 3.5015392840261046
72 3.3429878372313606
73 0.7275327911950304
74 6.6665771669895495
75 0.26053378677362676
76 7.087768477301605
77 3.8851607502947205
78 2.979264620687755
79 2.162110636318539
80 0.004984986331549394
81 8.517181365653707
82 5.630692219826613
83 6.923729212365052
84 9.880476737938917
85 8.919728436321563
86 9.555174189189785
87 9.951146913544685
88 9.77087950363571
89 10.796519112422565
90 10.408492324644417
91 9.602141592214972
92 10.955014526572233
93 7.613377754672724
94 10.274457066869005
95 10.429350557956274
