1 0.0
2 1.4417625661914713
3 0.848742694131861
4 1.291762689486328
5 2.089745964559711
6 2.678686906515216
7 2.6409557491689277
8 3.4210923812652996
9 2.9771848492227595
10 3.067623330499946
11 1.3929740051880095
12 1.6561505425680367
13 4.390308110690307
14 0.00013470636457016435
15 0.0
16 0.12058967552372905
17 9.100759394758294
18 0.0
19 0.5435594987508252
20 8.062254593158963
21 0.0
22 3.723801564999348
23 0.016855564544060293
24 4.690330261844935
25 0.012328085835739784
26 0.0
27 2.010474174634727
28 3.669372194088573
29 0.0
30 7.127069841586349
31 0.8028624667847071
32 5.809929834693329
33 7.480355986499919
34 6.607624374239642
35 6.825165773318705
36 9.958936276461388
37 9.625757755247346
38 2.6214251854694757
39 7.8320491829943855
40 7.889437325576871
41 9.642670978814763
42 10.571648540768535
43 8.403675390570314
44 6.82270093664049
45 2.1730306514340336
46 0.0054378344863249516
47 0.0
48 0.0
49 0.5654352198196407
50 0.0
51 3.399534940242296
52 0.014103527085949653
53 3.870519942671637
54 2.252086981337634
55 0.17152204407540425
56 0.0
57 4.22281659446055
58 2.046080374431441
59 4.607744581721042
60 7.784595903736882
61 6.626887821890108
62 7.325771833999912
63 5.459355954365403
64 4.2863068057016775
65 3.0023430457965974
66 3.5435920289182588
67 3.003246163378332
68 2.544064179632763
69 0.04050351462632253
70 2.4211591127065764
71 2.4755692283937427
72 2.906992901684227
73 0.0038424258396800855
74 1.2101401813901926
75 2.852043261494306
76 2.702087195678308
77 3.161985015063134
78 0.4772910015255194
79 2.2430873351372917
80 2.316583860177122
81 3.2522365486771676
82 2.6151660905141036
83 0.0
84 3.601791149788972
85 3.913273878227596
86 3.190714182666411
87 4.30517281485328
88 4.887101716376087
89 5.662757003674852
90 0.3867199409484365
91 2.176368236008424
92 4.594182396865746
93 5.922860164321792
94 6.414622574484053
95 1.6095117917085902
