7 0.0
8 2.2210468998028574
9 2.9419660821631255
10 1.6237758186994875
11 0.036826329942027995
12 0.0
13 8.04771773258231
14 0.11250662823393098
15 5.885922951153204
16 0.0
17 3.0306875839354968
18 3.5924505046215716
19 3.3296286091830587
20 0.352811745931984
21 3.065584213686859
22 0.005893199578333201
23 0.004109530880152986
24 0.0062982561373978495
25 0.0
26 6.8265338566521745
27 0.891292017329246
28 0.9169927770714699
29 0.0004629071007979706
30 6.312678279738585
31 0.0
32 0.0
33 3.635863566495448
34 3.3719794639982923
35 0.3667656383908782
36 8.729145637946583
37 9.8038367911277
38 2.4347241947068996
39 0.0
40 0.26294263597142364
41 0.4946216131526136
42 5.229623790525266
43 4.9092155435513645
44 0.7460556636863475
45 5.772565492839201
46 0.18191798788305888
47 0.016553221711185992
48 1.5122626632998226
49 2.076976028501377
50 2.9830259105845265
51 0.019777889308684255
52 0.000444564337073325
53 6.609983530826648
54 7.42834509899654
55 0.001989169905158839
56 0.004401971357126463
57 0.002360142381049109
58 0.0005028711389897692
59 5.869773875841914
60 4.663283235261663
61 0.0
62 0.0
63 1.1099993640332815
64 0.5114592153075556
65 0.1862118068379257
66 3.1849984414550274
67 1.1441261782665515
68 2.2637937942437065
69 0.15616822082972845
70 7.848837151413845
71 0.00013439110261084523
72 2.7678076922443906
73 0.08958004946823614
74 0.0
75 0.0707367419100773
76 0.0
77 0.8100786963969373
78 6.945226157447985
79 5.062029723357765
80 1.9289039865873085
81 0.0
82 0.01996743118327177
83 1.67051267816907
84 8.104890142626376
85 3.4336576545370963
86 0.5158856997696559
87 1.3760954154148561
88 9.410453983644114
89 0.0
90 1.1689968642735238
91 3.5081204859380537
92 5.665488691412464
93 4.417757791791703
94 10.185409989684421
95 10.417550470564404
