17 0.0
18 5.728448191992095
19 4.073017783961268
20 2.192088433615585
21 5.289000886144224
22 6.076306689453828
23 3.2433430643589887
24 5.921633122810615
25 3.0177494487260583
26 3.3029660164272308
27 0.9602329690212124
28 5.065268556847744
29 3.379872364363781
30 1.0383004058036176
31 0.058943922430147476
32 0.04633376666192719
33 3.216470367167232
34 2.6238857270732057
35 1.6995185659201826
36 7.420364386555232
37 7.77355524609692
38 5.427170443497852
39 2.597826885412569
40 6.00557033021712
41 3.977152113101998
42 0.8536866625486197
43 4.471510258538507
44 3.2278147608876107
45 2.365537039972105
46 1.0527629277170842
47 3.1418719822159114
48 0.8298406102711462
49 3.4693249552080045
50 5.296563629318323
51 3.177923461554298
52 1.2353823025164203
53 2.855808082655717
54 6.6127616815500065
55 4.472631318291566
56 7.733744980354173
57 3.5465560501078808
58 5.167325839183595
59 8.21307909344361
60 3.6929456596904537
61 7.114333040302293
62 10.184990504528885
63 7.226162092417893
64 9.498839421625279
65 8.647672299442702
66 12.324654972492752
67 0.7744651206117105
68 5.878909269146374
69 5.088599373930271
70 5.268893400942716
71 0.8328373519769501
72 4.090972577889484
73 2.7004403360043234
74 3.040484650141026
75 4.612081227965883
76 4.2875097727563904
77 4.190417964248264
78 1.2378709772480345
79 2.9471508030596936
80 2.880487998630209
81 3.31231539760566
82 1.340917884033226
83 3.8290821313518655
84 2.202109312142708
85 2.529909599527698
86 2.365512403197194
87 3.7306907629540604
88 2.6380791077463868
89 3.503719877706993
90 3.474124321429897
91 3.0260522876753964
92 3.166614989233512
93 1.6149298286579135
94 2.9364399502318874
95 0.5843436709208326
