17 0.0
18 9.228797760419235
19 5.712416275674756
20 7.446789998815042
21 12.331192548669282
22 10.456465780010612
23 12.143481893801365
24 12.374114142532543
25 10.64094049566171
26 5.99599227364676
27 8.987526258411297
28 0.007069524786027519
29 9.37067408724891
30 8.321228714337876
31 7.698925063633477
32 8.461499771879806
33 9.721546527650544
34 9.769120205932209
35 5.609179578361104
36 6.016493324391323
37 1.445813478958522
38 2.029815978242529
39 5.4937246948356915
40 0.0
41 7.234892663541695
42 8.103670611168088
43 7.544230078888468
44 8.008899946383556
45 9.890466475562212
46 10.608948678153094
47 10.93191362914113
48 8.930241725908422
49 8.58466309306743
50 8.374269384338591
51 8.918283708591138
52 9.48893374756502
53 3.5272064334853086
54 8.056589361053492
55 0.0
56 9.503060390974161
57 9.170063539380774
58 9.296188266967924
59 10.191234089668416
60 8.614049620690524
61 7.941394227918595
62 5.218385048147631
63 0.5893616961969955
64 0.2191689236677248
65 0.18698245080441592
66 0.09333589802143381
67 3.9382056994878067
68 7.398322522263628
69 6.777147332093124
70 4.933529910897465
71 5.329915139257233
72 9.98337878165626
73 4.466764404666783
74 8.88911046521074
75 8.95907375149379
76 9.830471897596743
77 10.425440586233629
78 1.9644122180248769
79 5.053224620609635
80 0.07494612082442552
81 0.9451950231975483
82 0.07758548728469522
83 8.531044186237098
84 0.06759555600522359
85 2.0622458481152997
86 6.723036264803057
87 10.14322800857046
88 10.824176007925278
89 10.490126888367433
90 10.557213675739659
91 10.563923397378717
92 10.332962580729854
93 10.398718402334092
94 4.752765071334525
95 0.00482446107970755
