1 0.0
2 4.3306006631526826
3 4.308679673676391
4 1.9652850398834332
5 1.5536371934374682
6 1.5607787775909097
7 2.239587316269568
8 4.315843503026525
9 4.35652942526772
10 4.082340790033286
11 3.6591821530557183
12 0.028214180072557
13 1.3724550938545406
14 1.4855364774034403
15 1.5120457622616585
16 0.003101537283725653
17 0.6235101483965064
18 0.0
19 0.0
20 1.2000237041719343e-05
21 0.0
22 1.742501819653048
23 0.10842613376306968
24 1.8718018865199175
25 0.423853436613825
26 3.6343853338779026
27 3.3202666556063467
28 7.207486695878008
29 4.178956059316636
30 7.150525281570195
31 2.0636918318975424
32 0.3132603182276692
33 5.066350001064231
34 0.0
35 0.0
36 0.0
37 0.043384476913603365
38 1.379469275419105
39 1.4339011854504624
40 4.835018952138813
41 8.048805160129943
42 8.012765539859661
43 5.140675843448633
44 6.988759086149534
45 7.083046215473505
46 6.176287342686411
47 5.564720265955441
48 3.644921013770428
49 0.5290659198030793
50 3.5675577234990064
51 0.011150337693611541
52 0.925702469335506
53 0.0
54 0.007802060868618177
55 5.6434700629929955
56 6.7995528161563
57 4.593921882194699
58 6.626182774566214
59 3.6556609325222382
60 4.4193796926622655
61 4.987035523608124
62 3.0910631533400736
63 0.18256302046571307
64 2.404925342984956
65 8.402872692522628
66 9.89392191683274
67 6.084130130229048
68 10.513665694326749
69 12.19904506476989
70 8.421999020243522
71 9.395429458519029
72 9.031699011224168
73 8.006852170935096
74 4.917863060611794
75 8.274163529532967
76 1.3631945771833303
77 0.0030803195724657157
78 0.0005812151844974715
79 2.2060071755122257
80 2.3783156866614066
81 0.0
82 0.5936280385766667
83 0.0
84 3.206599094614302
85 1.1169702316642895
86 9.526879154086988
87 9.060679299367637
88 8.940833646135728
89 4.156423922228715
90 8.883642839483292
91 4.127944041425393
92 2.7456247813495707
93 0.0
94 0.0
95 0.01621652260977689
