12 0.16718496486189582
13 3.9066738015227362
14 1.3660134943137836
15 0.00285597058952378
16 5.621159776412602
17 0.07454564263614302
18 0.13293372294380076
19 6.2848913615194615
20 0.19815110137634664
21 0.0
22 8.289750392759156
23 0.0018538754645594409
24 5.522870707460452
25 0.07981377465722725
26 1.2323480602249652
27 0.13513651536857704
28 0.0
29 3.0990035345407567
30 1.3458236033156943
31 5.705201558937534
32 4.390280242308136
33 3.021313316874191
34 1.1245749036127581
35 1.611966748043539
36 0.05980744250205602
37 7.113850498867041
38 3.7140156295358775
39 0.576078067255399
40 1.514812090038686
41 4.504628791624897
42 1.6129058126702647
43 0.771940809920464
44 0.4633895631636177
45 0.010591940022151863
46 0.0
47 2.659451429564143
48 0.0
49 6.746630330190858
50 0.5021818629829141
51 0.0030339575592184752
52 8.55189669723028
53 0.02602708946730081
54 2.390733662568062
55 2.526056126963787
56 8.046548685312736
57 2.1118049928159603
58 0.024723469246385698
59 0.012244393282516875
60 4.320962285974648
61 0.0
62 0.046950478901743344
63 1.2859210803186196
64 0.8418078721191014
65 0.36669833604090146
66 0.0028980766385071828
67 0.002991080412434955
68 11.16567166441715
69 9.727580877811086
70 13.139320431774923
71 11.279242269293302
72 10.11725580393053
73 11.973599113823543
74 3.451598057212917
75 1.1232407608123316
76 0.0
77 2.792699912593206
78 3.5763855800522486
79 4.438759970934498
80 6.343707692643996
81 6.695820105906745
82 5.725520297892985
83 3.1188401315924223
84 8.090185272324543
85 7.182054136871547
86 3.5109919484932335
87 8.551855997485413
88 2.721892309801351
89 10.564339866755793
90 0.7359371610694939
91 5.757560387656199
92 6.29557200019
93 4.164934440230799
94 2.7148387788408916
95 0.612775659005717
