12 0.14959305783777374
13 0.8384274674046601
14 0.03896808511225466
15 0.0
16 0.0
17 1.2475233281470803
18 1.4080703221770532
19 0.5131857888718672
20 0.9527856669053086
21 3.0213998257869314
22 2.4271242225242866
23 1.270735371192673
24 2.763778447144616
25 3.122188929041549
26 0.42146801528843225
27 0.3787270414804466
28 0.00976036806389508
29 0.6083125516871388
30 2.624691028998553
31 1.2009338680945312
32 3.6300432384811017
33 0.2272872448102422
34 3.9450685398790064
35 4.459435717639912
36 4.43101277639632
37 5.458337995448479
38 7.449020538374218
39 1.2110068715124094
40 0.05123750199185311
41 0.00011582751943248261
42 0.00036864985817703033
43 4.476152261902658
44 0.7242661018673195
45 0.00036276642501580276
46 1.5820301527278144
47 1.678482632009221
48 4.564484751899681
49 2.8731106914407043
50 0.2710481932128939
51 0.0
52 0.04523466284261669
53 0.6178470446462863
54 0.7235539067837741
55 1.9610577398392104
56 2.930202339330869
57 0.15811706231296632
58 0.683986763543927
59 0.0
60 0.34592159551897556
61 0.586822350841133
62 5.257924420126537
63 0.4169921395166381
64 1.2486536965060173
65 6.246313346821056
66 1.819792439998198
67 3.4142845219369486
68 0.2495223837631907
69 0.00673342263769397
70 0.18653427107561885
71 0.7230554550457134
72 8.128417921773353
73 0.009691889407243274
74 0.0
75 1.4679103926398904
76 0.02158804030507265
77 0.49094359444689306
78 6.736038104885799
79 2.797503931883788
80 0.4385131235912575
81 5.573473512753668
82 6.156486428018891
83 0.0
84 9.266583023935949
85 0.0008033158788933578
86 0.0
87 0.0
88 5.590907927118118
89 0.03843081947343768
90 6.10985521177102
91 0.0
92 1.7159625036866475
93 9.996200170964132
94 10.925554710167885
95 10.174670730392284
