12 0.0
13 2.007510718737856
14 1.4795113180884167
15 3.3896879257143646
16 0.0
17 2.516260283293371
18 2.583700359551124
19 0.0
20 1.7105500276356893
21 2.526386222867462
22 3.7484936977332586
23 4.222122258664597
24 2.8244994508534287
25 0.03643068403878073
26 3.7865117050171113
27 3.6463487906779903
28 4.35872450305881
29 4.987441292504797
30 4.46401946638113
31 2.826186558459887
32 0.6291956291699954
33 1.2530331847869736
34 3.6547006751867976
35 3.7251092248616375
36 9.058904890944207
37 3.9088714030571188
38 3.9245457330454463
39 2.828569795292456
40 1.9470823551693222
41 6.804790285592222
42 4.4996961324417475
43 3.370503760504411
44 3.379456700624509
45 2.3904973390359094
46 3.0000590776504756
47 2.2722684637701573
48 3.716447798570475
49 3.5214021251662952
50 3.7402871435970866
51 2.7829433850146414
52 2.8129064346019823
53 3.830047309879866
54 3.6695500881487573
55 2.625931269906474
56 0.2195668997088116
57 0.0005448379822298749
58 0.0
59 0.0
60 0.0
61 0.797273333471943
62 2.3612279086717853
63 3.200761831827473
64 4.030390661895348
65 3.6942574278697764
66 5.942865358414751
67 8.132786844863993
68 11.632023918621572
69 12.094359020367465
70 12.29307750903424
71 11.318246481568254
72 10.695487138844374
73 12.686507547538312
74 12.039890723442737
75 9.688747880246204
76 8.434960430430431
77 9.002650119008456
78 7.250500202909085
79 0.035968904033142055
80 0.0
81 0.6319945929459208
82 0.0
83 0.005040843590573711
84 0.1118345658627001
85 1.000458656102315
86 0.04039522150922168
87 0.0
88 1.9885376741276133
89 0.0028723425245891147
90 9.359060874154338
91 10.537221131655242
92 10.22452253943342
93 9.05850438367628
94 8.157348423419563
95 8.07319203396272
