8 0.11933645549708129 0 1
9 0.14382081030782012 1 1
10 0.16150290314770546 2 1
11 0.2501621841636623 2 1
12 0.2798521590028465 3 2
13 0.25889850513938384 3 2
14 0.34804390060103135 4 2
15 0.332012774708909 4 2
16 0.24349924763380498 4 2
17 0.2948260293167041 4 2
18 0.3244476701313619 4 2
19 0.27270397031925975 4 2
20 0.23518677684797676 4 2
21 0.37235377877008835 4 2
22 0.40088398080900034 4 2
23 0.4037914129433907 4 2
24 0.4130080496521467 4 2
25 0.42380105565504644 4 2
26 0.45498459179834744 4 2
27 0.48178257440392797 4 2
28 0.5096160578613435 4 2
29 0.5007239631649605 4 2
30 0.3935001346484459 4 2
31 0.3584153319302835 4 2
32 0.18951838115936737 4 2
33 0.19352849579783823 4 2
34 0.27197523615684704 4 2
35 0.25731696890108335 4 2
36 0.29693900323223704 4 2
37 0.3016898526380818 4 2
38 0.22984338401845145 4 2
39 0.23811911149085765 4 2
40 0.2855012725323262 4 2
41 0.4084172347950427 4 2
42 0.33734798529046095 4 2
43 0.3482540856178385 4 2
44 0.3726445518629059 4 2
45 0.401943468021233 4 2
46 0.41846695860960526 4 2
47 0.48234564559932064 4 2
48 0.4949357702113039 4 2
49 0.5046750703263114 4 2
50 0.5064758174409186 4 2
51 0.20466935855096677 4 2
52 0.22382782203388962 4 2
53 0.3798561839208541 4 2
54 0.3614739424846703 4 2
55 0.3422045933586135 4 2
56 0.41612598016682034 4 2
57 0.35699533166883696 4 2
58 0.24861625504485285 4 2
59 0.4304083343754823 4 2
60 0.49694118430560175 4 2
61 0.5333454634561179 3 2
62 0.5170072319248612 3 2
63 0.34692923128744796 3 2
64 0.417954579462887 3 2
65 0.5175150144375557 3 2
66 0.27254864749646723 3 2
67 0.44967655977524856 3 2
68 0.5250585149324197 4 2
69 0.3383897743705923 4 2
70 0.2584081985263729 4 2
71 0.18212076677507474 4 2
72 0.09323694711256755 4 2
73 0.14626082698339835 4 2
74 0.26538199563846815 4 2
75 0.25889082801289726 4 2
76 0.3713787653387954 4 2
77 0.21213439247101956 4 2
78 0.27514095342285494 4 2
79 0.29706350216476496 4 2
80 0.33210373596292825 4 2
81 0.3928878177251901 4 2
82 0.4551742653572694 4 2
83 0.4135532252392072 4 2
84 0.4134101055293357 4 2
85 0.467525765776698 4 2
86 0.4766827452291998 4 2
87 0.48591242633246784 4 2
88 0.5221222196702859 4 2
89 0.5868608322884542 4 2
90 0.6886214187890164 4 2
91 0.5615476418183981 4 2
92 0.5588384483370653 4 2
93 0.4264878625149681 4 1
94 0.41645495226839563 4 1
95 0.4156239245891362 4 1
