8 0.27503001512233854 0 1
9 0.16015250607558515 1 1
10 0.26279317871713065 1 1
11 0.43804844638838114 2 2
12 0.3454138400298684 2 2
13 0.348204375915877 3 2
14 0.27212731855676653 3 2
15 0.2925946109712083 4 2
16 0.22553283544707683 4 2
17 0.2694827482891094 4 2
18 0.24044887952055524 4 2
19 0.39004473507354664 4 2
20 0.4999123837459378 4 2
21 0.24497337943902855 4 2
22 0.1802259673876327 4 2
23 0.20358082330996374 4 2
24 0.20605288955501025 4 2
25 0.23725515756944957 4 2
26 0.31174401695156095 4 2
27 0.42317848498755145 4 2
28 0.4322499109549702 4 2
29 0.47696265378570907 4 2
30 0.41530879835384 4 2
31 0.4427856832893968 4 2
32 0.39173229685321753 4 2
33 0.4519065500157276 4 2
34 0.520585871084187 4 2
35 0.5706742718837524 4 2
36 0.1910164966760761 3 2
37 0.19355970406729398 3 2
38 0.24248132790185267 4 2
39 0.3462964726019936 4 2
40 0.4051104594136966 4 2
41 0.454809947471006 4 2
42 0.4240036357753193 4 2
43 0.4431361188748511 4 2
44 0.46853206735653824 4 2
45 0.5126801462205006 4 2
46 0.5356205759877297 4 2
47 0.49785694863028374 4 2
48 0.5958067859689614 4 2
49 0.4571198270959475 4 2
50 0.5045772680759026 4 2
51 0.5039722784229291 4 2
52 0.4801568407435453 4 2
53 0.31996599949563975 4 2
54 0.2170082138130515 4 2
55 0.21133595304617214 4 2
56 0.1640331960113075 4 2
57 0.15577289688158255 4 2
58 0.16042603319398038 4 2
59 0.1868465346301114 4 2
60 0.16406236715636682 3 2
61 0.15766500998103147 2 2
62 0.11138023853872892 2 2
63 0.24639836779477822 1 1
64 0.24789836487498904 1 1
65 0.2618557384124232 1 1
66 0.17857347773693197 2 2
67 0.16551286458932576 2 2
68 0.2733487806292598 1 1
69 0.28864537425552317 1 1
70 0.27508767657192884 2 2
71 0.2974229211143407 2 2
72 0.20283814012860854 2 2
73 0.26850330198127004 3 2
74 0.26595101911869 3 2
75 0.2783918653801072 4 2
76 0.34018208331441135 4 2
77 0.34108271958024855 4 2
78 0.3165841938240855 4 2
79 0.38914007426689695 4 2
80 0.5188494526722722 4 2
81 0.5983941925967967 4 2
82 0.6021666190006767 4 2
83 0.596222140717349 4 2
84 0.6095376446243158 4 2
85 0.6439641518078166 4 2
86 0.6449377111517269 4 2
87 0.624744179020913 4 2
88 0.6054667415095718 4 2
89 0.6401762033681628 4 2
90 0.6509730859763978 4 2
91 0.7563632549086914 4 2
92 0.6135112811600842 4 2
93 0.3724080699375764 4 1
94 0.3551641127068194 4 1
95 0.3637320836015226 4 1
