8 0.3836936957465765 0 1
9 0.1987101330273599 1 1
10 0.18581471018025833 2 1
11 0.20860100751204588 2 1
12 0.2740976702280198 3 2
13 0.16556627171038546 3 2
14 0.14744936120880828 3 2
15 0.1869977120191045 4 2
16 0.19488103941577364 4 2
17 0.26073122488061945 4 2
18 0.2518490107619488 4 2
19 0.6054407267732403 4 2
20 0.21062885798163594 4 2
21 0.20127597690757018 4 2
22 0.22721258244812592 4 2
23 0.2544653402294499 4 2
24 0.23829528922665866 4 2
25 0.2890972895993557 4 2
26 0.494836835852206 4 2
27 0.32517542465293 4 2
28 0.2313635680209061 4 2
29 0.3925438468287999 4 2
30 0.2949873162518007 4 2
31 0.2829905922064373 4 2
32 0.3019854219156853 4 2
33 0.2680921224282611 4 2
34 0.20249077060402468 4 2
35 0.197709635635398 4 2
36 0.2962778427994267 4 2
37 0.2530301097974552 4 2
38 0.22818487110988786 4 2
39 0.1303285521963962 4 2
40 0.10926477837889999 4 2
41 0.15118052741746663 4 2
42 0.3231098430585796 4 2
43 0.28083875425973415 4 2
44 0.22481060906270742 4 2
45 0.18655647263076738 4 2
46 0.1878057870952861 4 2
47 0.1997594490910537 4 2
48 0.13434030354421936 4 2
49 0.23147601373758997 4 2
50 0.3684011031008313 4 2
51 0.44888103884311625 4 2
52 0.43145036214685223 4 2
53 0.1926617658611818 4 2
54 0.2368367104684564 4 2
55 0.25676384726252727 4 2
56 0.2588504742907133 4 2
57 0.22369617825044233 4 2
58 0.285828650372177 4 2
59 0.40420923174334494 4 2
60 0.38233241576975063 4 2
61 0.3941774308300133 4 2
62 0.3413610467741236 4 2
63 0.23233572173363742 4 2
64 0.2592476667374798 4 2
65 0.1821051552612313 4 2
66 0.1469495792944934 4 2
67 0.09648024783905045 4 2
68 0.12591067367089512 4 2
69 0.19055350281967318 4 2
70 0.21599549132630252 4 2
71 0.35611737331292637 4 2
72 0.4431418212023823 4 2
73 0.35725158463515805 4 2
74 0.2139659505194339 4 2
75 0.21458359708891395 4 2
76 0.2490238817542114 4 2
77 0.20131081997165204 4 2
78 0.18387717186333946 4 2
79 0.16133135070019564 4 2
80 0.3270441830215857 4 2
81 0.43039075362749984 4 2
82 0.5013349123443904 4 2
83 0.4905124073774024 4 2
84 0.49948126319586433 4 2
85 0.5357072429557833 4 2
86 0.5799681110123763 4 2
87 0.5680363579212738 4 2
88 0.6156631177827377 4 2
89 0.6054321990154674 4 2
90 0.6485587367234164 4 2
91 0.6567663730647654 4 2
92 0.6674036260002075 4 2
93 0.4316512103819288 4 1
94 0.4479911123642058 4 1
95 0.4395024877672623 4 1
