13 0.5438373125156494 0 1
14 0.3938372351708367 1 1
15 0.3685349437345386 2 1
16 0.36900572197696013 2 1
17 0.3696554032614273 3 2
18 0.36224365155013044 3 2
19 0.19537859367308155 3 1
20 0.33127436082869577 3 2
21 0.2098533265713752 3 1
22 0.24460523293779984 3 1
23 0.2634693452198478 3 1
24 0.2738752889236372 3 1
25 0.292051061889948 3 1
26 0.4658192033714094 3 2
27 0.39834665343874603 3 2
28 0.47828480589287886 3 2
29 0.2917036397364633 3 2
30 0.1595321404364432 3 2
31 0.2505507728930665 3 1
32 0.25341362886310514 3 1
33 0.282281096869685 3 2
34 0.32043315493520924 3 2
35 0.2929364900503599 3 2
36 0.3755880671692895 3 2
37 0.4690278358243034 3 2
38 0.48821353435806714 3 2
39 0.35700718110490437 3 1
40 0.4025229355361125 3 1
41 0.3128092986579799 3 1
42 0.33541462471774797 3 1
43 0.45165550293738943 3 2
44 0.26437945849459005 3 1
45 0.1570658868900372 3 1
46 0.11909458833438456 3 1
47 0.11526747845046152 3 2
48 0.08594566424638264 3 2
49 0.16848641788746718 3 1
50 0.20110585156452807 3 1
51 0.4408181637026235 3 2
52 0.2627537086880992 3 2
53 0.2530065137436122 3 1
54 0.22821257074897644 3 1
55 0.25253698767122945 3 1
56 0.2556711571425601 3 2
57 0.21688515329604757 3 1
58 0.1973378161444234 3 1
59 0.18818950326194972 3 2
60 0.17172092978810735 3 2
61 0.18652960096311472 3 1
62 0.19300855246350707 3 1
63 0.2187381299233731 3 1
64 0.20250799961178295 3 2
65 0.2525137684577805 3 2
66 0.1446870029481971 3 2
67 0.13276479525155038 3 2
68 0.15895992556632482 3 1
69 0.16196449696510418 3 1
70 0.12070095976111735 3 2
71 0.2894402101593822 3 2
72 0.4621387633145676 3 2
73 0.28806756285046503 3 1
74 0.26360536891870323 3 1
75 0.2374492699313028 3 1
76 0.19962754153072051 3 1
77 0.24611905185165642 3 1
78 0.5428775295726118 3 2
79 0.3494307483921974 3 2
80 0.2840893203373899 3 1
81 0.3790109952515128 3 2
82 0.47511844226773803 3 2
83 0.3734534075120433 3 2
84 0.28482146324554636 3 1
85 0.22831013911213757 3 1
86 0.23744020123755216 3 1
87 0.36354269249252924 3 2
88 0.33331308573356166 3 2
89 0.26682872576758343 3 1
90 0.23856261459088934 3 1
91 0.3863896400460163 3 2
92 0.5532147029764439 2 2
93 0.4675895792678131 2 1
94 0.4952814622120467 2 1
95 0.4649578649414479 2 1
