13 0.3701065377093106 0 1
14 0.2797205875017108 1 1
15 0.25339482321963697 2 1
16 0.32703888746485305 2 1
17 0.5606666912895497 2 2
18 0.5892655532628965 3 2
19 0.6068027408817199 3 2
20 0.48823874673599627 3 2
21 0.21889003004939944 3 1
22 0.1598790928421049 3 1
23 0.25759646376882944 3 2
24 0.48187091890202843 3 2
25 0.31656093750397274 3 1
26 0.34603085265418393 3 1
27 0.3346062786230393 3 1
28 0.34951962173935763 3 1
29 0.5696824930518585 3 2
30 0.7023204813807888 3 2
31 0.3627929626102217 3 1
32 0.17220034165118422 3 2
33 0.19915271788064384 3 2
34 0.25913927023212463 3 2
35 0.2867903985167497 3 1
36 0.3685935497752344 3 2
37 0.40784379941452453 3 2
38 0.4526644200742405 3 2
39 0.45147484198720883 3 2
40 0.5114967476945999 3 2
41 0.5095052781488721 3 2
42 0.4981627744950962 3 2
43 0.489490683714224 3 2
44 0.508027731960344 3 2
45 0.4528501563245168 3 2
46 0.5143925691156319 3 2
47 0.4768817025943159 3 2
48 0.6858543472412026 3 2
49 0.31962067715586717 3 1
50 0.6066876233509989 3 2
51 0.5517772017353334 3 2
52 0.6447410061088173 3 2
53 0.364101055184236 3 1
54 0.5290724136514459 3 2
55 0.41652123016491244 3 2
56 0.5281205309423352 3 2
57 0.20027841312440023 3 1
58 0.15927726843058257 3 1
59 0.15286530332238732 3 2
60 0.14682475237490122 3 2
61 0.17390774004151202 3 1
62 0.25624122563909374 3 2
63 0.292020058187394 3 2
64 0.36095717184297454 3 2
65 0.2941477294505934 3 2
66 0.3014880976709222 3 2
67 0.4831473829379632 3 2
68 0.30918565643551355 3 1
69 0.29840547938284306 3 1
70 0.28457694063798433 3 1
71 0.4654778073931323 3 2
72 0.36609433047160045 3 2
73 0.3739466815488347 2 2
74 0.397998138773681 2 2
75 0.40780869991303825 2 2
76 0.3370563279425547 3 2
77 0.2536001861952619 3 1
78 0.3121240305900316 3 2
79 0.14780986175644528 3 2
80 0.1539129663781476 3 1
81 0.16665855348289552 3 1
82 0.12284730606381496 3 2
83 0.12939928230457023 3 2
84 0.22270013740912611 3 1
85 0.46798212683282003 3 1
86 0.2511874765506161 3 1
87 0.30111608507954096 3 2
88 0.2216254429945 3 2
89 0.19159637099807034 3 1
90 0.4239694910566145 3 2
91 0.55910927091099 3 2
92 0.5089686969638049 3 2
93 0.4169013498724905 3 1
94 0.41751807760806237 3 1
95 0.3628147738738861 3 1
