13 0.6525299186110698 0 1
14 0.29729858334240755 1 1
15 0.20295999271788492 2 1
16 0.23337817894659338 2 1
17 0.5136632929571802 2 2
18 0.31060492280860474 3 2
19 0.14496273504615656 3 2
20 0.1573082308460981 3 2
21 0.1863048547188248 3 1
22 0.20178607227003897 3 1
23 0.42146149954837486 3 2
24 0.3707143076817427 3 2
25 0.20826618228526628 3 1
26 0.19265404177988457 3 1
27 0.16676781929079548 3 1
28 0.27338423612896295 3 1
29 0.437669143713222 3 2
30 0.3836692257146728 3 2
31 0.2558199868432698 3 1
32 0.17950454423412268 3 2
33 0.2361405823758962 3 2
34 0.2829504230182423 3 2
35 0.18285797983552476 3 2
36 0.2503802790191547 3 1
37 0.12627729360132836 3 2
38 0.2376806089050019 3 2
39 0.28208820068069484 3 1
40 0.23292975005008024 3 1
41 0.19731276428127262 3 1
42 0.21813663929623683 3 2
43 0.2870858451951181 3 2
44 0.3660096250458317 3 1
45 0.3144437161351106 3 1
46 0.2521312168126769 3 2
47 0.20495841322000055 3 2
48 0.13999313391014545 3 2
49 0.28623463774834534 3 2
50 0.3058897235695366 3 2
51 0.33280115124207266 3 2
52 0.35558845419294344 3 2
53 0.4014543028064004 3 1
54 0.36312090858273044 3 1
55 0.3091007910034295 3 2
56 0.24601187168375274 3 2
57 0.21545770318703888 3 1
58 0.09612194099028656 3 2
59 0.22592251994936682 3 2
60 0.37389593763754064 3 2
61 0.37913856177660205 3 1
62 0.21610388040907735 3 2
63 0.20999240267681382 3 2
64 0.22645502804132864 3 2
65 0.23781887156170978 3 2
66 0.25105403188923536 3 2
67 0.23629020180494548 3 2
68 0.2533398089308554 3 1
69 0.22130155082377448 3 1
70 0.14078853609766132 3 2
71 0.16320492923106847 3 2
72 0.31449036457551216 3 2
73 0.2512725482999714 2 2
74 0.22985618467114521 2 2
75 0.18472006000099694 3 2
76 0.1682880150038147 3 2
77 0.24380791744923525 3 1
78 0.5936644458961554 3 2
79 0.3706582971704165 3 2
80 0.24174850285310995 3 1
81 0.22341923439366995 3 1
82 0.2665722411474115 3 2
83 0.3065790997846448 3 2
84 0.3516916529408454 3 1
85 0.36463450944471304 3 1
86 0.47637051809085096 3 2
87 0.5241498861045641 3 2
88 0.4988631217287212 3 2
89 0.41912687805797133 3 1
90 0.7021015569883517 3 2
91 0.48474355689286913 3 2
92 0.48962416365289757 3 2
93 0.38832025267794845 3 1
94 0.4299226307054801 3 1
95 0.45517630532250675 3 1
