13 0.0768373365630544 0 1
14 0.254329875895252 1 1
15 0.3838268838408147 2 1
16 0.18532853986191722 2 1
17 0.19918562355082847 3 2
18 0.41281740823750634 3 2
19 0.3599100510755789 3 1
20 0.3064140650409437 3 1
21 0.18810757282829502 3 1
22 0.40133493613838317 3 1
23 0.15949661164960813 3 1
24 0.19369102375446529 3 1
25 0.525369300729411 3 1
26 0.5236490571277435 3 2
27 0.3105453269550905 3 2
28 0.2788563724715159 3 2
29 0.1861860999728354 3 1
30 0.4768991139216086 3 2
31 0.3871384286852389 3 1
32 0.2983027244125198 3 1
33 0.30114849159357876 3 1
34 0.3124479822039753 3 2
35 0.2960782007613801 3 2
36 0.289626587027086 3 2
37 0.3348593456969372 3 1
38 0.1605431635115014 3 2
39 0.2028303014398976 3 1
40 0.20175166740883654 3 1
41 0.20908885018013634 3 1
42 0.3585397296429486 3 1
43 0.2739711660428405 3 2
44 0.1994077208471555 3 1
45 0.1925183922034569 3 1
46 0.168901393695347 3 1
47 0.2350918265804426 3 1
48 0.5103987989708019 3 2
49 0.3854048025095377 3 1
50 0.27130340733998054 3 1
51 0.26083401301753023 3 1
52 0.3856757175398904 3 2
53 0.329581624427649 3 1
54 0.4258153418756783 3 1
55 0.21572185300807 3 1
56 0.15733854308786627 3 1
57 0.15916252293750077 3 1
58 0.18488119188061447 3 1
59 0.40733425083466535 3 1
60 0.3470294371389616 3 2
61 0.2523742978166979 3 1
62 0.273600322595715 3 1
63 0.5092104735759545 3 1
64 0.18658033368105084 3 1
65 0.13736689624166498 3 2
66 0.2126821407402133 3 2
67 0.2649953451069135 3 2
68 0.4894233906972732 3 2
69 0.5318899520301116 3 1
70 0.24628640736159646 3 1
71 0.16570173537285293 3 1
72 0.12605054773009935 3 2
73 0.23891754393095954 3 1
74 0.5133452817644859 3 1
75 0.20175492437347503 3 1
76 0.17378547973717132 3 1
77 0.18048172249517372 3 1
78 0.42250399270328864 3 2
79 0.3503312652881809 3 2
80 0.3257652663923998 3 1
81 0.2655510846184084 3 1
82 0.2700654798140626 3 1
83 0.43194867007554283 3 2
84 0.2929120703702376 3 1
85 0.3520056222455803 3 1
86 0.4545054227550466 3 1
87 0.4335971966292027 3 1
88 0.4472790177217495 3 2
89 0.4168933374095826 3 2
90 0.6116275864563534 2 2
91 0.6947192872806963 2 2
92 0.619668793696615 3 2
93 0.4270313102826912 3 1
94 0.4157862467089763 3 1
95 0.41176133326606495 3 1
