18 0.25241666386174855 0 1
19 0.3889819601204657 1 1
20 0.33704780421777236 2 1
21 0.407709032777173 2 1
22 0.3710301696364258 2 1
23 0.3882402233207004 2 1
24 0.43691825435076653 2 1
25 0.4553880123704095 2 1
26 0.3329695046095728 2 1
27 0.5789747527418452 1 1
28 0.5654240274937062 1 1
29 0.5669278391646546 1 1
30 0.5003385135047952 2 1
31 0.5147440999114745 2 1
32 0.5346271136005467 2 1
33 0.5295887217716738 2 1
34 0.5370393500966887 2 1
35 0.5253268157870524 2 1
36 0.35725907875048707 2 1
37 0.2424593443152214 2 1
38 0.1272653873646064 2 1
39 0.4442234484100795 2 1
40 0.4267156491596458 2 1
41 0.41452946828846016 2 1
42 0.389024183043781 2 1
43 0.4072565694141239 2 1
44 0.4036029963056771 2 1
45 0.4253052487084858 2 1
46 0.458656930629255 2 1
47 0.4617564612672896 2 1
48 0.4620929977711771 2 1
49 0.5137438723997185 2 1
50 0.448972695485749 2 1
51 0.47020069084453536 2 1
52 0.44886011031347123 2 1
53 0.28592506669580325 2 1
54 0.35214795247994596 2 1
55 0.34794912691632746 2 1
56 0.43702650426570266 2 1
57 0.4937676716853892 2 1
58 0.45579109449858946 2 1
59 0.47344455447731854 2 1
60 0.4954807032395817 2 1
61 0.44904712252991935 2 1
62 0.4553912312049955 2 1
63 0.5563133778837089 2 1
64 0.46079277334350377 2 1
65 0.43243309052577533 2 1
66 0.275850224400589 2 1
67 0.27076120804444886 2 1
68 0.24765171277368495 2 1
69 0.23623108287441227 2 1
70 0.3456827776458006 1 1
71 0.33214801493758656 2 1
72 0.26505810802148827 2 1
73 0.2686717018910486 2 1
74 0.281356233697609 2 1
75 0.2455599994554572 2 1
76 0.21506509435189253 2 1
77 0.2613809403836404 2 1
78 0.34812489580700506 2 1
79 0.4642428207777862 2 1
80 0.31365362142559833 2 1
81 0.33636747984612264 2 1
82 0.39213866176334616 1 1
83 0.5748214857723378 1 1
84 0.4808555621735569 2 1
85 0.45640425065968643 2 1
86 0.4450021611262485 2 1
87 0.4963746128955428 2 1
88 0.5017754587009067 2 1
89 0.5135705479030895 2 1
90 0.5243830139953345 2 1
91 0.5254364889720682 2 1
92 0.5415660779515232 2 1
93 0.545095178650224 2 1
94 0.44003978182713316 2 1
95 0.12617305992597938 2 1
