2 0.4809148444744993 0 1
3 0.39112717826706467 1 1
4 0.38809649525840845 1 1
5 0.5057850922685859 2 2
6 0.4734035132992898 2 2
7 0.42087695228651983 3 2
8 0.412289835506425 3 2
9 0.5584214777127927 4 2
10 0.33757272587275694 4 2
11 0.18060394235555366 4 2
12 0.5868008367019341 4 2
13 0.447641962199575 4 2
14 0.43607770483813696 4 2
15 0.3558433114478388 4 2
16 0.27747839904886873 4 2
17 0.2639245146836411 4 2
18 0.2238420258002226 4 2
19 0.3643169476478937 4 2
20 0.4094803363056942 4 2
21 0.4947341427491119 4 2
22 0.36868685520572186 4 2
23 0.3761708127450378 4 2
24 0.44823014413914397 4 2
25 0.5110431485050199 4 2
26 0.4893618062550991 4 2
27 0.5137131522261876 4 2
28 0.5455784273875026 4 2
29 0.556457539326089 4 2
30 0.5360358750634178 4 2
31 0.6334167470051328 4 2
32 0.46260142648262687 4 2
33 0.4881002916535678 4 2
34 0.2500048372185507 4 2
35 0.13855345373352174 4 2
36 0.17503235743077203 4 2
37 0.40601406880850455 4 2
38 0.5377961534668423 4 2
39 0.4167315258061077 4 2
40 0.3367262142460285 4 2
41 0.20597547325627985 4 2
42 0.20346316444005624 4 2
43 0.21317354392842047 4 2
44 0.29300709118385343 4 2
45 0.4521535908775474 4 2
46 0.4668338919526588 4 2
47 0.5171538936251057 4 2
48 0.597702624539827 4 2
49 0.4050629164018379 4 2
50 0.46883274942806696 4 2
51 0.5529827739340852 4 2
52 0.5724540908100335 4 2
53 0.5652223792903586 4 2
54 0.2986902519763033 4 2
55 0.22366324207939012 4 2
56 0.28725577656192897 4 2
57 0.562326353036006 4 2
58 0.5734236596197723 3 2
59 0.46139463839421774 2 2
60 0.5248620888947423 2 2
61 0.5741337250842544 2 2
62 0.5709338216983854 2 2
63 0.578518530818946 2 2
64 0.5828106343729992 2 2
65 0.5791228547485354 2 2
66 0.5334454319931063 2 2
67 0.4368656367939841 3 2
68 0.26292001509199886 3 2
69 0.49511472902273074 3 2
70 0.6721298116361449 4 2
71 0.25956212322310146 4 2
72 0.3148899615764956 4 2
73 0.22819204906727208 4 2
74 0.19579363421490864 4 2
75 0.2183287102505197 4 2
76 0.35516114759663236 4 2
77 0.11138510458736944 4 2
78 0.11832679175653367 4 2
79 0.2674589774506506 4 2
80 0.31229292205373455 4 2
81 0.5535427598209665 4 2
82 0.5880564093795747 4 2
83 0.29724900701811474 4 2
84 0.33720781906944974 4 2
85 0.3171592494474612 4 2
86 0.29890212274395767 4 2
87 0.31093048188793754 4 2
88 0.472469095638718 4 2
89 0.5834832858911705 4 2
90 0.6867926260829074 4 2
91 0.554262242954154 4 2
92 0.5331783205394535 4 2
93 0.3816299624392027 4 1
94 0.5692217250975323 4 1
95 0.20903297741058244 4 1
