18 0.4775919077815632 0 1
19 0.40809554809046567 1 1
20 0.3645412440296276 2 1
21 0.3285028456080318 2 1
22 0.30293133831635854 2 1
23 0.34262136145819216 2 1
24 0.3604557381672596 2 1
25 0.34866561004268115 2 1
26 0.30826560995543584 2 1
27 0.1913011184724504 2 1
28 0.23100106220715771 2 1
29 0.39743594608771343 2 1
30 0.4892595866759572 2 1
31 0.4542910694973328 2 1
32 0.29590338916894793 2 1
33 0.21626472763910684 2 1
34 0.21960146142482276 2 1
35 0.2589787066881769 2 1
36 0.3026625597190579 2 1
37 0.2685336582618596 2 1
38 0.3926740610524453 2 1
39 0.3402178862913989 2 1
40 0.29133710195124235 2 1
41 0.2825262662389781 2 1
42 0.1645563910626083 2 1
43 0.1513666540356105 2 1
44 0.5520090299245155 2 1
45 0.16319289005712587 2 1
46 0.20984238736025068 2 1
47 0.23721354207987633 2 1
48 0.22829763291021443 2 1
49 0.4885700264980745 2 1
50 0.30720275536150893 2 1
51 0.24108382769028958 2 1
52 0.2631559419246934 2 1
53 0.3008009216161442 2 1
54 0.2137341841817144 2 1
55 0.12848132538744939 2 1
56 0.14175302068238718 2 1
57 0.2811656830678306 2 1
58 0.3115720202707561 2 1
59 0.4174898172599448 2 1
60 0.3775533111947819 2 1
61 0.26258474337965976 2 1
62 0.22733334804915425 2 1
63 0.4223160430572304 2 1
64 0.3983858284351089 2 1
65 0.38034747954942855 2 1
66 0.4365086050948611 2 1
67 0.382758887128698 2 1
68 0.18770189910684573 2 1
69 0.18048047517227808 2 1
70 0.17581455327784645 2 1
71 0.17445206968840757 2 1
72 0.19777755941786432 2 1
73 0.4293404552530555 2 1
74 0.30197788152221466 2 1
75 0.28248437705943813 2 1
76 0.18095845514898592 2 1
77 0.19199221631583754 1 1
78 0.3621615377799213 1 1
79 0.3681105389751898 1 1
80 0.2779194634785938 2 1
81 0.30861619465086637 2 1
82 0.3404451367416552 2 1
83 0.4164738379093735 2 1
84 0.5050722768224267 2 1
85 0.480752918486932 2 1
86 0.2633140912642633 2 1
87 0.40946379984719206 2 1
88 0.46797817839668415 2 1
89 0.3876867520003804 2 1
90 0.28744779231817386 2 1
91 0.3661498719718344 2 1
92 0.486615245715637 2 1
93 0.5155978532449833 2 1
94 0.5111702391598969 2 1
95 0.5087291769432704 2 1
