2 0.32925820357764063 0 1
3 0.3642282074834427 1 1
4 0.5514501078421857 2 1
5 0.25996400419689114 2 1
6 0.09361296937286231 3 2
7 0.08095159017745038 3 2
8 0.10173236925853454 3 2
9 0.37423473467838314 3 2
10 0.23018049615358685 3 2
11 0.2298649489592379 3 2
12 0.2971023822060198 4 2
13 0.3171434168263132 4 2
14 0.23489845854589214 4 2
15 0.2459847078043551 4 2
16 0.15868487267696652 4 2
17 0.28387664489313363 4 2
18 0.432906831827702 4 2
19 0.402054403400228 4 2
20 0.28994128709837236 4 2
21 0.37109369024793126 4 2
22 0.4187687252857255 4 2
23 0.299729453170136 4 2
24 0.25511969792233447 4 2
25 0.16964952221905355 4 2
26 0.14409965084416498 4 2
27 0.14278701172700028 4 2
28 0.2017650084405772 4 2
29 0.3543425706859069 4 2
30 0.529556778581817 4 2
31 0.24509716152850608 4 2
32 0.13823966213221198 4 2
33 0.21290279433698944 4 2
34 0.3856413153194748 4 2
35 0.38206391971121023 4 2
36 0.4186022708143406 4 2
37 0.2534481865999536 4 2
38 0.22475957483019995 4 2
39 0.19009592876463588 4 2
40 0.15164123281820788 4 2
41 0.13251344852438188 4 2
42 0.16437898431019723 4 2
43 0.19198931722031135 4 2
44 0.1822326665170246 4 2
45 0.22142252161841852 4 2
46 0.2671023256313943 4 2
47 0.28059578584724026 4 2
48 0.2553358909777736 4 2
49 0.23559419286987324 4 2
50 0.2133096580910085 4 2
51 0.20661794353038984 4 2
52 0.21576290041469917 4 2
53 0.22780000798150982 4 2
54 0.374443978612232 4 2
55 0.4405975499948526 4 2
56 0.44941360650221873 4 2
57 0.4467256197216413 4 2
58 0.4618657418763262 4 2
59 0.46321857012719975 4 2
60 0.27366392566699865 4 2
61 0.1674034070770051 4 2
62 0.14072611074192462 4 2
63 0.10717981369532319 4 2
64 0.11965369989440357 4 2
65 0.12221474527028925 4 2
66 0.12378488382579576 4 2
67 0.14033515888947434 4 2
68 0.15712580604791648 4 2
69 0.17907204090467185 4 2
70 0.2245092225326191 4 2
71 0.3307284275358377 4 2
72 0.34733041127000075 4 2
73 0.15884835405983205 4 2
74 0.19729652705754797 4 2
75 0.1600327999837324 4 2
76 0.16542354390143452 4 2
77 0.17453368075103723 4 2
78 0.1983374132902147 4 2
79 0.2573847629853779 4 2
80 0.27805957351618205 4 2
81 0.32518229366195434 4 2
82 0.42740795058869835 4 2
83 0.42227080678515766 4 2
84 0.41758918128325395 4 2
85 0.3884726473770914 4 2
86 0.40364205096850675 4 2
87 0.4053958544598014 4 2
88 0.4261435200485388 4 2
89 0.47428257361862747 4 2
90 0.5679287895815415 4 2
91 0.659009971244245 4 2
92 0.6605401902426976 4 2
93 0.40087264734562433 4 1
94 0.4070485492845366 4 1
95 0.41628390423984474 4 1
