18 0.1330557067789689 0 1
19 0.09432604114770979 1 1
20 0.1022618125059659 2 1
21 0.24109178472880052 2 1
22 0.19473439761760356 2 1
23 0.20559023260559955 2 1
24 0.20915982873637046 2 1
25 0.1926462804844742 2 1
26 0.22207692270291596 2 1
27 0.20322541784131568 2 1
28 0.30496940345180074 2 1
29 0.35663316686913515 2 1
30 0.28359241086756426 2 1
31 0.21791061157860797 2 1
32 0.220740029232778 2 1
33 0.30796980686966724 2 1
34 0.2965635285376792 2 1
35 0.16588621129605013 2 1
36 0.14519017337380166 2 1
37 0.2143281341085671 2 1
38 0.31510941253960717 2 1
39 0.1790827306263662 2 1
40 0.15224023163073552 2 1
41 0.2123993512268797 2 1
42 0.4563186582813016 2 1
43 0.36296295386524013 2 1
44 0.2509048554101464 2 1
45 0.12981608403898848 2 1
46 0.13217453828992712 2 1
47 0.16925365283705407 2 1
48 0.15419283856961188 2 1
49 0.2602674102501229 2 1
50 0.2355019958479813 2 1
51 0.24251963650763522 2 1
52 0.21676328892372154 2 1
53 0.14617645990422506 2 1
54 0.14440850911199507 2 1
55 0.2210230800847173 2 1
56 0.35962900300593037 2 1
57 0.3303132348073185 2 1
58 0.2009831104297983 2 1
59 0.1303253300237534 2 1
60 0.12461024382077217 2 1
61 0.117016037597777 2 1
62 0.11374677715923655 2 1
63 0.12999683089696334 2 1
64 0.22276997634685053 2 1
65 0.20813270291657324 2 1
66 0.1710684030562458 2 1
67 0.19755277700624096 2 1
68 0.2175819226269527 2 1
69 0.2178984044261452 2 1
70 0.17249662457067533 2 1
71 0.22521344993052975 2 1
72 0.41754087451545707 2 1
73 0.25476488735105224 2 1
74 0.12893543969924343 2 1
75 0.1291564270939869 2 1
76 0.1144308357877411 2 1
77 0.09642363476448906 1 1
78 0.14026246911324958 1 1
79 0.2157904153211769 1 1
80 0.2139668885806892 2 1
81 0.17877058981564842 2 1
82 0.16735888138004304 2 1
83 0.17054348627168192 2 1
84 0.18645385779911247 2 1
85 0.2304360259496939 2 1
86 0.23941059852617233 2 1
87 0.23700000534388627 2 1
88 0.26878122934077403 2 1
89 0.34271059637442075 2 1
90 0.33154814640346125 2 1
91 0.25230892092315027 2 1
92 0.3551213997513377 2 1
93 0.40980820921822125 2 1
94 0.2654916964446843 2 1
95 0.21304358689243239 2 1
