2 0.4039616106566863 0 1
3 0.46058213476857085 1 1
4 0.4091291898564399 2 1
5 0.345394428351688 2 1
6 0.4271763445569284 3 2
7 0.41339273072945765 3 2
8 0.19306930529955832 3 2
9 0.6505262946795044 4 2
10 0.19666558533439668 4 2
11 0.18454701591678127 4 2
12 0.15331611485938834 4 2
13 0.2199556979373893 4 2
14 0.2613811350266602 4 2
15 0.23856823812606603 4 2
16 0.3279404793241715 4 2
17 0.5807486703673792 4 2
18 0.29773639150618736 4 2
19 0.34729054840600915 4 2
20 0.3121266424008055 4 2
21 0.3035383167916909 4 2
22 0.4153028366641375 4 2
23 0.32235700534434186 4 2
24 0.2029240392267886 4 2
25 0.2955074942608066 4 2
26 0.17515108525202733 4 2
27 0.28954417491897755 4 2
28 0.45537372668056514 4 2
29 0.2577646720600048 4 2
30 0.39280856459464975 4 2
31 0.2166367614063451 4 2
32 0.19277203861458633 4 2
33 0.35152150261021764 4 2
34 0.5415247978947775 4 2
35 0.5217036621863231 4 2
36 0.468839687944182 4 2
37 0.4787089160377327 4 2
38 0.3946875428447247 4 2
39 0.3428086479950802 4 2
40 0.4066029520961256 4 2
41 0.4345448694878174 4 2
42 0.32438037954371707 4 2
43 0.19665837606742362 4 2
44 0.10087546684468318 4 2
45 0.1165427206599557 4 2
46 0.14079033408652433 4 2
47 0.18751039938136804 4 2
48 0.21819015723479 4 2
49 0.35967259328093465 4 2
50 0.3543245705156806 4 2
51 0.23188986390706012 4 2
52 0.13673895969547478 4 2
53 0.14432574704279058 4 2
54 0.13555728722869756 4 2
55 0.16425683959527823 4 2
56 0.20486052052691675 4 2
57 0.2759374337813094 3 2
58 0.5690563900127434 4 2
59 0.19283625919179065 4 2
60 0.1641083842430898 4 2
61 0.20670871954842926 4 2
62 0.23040794160059352 4 2
63 0.31346934209176425 4 2
64 0.45548239312412875 4 2
65 0.30352364493519784 4 2
66 0.2016571919408913 4 2
67 0.5028441309166931 4 2
68 0.3684974887077174 4 2
69 0.3703905912167921 4 2
70 0.32019896774898426 4 2
71 0.15064870261270774 3 2
72 0.36500946715436094 3 2
73 0.3571420574494781 3 2
74 0.2591493122245428 3 2
75 0.18818839593924355 3 2
76 0.2312440312860881 3 2
77 0.2233347381251635 4 2
78 0.25249670592957024 4 2
79 0.26282591715421527 4 2
80 0.21004238327613975 4 2
81 0.26370080830036613 4 2
82 0.22493468950367948 4 2
83 0.23337079248344245 4 2
84 0.3711039544198457 4 2
85 0.41706426477847997 4 2
86 0.48464268102595187 4 2
87 0.5013001304320132 4 2
88 0.4947505526792058 4 2
89 0.4560261371935627 4 2
90 0.5261128189501776 4 2
91 0.6235083766934427 4 2
92 0.11879591881673089 4 2
93 0.4297929438291349 4 1
94 0.4494185394228805 4 1
95 0.3824535094929228 4 1
