13 0.5112433346013131 0 1
14 0.34786744908340106 1 1
15 0.24659922268790493 2 1
16 0.2191195561954973 2 1
17 0.32644347234545285 2 2
18 0.2717830057576374 3 2
19 0.23607625477345567 3 2
20 0.20491527501748327 3 2
21 0.1314697308351973 3 1
22 0.14515202107894756 3 1
23 0.4342710374279018 3 2
24 0.43462584567278256 3 2
25 0.24252561538883896 3 1
26 0.25886077293913773 3 1
27 0.2236243644236931 3 1
28 0.23897309553292775 3 2
29 0.21936760603787547 3 2
30 0.25177291458790574 3 2
31 0.30017668325697144 3 2
32 0.27299282364008043 3 2
33 0.4002500146856711 3 2
34 0.3437215391734268 3 2
35 0.42882560385157525 3 2
36 0.3209368901404521 3 2
37 0.24630368134848582 3 2
38 0.4160668175132951 3 2
39 0.3028030719319419 3 1
40 0.366697982014062 3 2
41 0.33271315090178516 3 2
42 0.4251439637246773 3 2
43 0.42514605946493966 3 2
44 0.22984709183494234 3 1
45 0.21524620832773972 3 1
46 0.44396507590378176 3 2
47 0.539896250902728 3 2
48 0.6743535525466918 3 2
49 0.489530394746326 3 2
50 0.5512859900881448 3 2
51 0.4789907095115797 3 2
52 0.5621251721714486 3 2
53 0.41856778455063964 3 1
54 0.41200603839148997 3 2
55 0.4393163687466936 3 2
56 0.332516579182776 3 2
57 0.23761654758809286 3 1
58 0.27638978605125464 3 2
59 0.12035350308467402 3 2
60 0.11546258535524027 3 2
61 0.15523677721929832 3 2
62 0.1462105798439424 3 2
63 0.31786429314114845 3 2
64 0.5090593677144952 3 2
65 0.3576073908505898 3 2
66 0.2106890244079 3 2
67 0.410568255358162 3 2
68 0.40481602927909965 3 1
69 0.44075065756708975 3 2
70 0.22988327427132726 3 2
71 0.10182362797601456 3 2
72 0.17317142845351466 3 2
73 0.14590769782357266 2 2
74 0.21621305434546376 2 2
75 0.28304650896235756 2 2
76 0.3014243197118374 3 2
77 0.3409519820613235 3 1
78 0.3717921038696682 3 2
79 0.23681067872229258 3 2
80 0.18095861127362498 3 1
81 0.24989565283193077 3 2
82 0.4305759208733074 3 2
83 0.5194513064952405 3 2
84 0.47511645847524697 3 2
85 0.5251317448137741 3 2
86 0.5305073713520714 3 2
87 0.569156068058859 3 2
88 0.5718464774989297 3 2
89 0.6618415464833102 3 2
90 0.6951977312764183 3 2
91 0.6822368314431172 3 2
92 0.6502288532918871 3 2
93 0.4767792249804315 3 1
94 0.48966309739144814 3 1
95 0.47259201635430825 3 1
