13 0.5241567857766517 0 1
14 0.3648617745461078 1 1
15 0.26948617495024446 2 1
16 0.27282475830639186 2 2
17 0.23069196687850085 2 2
18 0.2116799821139132 3 2
19 0.24433985438870176 3 2
20 0.18166695108844322 3 2
21 0.1333800841090089 3 1
22 0.1602011593413371 3 1
23 0.41570767573126544 3 2
24 0.4790751973342767 3 2
25 0.22511597824085994 3 1
26 0.25715376762685116 3 1
27 0.21446707892321437 3 1
28 0.21604241773032085 3 2
29 0.19420758148460024 3 2
30 0.29802993357183044 3 2
31 0.4216058111795532 3 2
32 0.6022004767519336 3 2
33 0.3191303366225869 3 2
34 0.3026358777116019 3 2
35 0.25840092958220634 3 1
36 0.21839878669715096 3 2
37 0.3492669094190027 3 2
38 0.4616917973946361 3 2
39 0.5362595778587974 3 2
40 0.5898168655362368 3 2
41 0.4040441219472992 3 2
42 0.3975360988782305 3 2
43 0.36968059645111545 3 2
44 0.5041160633667348 3 2
45 0.2761320974331252 3 2
46 0.10582498849784294 3 2
47 0.12486918425144776 3 2
48 0.06606773315366751 3 2
49 0.11520175031412955 3 2
50 0.36919917515213707 3 2
51 0.379223406790178 3 2
52 0.43141605038227265 3 2
53 0.3885628335833784 3 1
54 0.573273087873783 3 2
55 0.4849209471746805 3 2
56 0.6103508272962184 3 2
57 0.4100875729546835 3 1
58 0.6074371340321155 3 2
59 0.2796559908669547 3 2
60 0.13038585564548397 3 2
61 0.09047580444260407 3 2
62 0.11604462017911508 3 2
63 0.14161414014536045 3 2
64 0.2706052418970772 3 2
65 0.2682066946834097 3 2
66 0.26420619616665186 3 2
67 0.2580867976944605 3 2
68 0.3303164365444722 3 1
69 0.3488164785125502 3 2
70 0.36312283123626904 3 2
71 0.45025101276448803 3 2
72 0.4883650246296638 3 2
73 0.5540815255008936 2 2
74 0.6022321740057296 2 2
75 0.6150006797535654 2 2
76 0.6334600848253591 3 2
77 0.4911350540002989 3 1
78 0.2798887201394795 3 2
79 0.16641592454467385 3 2
80 0.18317972572579105 3 2
81 0.17716313654232183 3 2
82 0.22868445809173213 3 2
83 0.3825773134361829 3 2
84 0.3025135804980668 3 2
85 0.3156205570632568 3 2
86 0.34123849878000095 3 2
87 0.45115873346466706 3 2
88 0.44148953603298613 3 2
89 0.5992634795328791 3 2
90 0.6369994649250094 3 2
91 0.6476112672576783 3 2
92 0.6131759753881019 3 2
93 0.4504467421610601 3 1
94 0.45633358863280254 3 1
95 0.462745473361423 3 1
