13 0.2647167232380076 0 1
14 0.26585637269058965 1 1
15 0.24665092207013675 2 1
16 0.2650426870508148 2 1
17 0.3557741760064809 2 2
18 0.3535083300512982 3 2
19 0.3531592257246113 3 2
20 0.26053808177439935 3 1
21 0.313353603082334 3 1
22 0.28052285300436736 3 1
23 0.14989095902441102 2 2
24 0.1964550713264565 2 2
25 0.2812024320572855 2 2
26 0.28958627474313364 3 2
27 0.2996208346120788 3 1
28 0.35359568183548074 3 1
29 0.36431661421973566 3 1
30 0.379261994619231 3 1
31 0.3886510439518033 3 1
32 0.3990951971233507 3 1
33 0.41008288278390553 3 1
34 0.4185071241025784 3 1
35 0.4182058444601409 3 1
36 0.424488640446981 3 1
37 0.4299618495091741 3 1
38 0.4502191841626776 3 1
39 0.5056137527044834 3 1
40 0.4884644269339507 3 1
41 0.42878837175547807 3 1
42 0.4248126682330454 3 1
43 0.3173533848857165 3 1
44 0.3071934369262383 3 1
45 0.388973488088224 3 2
46 0.3786177842047678 3 2
47 0.38452408965524826 3 1
48 0.39464664186420845 3 1
49 0.390850889910974 3 1
50 0.3944400507415251 3 1
51 0.3963643583829656 3 1
52 0.40852081372442 3 1
53 0.4806957284877476 3 1
54 0.4267070716020615 3 1
55 0.34378343858908345 3 1
56 0.3294699949283304 3 2
57 0.3990886166299347 3 2
58 0.4354805994337105 3 2
59 0.38432120024239963 3 1
60 0.35222725041243874 3 1
61 0.3620894946300696 3 1
62 0.42627187302510733 3 1
63 0.4431485640919155 3 1
64 0.6397270632483028 3 2
65 0.5984537118772877 2 2
66 0.6542869292013412 2 2
67 0.6629072305473903 2 2
68 0.6617059598008955 2 2
69 0.6083754697387327 3 2
70 0.4525184955288994 3 1
71 0.43883921247938246 3 1
72 0.4247477669934183 3 1
73 0.4427117766715373 3 1
74 0.4943292428692463 3 1
75 0.3732521224930012 3 1
76 0.27446257828814763 3 2
77 0.2924507595829809 2 2
78 0.4624819724555451 2 2
79 0.5059785104029294 2 2
80 0.5404753690747208 2 2
81 0.5630482481910863 2 2
82 0.5918358406068926 2 2
83 0.5171110675666721 1 1
84 0.5269788544485268 1 1
85 0.5397109804338737 1 1
86 0.6350468628510818 2 2
87 0.6176874951152188 2 2
88 0.6215111886451071 3 2
89 0.6193092033969556 3 2
90 0.6500702942640926 3 2
91 0.4461105964504681 3 1
92 0.461834954984106 3 1
93 0.47192411052290095 3 1
94 0.47871596752133083 3 1
95 0.4826165708394298 3 1
