18 0.3906971871298806 0 1
19 0.6234466454611587 1 1
20 0.2645843846097849 2 1
21 0.17074381904700167 2 1
22 0.21536313277457936 2 1
23 0.25067340878490546 2 1
24 0.3055800879509654 2 1
25 0.21949369626042997 2 1
26 0.23653766710701937 2 1
27 0.35069422855593735 2 1
28 0.47547902112411083 2 1
29 0.28144943622929647 2 1
30 0.5187037784453632 2 1
31 0.3840556889877964 2 1
32 0.31518969727837187 2 1
33 0.30196683728058016 2 1
34 0.374069305403573 2 1
35 0.2817331094536964 2 1
36 0.17646443475787082 2 1
37 0.13057466452551747 2 1
38 0.21684637304342563 2 1
39 0.2944316228478325 2 1
40 0.37002272077706566 2 1
41 0.3116261482970271 2 1
42 0.28264021247480914 2 1
43 0.46342783860601255 2 1
44 0.27022653763683036 2 1
45 0.15488826150535567 2 1
46 0.15617837984483837 2 1
47 0.18654714397120079 2 1
48 0.2435665504973506 2 1
49 0.20044384461809459 2 1
50 0.27007284003332777 2 1
51 0.25175982088302257 2 1
52 0.20593320355615777 2 1
53 0.3290710285226192 2 1
54 0.26149667010958727 2 1
55 0.30909948973317625 2 1
56 0.299568241411674 2 1
57 0.19909097880717866 2 1
58 0.21955764604307018 2 1
59 0.23843480838525133 2 1
60 0.3487924983756103 2 1
61 0.38391026986095234 2 1
62 0.29669130504951013 2 1
63 0.217359222130684 2 1
64 0.24817185106876713 2 1
65 0.47925060435262523 2 1
66 0.32751617066791583 2 1
67 0.25180342626482555 2 1
68 0.1917848984298141 2 1
69 0.23833986731684748 2 1
70 0.25922764006861276 2 1
71 0.25020868252649264 2 1
72 0.29915385909918446 2 1
73 0.2562598262350143 2 1
74 0.4296833181221665 2 1
75 0.2728806464505803 2 1
76 0.2809154680693479 2 1
77 0.41498507347300095 1 1
78 0.3701718006681637 1 1
79 0.4168262784174321 1 1
80 0.33624266992532803 2 1
81 0.3272226138445664 2 1
82 0.31930223426208565 2 1
83 0.46570781791851035 2 1
84 0.46543873793602897 2 1
85 0.31243207615442675 2 1
86 0.41597477087507845 2 1
87 0.3604494086743389 2 1
88 0.4389153520280893 2 1
89 0.43130586024926637 2 1
90 0.5252150613242196 2 1
91 0.4336027404803654 2 1
92 0.5508929949967275 2 1
93 0.5465474716716348 2 1
94 0.45704189814624935 2 1
95 0.45956297905834315 2 1
