1 0.234375
2 12.359375
3 12.376953125
4 13.19921875
5 13.53515625
6 15.427734375
7 15.046875
8 13.76953125
9 13.775390625
10 15.205078125
11 14.849609375
12 15.13671875
13 15.2578125
14 14.564453125
15 12.3125
16 13.12109375
17 12.40625
18 11.193359375
19 10.576171875
20 10.75
21 9.548828125
22 9.998046875
23 8.91015625
24 10.169921875
25 8.685546875
26 8.55859375
27 8.869140625
28 8.927734375
29 9.509765625
30 10.220703125
31 9.369140625
32 10.423828125
33 10.5078125
34 10.9296875
35 13.96484375
36 13.5546875
37 14.052734375
38 11.955078125
39 12.08203125
40 13.2890625
41 13.103515625
42 12.861328125
43 13.154296875
44 13.158203125
45 12.74609375
46 12.251953125
47 11.447265625
48 13.283203125
49 13.43359375
50 12.8125
51 13.03515625
52 12.67578125
53 13.263671875
54 11.171875
55 9.251953125
56 8.5703125
57 7.74609375
58 7.66015625
59 7.14453125
60 6.2578125
61 6.572265625
62 6.396484375
63 5.734375
64 5.845703125
65 5.65234375
66 5.4609375
67 6.28515625
68 5.94140625
69 6.27734375
70 5.21875
71 5.8671875
72 5.580078125
73 5.5234375
74 5.439453125
75 5.44140625
76 5.89453125
77 5.892578125
78 5.76171875
79 5.6875
80 6.44140625
81 6.576171875
82 7.50390625
83 8.24609375
84 9.947265625
85 10.357421875
86 12.30078125
87 10.783203125
88 10.7265625
89 10.0390625
90 7.94921875
91 7.556640625
92 6.640625
93 5.453125
94 3.9765625
95 4.7421875
