7 0.234375
8 12.953125
9 13.181640625
10 13.11328125
11 13.0
12 13.095703125
13 14.95703125
14 14.474609375
15 18.19921875
16 17.080078125
17 16.470703125
18 15.80078125
19 13.873046875
20 13.9375
21 13.611328125
22 13.828125
23 13.189453125
24 12.32421875
25 13.349609375
26 11.865234375
27 10.8125
28 12.275390625
29 13.306640625
30 13.412109375
31 12.951171875
32 13.291015625
33 13.076171875
34 12.990234375
35 13.435546875
36 13.671875
37 13.9765625
38 14.04296875
39 14.18359375
40 14.177734375
41 13.89453125
42 13.388671875
43 12.634765625
44 13.7265625
45 12.779296875
46 13.46875
47 12.75390625
48 13.86328125
49 14.421875
50 14.658203125
51 15.025390625
52 14.419921875
53 13.939453125
54 13.646484375
55 13.59375
56 13.57421875
57 13.369140625
58 12.625
59 12.24609375
60 10.34765625
61 8.857421875
62 8.619140625
63 8.357421875
64 8.095703125
65 8.765625
66 9.251953125
67 8.076171875
68 9.48046875
69 9.59375
70 12.408203125
71 13.798828125
72 12.34765625
73 10.77734375
74 9.9375
75 8.701171875
76 6.7265625
77 6.291015625
78 5.783203125
79 5.267578125
80 4.865234375
81 5.095703125
82 4.908203125
83 4.916015625
84 4.876953125
85 5.1171875
86 5.4765625
87 6.1328125
88 6.775390625
89 7.974609375
90 8.822265625
91 8.33984375
92 8.640625
93 8.96875
94 9.578125
95 8.681640625
