12 0.234375
13 5.486328125
14 5.673828125
15 5.37109375
16 5.314453125
17 5.8125
18 5.92578125
19 6.0390625
20 6.00390625
21 5.8984375
22 6.314453125
23 6.095703125
24 5.955078125
25 5.794921875
26 5.470703125
27 5.16015625
28 5.126953125
29 5.791015625
30 6.208984375
31 6.7421875
32 7.18359375
33 8.052734375
34 9.615234375
35 9.619140625
36 11.03515625
37 10.91015625
38 10.52734375
39 9.322265625
40 8.361328125
41 7.947265625
42 6.03515625
43 5.33203125
44 5.302734375
45 5.361328125
46 5.375
47 5.37109375
48 5.279296875
49 4.798828125
50 5.220703125
51 5.177734375
52 5.009765625
53 4.86328125
54 4.248046875
55 4.169921875
56 4.1796875
57 3.931640625
58 4.0234375
59 3.802734375
60 4.501953125
61 4.6953125
62 5.013671875
63 5.416015625
64 5.982421875
65 6.228515625
66 8.7578125
67 10.71875
68 12.703125
69 13.92578125
70 16.0
71 16.849609375
72 13.81640625
73 13.3203125
74 13.388671875
75 12.732421875
76 13.005859375
77 13.181640625
78 13.216796875
79 12.6875
80 11.705078125
81 11.60546875
82 13.892578125
83 13.47265625
84 13.203125
85 13.4453125
86 12.923828125
87 12.333984375
88 12.77734375
89 12.908203125
90 12.365234375
91 12.5234375
92 12.51171875
93 12.6171875
94 11.841796875
95 11.810546875
