1 0.234375
2 7.44140625
3 7.22265625
4 6.076171875
5 7.109375
6 7.087890625
7 7.2578125
8 6.71484375
9 6.6171875
10 7.572265625
11 7.400390625
12 7.861328125
13 7.716796875
14 8.900390625
15 8.75390625
16 9.369140625
17 9.078125
18 7.890625
19 8.6796875
20 8.44921875
21 8.251953125
22 8.08203125
23 8.810546875
24 8.205078125
25 8.521484375
26 8.52734375
27 8.73046875
28 10.177734375
29 9.31640625
30 7.189453125
31 6.41015625
32 6.306640625
33 6.48046875
34 6.42578125
35 6.658203125
36 7.076171875
37 7.11328125
38 6.94140625
39 8.876953125
40 11.6640625
41 12.82421875
42 12.16796875
43 10.787109375
44 10.75
45 10.98046875
46 10.1171875
47 10.576171875
48 10.94921875
49 11.65625
50 11.17578125
51 13.19140625
52 14.8125
53 16.513671875
54 17.84765625
55 16.681640625
56 19.83203125
57 17.654296875
58 19.796875
59 17.54296875
60 16.0234375
61 15.744140625
62 15.6484375
63 17.33984375
64 17.181640625
65 17.41796875
66 15.96484375
67 14.265625
68 14.779296875
69 13.068359375
70 13.72265625
71 12.412109375
72 12.294921875
73 11.88671875
74 10.576171875
75 10.51171875
76 10.48828125
77 10.388671875
78 10.861328125
79 10.861328125
80 10.529296875
81 9.7890625
82 8.5546875
83 7.458984375
84 6.873046875
85 6.130859375
86 5.837890625
87 5.767578125
88 5.71875
89 5.29296875
90 5.71875
91 6.302734375
92 6.865234375
93 6.0625
94 6.046875
95 7.4140625
