17 0.234375
18 3.13671875
19 2.671875
20 2.50390625
21 2.740234375
22 4.177734375
23 4.5859375
24 4.6953125
25 5.73046875
26 5.380859375
27 6.53515625
28 8.337890625
29 11.15625
30 12.41796875
31 12.025390625
32 11.998046875
33 11.82421875
34 11.935546875
35 12.1328125
36 11.732421875
37 11.890625
38 11.51171875
39 11.451171875
40 11.58203125
41 11.689453125
42 12.05859375
43 13.14453125
44 11.302734375
45 11.466796875
46 11.5078125
47 11.322265625
48 11.654296875
49 9.65234375
50 11.826171875
51 11.38671875
52 11.673828125
53 11.68359375
54 13.31640625
55 11.673828125
56 11.302734375
57 10.6953125
58 10.80078125
59 10.3125
60 10.74609375
61 10.744140625
62 10.740234375
63 9.75
64 10.375
65 10.81640625
66 11.572265625
67 10.716796875
68 8.435546875
69 7.435546875
70 7.791015625
71 7.80078125
72 7.888671875
73 8.068359375
74 7.8359375
75 7.435546875
76 8.71875
77 7.953125
78 8.0703125
79 8.490234375
80 8.08984375
81 7.74609375
82 6.95703125
83 5.33984375
84 4.716796875
85 4.6796875
86 4.435546875
87 3.6484375
88 3.728515625
89 4.392578125
90 4.359375
91 3.896484375
92 4.029296875
93 4.46484375
94 4.431640625
95 4.68359375
