12 0.234375
13 13.19921875
14 14.103515625
15 15.091796875
16 13.8515625
17 13.94140625
18 13.4921875
19 14.673828125
20 13.97265625
21 14.419921875
22 14.072265625
23 14.927734375
24 13.337890625
25 13.322265625
26 11.34375
27 10.935546875
28 11.119140625
29 10.060546875
30 10.451171875
31 9.986328125
32 9.689453125
33 9.693359375
34 8.056640625
35 7.970703125
36 8.076171875
37 9.4609375
38 8.9375
39 9.513671875
40 9.53515625
41 10.62890625
42 9.681640625
43 10.650390625
44 13.140625
45 13.890625
46 13.419921875
47 13.333984375
48 12.669921875
49 12.115234375
50 12.88671875
51 11.181640625
52 10.953125
53 10.673828125
54 11.4296875
55 11.310546875
56 12.53515625
57 12.875
58 12.52734375
59 12.98046875
60 12.666015625
61 13.380859375
62 11.22265625
63 10.44921875
64 8.35546875
65 7.455078125
66 7.47265625
67 6.833984375
68 6.607421875
69 6.396484375
70 7.4140625
71 7.80859375
72 7.904296875
73 10.126953125
74 10.0390625
75 10.107421875
76 8.90234375
77 8.431640625
78 7.421875
79 6.923828125
80 5.5703125
81 5.107421875
82 4.634765625
83 3.791015625
84 3.986328125
85 4.48046875
86 4.169921875
87 3.94921875
88 3.9609375
89 3.994140625
90 4.556640625
91 4.4921875
92 4.947265625
93 5.421875
94 5.87890625
95 6.685546875
