7 0.234375
8 7.6640625
9 7.564453125
10 6.287109375
11 6.705078125
12 6.533203125
13 6.775390625
14 6.94140625
15 7.5234375
16 7.3359375
17 7.685546875
18 7.466796875
19 7.9921875
20 8.20703125
21 8.859375
22 9.630859375
23 8.34765625
24 8.439453125
25 7.935546875
26 8.75
27 8.4921875
28 8.6015625
29 7.82421875
30 8.283203125
31 8.095703125
32 8.76953125
33 9.98046875
34 9.62890625
35 7.421875
36 7.8359375
37 7.9609375
38 7.826171875
39 7.9453125
40 7.12890625
41 7.564453125
42 8.134765625
43 8.11328125
44 9.033203125
45 12.201171875
46 13.140625
47 12.712890625
48 11.416015625
49 11.486328125
50 11.62890625
51 11.517578125
52 11.390625
53 10.330078125
54 12.7421875
55 13.07421875
56 13.361328125
57 14.271484375
58 17.15625
59 14.263671875
60 13.0390625
61 10.197265625
62 9.1171875
63 7.388671875
64 6.990234375
65 6.3125
66 5.595703125
67 5.51171875
68 5.48046875
69 5.607421875
70 5.10546875
71 5.255859375
72 5.92578125
73 6.556640625
74 6.232421875
75 5.998046875
76 7.166015625
77 8.666015625
78 9.65625
79 11.244140625
80 12.583984375
81 13.736328125
82 13.583984375
83 12.919921875
84 12.828125
85 12.85546875
86 12.955078125
87 13.4609375
88 11.3359375
89 11.142578125
90 10.955078125
91 10.224609375
92 9.767578125
93 9.32421875
94 8.78515625
95 8.517578125
