1 0.234375
2 4.96875
3 4.9609375
4 4.935546875
5 4.455078125
6 5.900390625
7 6.291015625
8 6.099609375
9 5.8984375
10 5.84765625
11 5.37109375
12 5.654296875
13 5.875
14 5.513671875
15 4.712890625
16 5.060546875
17 4.6953125
18 4.7421875
19 4.845703125
20 5.162109375
21 5.61328125
22 5.31640625
23 5.70703125
24 6.1328125
25 8.02734375
26 9.099609375
27 9.107421875
28 11.712890625
29 12.958984375
30 13.623046875
31 13.75390625
32 13.0390625
33 13.888671875
34 12.306640625
35 10.748046875
36 9.439453125
37 10.416015625
38 9.255859375
39 9.109375
40 9.640625
41 9.517578125
42 9.2265625
43 9.650390625
44 9.40625
45 8.703125
46 8.4453125
47 8.3828125
48 8.125
49 8.0234375
50 8.27734375
51 8.427734375
52 8.0390625
53 7.90234375
54 7.087890625
55 9.353515625
56 8.720703125
57 8.904296875
58 9.630859375
59 8.86328125
60 10.232421875
61 10.69140625
62 11.01171875
63 12.814453125
64 13.916015625
65 12.853515625
66 15.3203125
67 18.583984375
68 15.61328125
69 14.41796875
70 13.857421875
71 14.48828125
72 14.3671875
73 14.3046875
74 12.740234375
75 13.32421875
76 12.556640625
77 12.96484375
78 14.349609375
79 13.544921875
80 13.201171875
81 10.861328125
82 11.0
83 11.63671875
84 10.818359375
85 11.931640625
86 11.537109375
87 10.953125
88 11.1953125
89 11.640625
90 12.98828125
91 12.69140625
92 12.849609375
93 11.056640625
94 10.501953125
95 10.80859375
