7 0.234375
8 13.26953125
9 13.498046875
10 12.28515625
11 15.515625
12 14.61328125
13 14.693359375
14 14.994140625
15 14.931640625
16 14.37890625
17 14.4375
18 14.283203125
19 15.005859375
20 13.5078125
21 11.419921875
22 11.1953125
23 11.8203125
24 11.51171875
25 10.203125
26 10.37109375
27 9.57421875
28 9.033203125
29 8.814453125
30 9.125
31 7.837890625
32 8.337890625
33 8.962890625
34 8.798828125
35 9.1796875
36 9.935546875
37 10.28125
38 10.525390625
39 10.25
40 12.26953125
41 13.291015625
42 12.443359375
43 12.439453125
44 12.421875
45 11.55859375
46 13.244140625
47 11.73046875
48 10.931640625
49 11.173828125
50 10.744140625
51 11.0078125
52 10.798828125
53 12.931640625
54 11.60546875
55 11.9609375
56 13.3203125
57 13.298828125
58 13.43359375
59 10.5078125
60 10.103515625
61 9.27734375
62 8.373046875
63 7.71875
64 6.890625
65 6.951171875
66 6.787109375
67 6.17578125
68 6.044921875
69 5.87109375
70 5.404296875
71 5.953125
72 5.681640625
73 5.41796875
74 5.580078125
75 6.453125
76 6.349609375
77 6.54296875
78 7.224609375
79 8.619140625
80 9.86328125
81 9.326171875
82 10.41796875
83 10.828125
84 10.7734375
85 8.63671875
86 7.87109375
87 7.744140625
88 6.029296875
89 5.58984375
90 5.095703125
91 5.22265625
92 5.2265625
93 5.005859375
94 3.875
95 4.857421875
