1 0.234375
2 2.919921875
3 3.041015625
4 2.9140625
5 4.19140625
6 4.5234375
7 4.986328125
8 6.056640625
9 5.8828125
10 6.04296875
11 6.548828125
12 7.8125
13 9.84765625
14 13.498046875
15 16.146484375
16 17.212890625
17 17.193359375
18 14.349609375
19 14.349609375
20 14.234375
21 13.39453125
22 13.8203125
23 13.2265625
24 13.5078125
25 11.830078125
26 12.728515625
27 12.83203125
28 14.916015625
29 14.1796875
30 13.185546875
31 11.14453125
32 12.068359375
33 11.87890625
34 12.287109375
35 12.943359375
36 12.61328125
37 12.412109375
38 11.0078125
39 11.158203125
40 13.13671875
41 13.875
42 12.84765625
43 11.703125
44 10.609375
45 10.708984375
46 10.28125
47 11.017578125
48 10.69140625
49 10.15234375
50 9.85546875
51 10.056640625
52 10.822265625
53 11.59375
54 13.724609375
55 14.501953125
56 12.359375
57 11.923828125
58 10.802734375
59 10.119140625
60 9.953125
61 9.703125
62 8.8671875
63 7.24609375
64 6.66796875
65 6.818359375
66 6.83984375
67 6.84375
68 6.865234375
69 7.134765625
70 6.6875
71 6.72265625
72 6.025390625
73 6.283203125
74 6.30078125
75 6.041015625
76 6.142578125
77 5.29296875
78 5.302734375
79 5.474609375
80 5.369140625
81 5.458984375
82 5.337890625
83 6.033203125
84 6.18359375
85 7.27734375
86 6.810546875
87 6.18359375
88 6.37109375
89 6.205078125
90 6.591796875
91 6.431640625
92 6.80078125
93 6.99609375
94 7.74609375
95 7.052734375
