12 0.234375
13 5.103515625
14 5.447265625
15 5.380859375
16 5.259765625
17 5.5078125
18 5.60546875
19 5.908203125
20 5.978515625
21 6.08203125
22 5.88671875
23 5.8125
24 5.068359375
25 5.982421875
26 5.828125
27 5.43359375
28 5.05859375
29 5.462890625
30 6.150390625
31 6.21484375
32 7.623046875
33 8.16015625
34 9.6953125
35 10.216796875
36 9.607421875
37 10.8671875
38 10.58984375
39 9.548828125
40 8.623046875
41 7.560546875
42 6.447265625
43 5.486328125
44 5.357421875
45 5.294921875
46 5.392578125
47 5.48046875
48 5.076171875
49 4.8125
50 4.4609375
51 5.1328125
52 5.033203125
53 4.712890625
54 4.03125
55 4.572265625
56 4.234375
57 4.646484375
58 4.22265625
59 3.935546875
60 4.626953125
61 5.39453125
62 4.82421875
63 5.3359375
64 5.798828125
65 6.4921875
66 8.61328125
67 10.89453125
68 13.181640625
69 14.18359375
70 14.51171875
71 15.6953125
72 14.095703125
73 13.8359375
74 13.919921875
75 13.6015625
76 13.044921875
77 13.287109375
78 12.880859375
79 11.3984375
80 10.73828125
81 11.19140625
82 13.474609375
83 14.484375
84 12.76953125
85 13.375
86 12.626953125
87 13.205078125
88 12.6875
89 12.697265625
90 12.9296875
91 12.525390625
92 12.884765625
93 12.50390625
94 12.251953125
95 12.29296875
