7 0.234375
8 7.724609375
9 7.349609375
10 5.947265625
11 6.88671875
12 6.61328125
13 6.6171875
14 6.763671875
15 6.998046875
16 7.68359375
17 8.490234375
18 7.259765625
19 8.84765625
20 8.81640625
21 9.85546875
22 9.009765625
23 8.720703125
24 8.408203125
25 8.37890625
26 7.767578125
27 8.59765625
28 7.857421875
29 7.947265625
30 8.087890625
31 8.47265625
32 8.517578125
33 9.607421875
34 8.830078125
35 7.53125
36 7.126953125
37 6.93359375
38 6.9296875
39 7.201171875
40 6.865234375
41 6.708984375
42 7.41015625
43 6.970703125
44 8.912109375
45 10.12890625
46 11.701171875
47 11.4296875
48 11.087890625
49 10.271484375
50 9.41015625
51 10.142578125
52 10.22265625
53 11.935546875
54 12.015625
55 12.490234375
56 12.951171875
57 13.6875
58 14.55078125
59 15.52734375
60 15.533203125
61 20.75
62 17.69140625
63 20.744140625
64 20.466796875
65 17.828125
66 16.162109375
67 15.685546875
68 15.025390625
69 17.095703125
70 16.681640625
71 15.70703125
72 15.06640625
73 15.046875
74 14.099609375
75 15.185546875
76 12.892578125
77 12.90234375
78 12.0703125
79 10.69921875
80 12.072265625
81 11.43359375
82 10.1640625
83 11.453125
84 9.908203125
85 10.61328125
86 9.310546875
87 8.265625
88 7.876953125
89 6.46875
90 5.234375
91 5.357421875
92 5.220703125
93 5.556640625
94 4.79296875
95 5.265625
