7 0.234375
8 5.48828125
9 5.685546875
10 5.33984375
11 5.181640625
12 6.4765625
13 6.099609375
14 6.44921875
15 6.236328125
16 6.412109375
17 5.84375
18 5.59765625
19 6.087890625
20 6.015625
21 5.91015625
22 5.45703125
23 5.544921875
24 5.841796875
25 5.9765625
26 5.150390625
27 5.583984375
28 5.458984375
29 4.880859375
30 4.6484375
31 5.341796875
32 5.4296875
33 4.9765625
34 5.0859375
35 4.798828125
36 4.767578125
37 5.056640625
38 4.98828125
39 5.541015625
40 6.06640625
41 6.052734375
42 6.193359375
43 5.720703125
44 5.775390625
45 5.91015625
46 6.6640625
47 6.1953125
48 6.6796875
49 6.7265625
50 7.236328125
51 7.04296875
52 7.59375
53 8.357421875
54 8.0
55 8.486328125
56 8.154296875
57 7.33203125
58 6.87109375
59 6.708984375
60 7.013671875
61 6.462890625
62 7.736328125
63 9.365234375
64 10.34765625
65 12.630859375
66 13.787109375
67 15.154296875
68 14.78125
69 13.798828125
70 13.6328125
71 13.376953125
72 12.171875
73 12.216796875
74 11.740234375
75 12.29296875
76 12.203125
77 11.921875
78 14.56640625
79 14.712890625
80 13.859375
81 13.205078125
82 12.98046875
83 12.5
84 12.482421875
85 13.392578125
86 13.22265625
87 13.5
88 12.701171875
89 13.978515625
90 12.52734375
91 12.40234375
92 12.359375
93 12.265625
94 11.8828125
95 11.765625
