3 0.21483565423184808 1.5 3
4 0.4702760635563512 2.5 3
5 0.0005019929043468062 2.8446151577165804 3
6 0.7010099205647903 3.266718260180129 3
7 0.09018201514482369 3.664893344907484 3
8 0.25975476002276704 4.01629744329216 4
9 0.19586727326789485 4.314832355273529 4
10 0.13538636246388802 4.664243223585893 4
11 0.16055324367304605 5.024601511467497 4
12 0.18466676956516737 5.403698601682122 4
13 0.3003478526166483 5.5 4
14 0.4336758581759749 5.5 4
15 0.35413597530000746 5.428907712607763 4
16 0.4003472492220492 5.1423143985597255 4
17 0.4425861782635455 5.015155469846746 4
18 0.4180900300328276 5.340595970068552 4
19 0.4303085396969894 5.31266727863499 4
20 0.45524792744291587 5.5 4
21 0.4625000169432081 5.5 4
22 0.43735665042638866 5.5 4
23 0.4323355207603296 5.5 4
24 0.5378238285924699 5.5 4
25 0.4838576724549969 5.5 4
26 0.5135925842683727 4.971139719125815 4
27 0.49384281576872535 4.961056573308026 4
28 0.32803064155472034 5.5 4
29 0.2024504547297028 5.5 4
30 0.20604997620843724 5.5 4
31 0.3837345868757486 5.5 4
32 0.5268899321975297 5.5 4
33 0.5208586744790885 5.5 4
34 0.4771730676462685 5.5 4
35 0.4194503733529669 5.5 4
36 0.3512329248559607 5.5 4
37 0.3722698066220694 5.5 4
38 0.37983785671525944 5.5 4
39 0.530872824163651 5.426116462664875 4
40 0.41422409090254625 5.5 4
41 0.3986151020685411 5.5 4
42 0.41540088315346285 5.5 4
43 0.40848382969862845 5.5 4
44 0.4758445008089142 5.5 4
45 0.39025863718335285 5.5 4
46 0.2709228340308451 5.5 4
47 0.25199143990386 5.5 4
48 0.33880979907875713 5.5 4
49 0.48222156467678834 5.5 4
50 0.22716212415969345 5.5 4
51 0.2380698745389145 5.5 4
52 0.19833549889980595 5.5 4
53 0.23451668148345245 5.5 4
54 0.280732501810333 5.5 4
55 0.25040005819065975 4.709053990633925 4
56 0.2773082455761961 4.582271489115047 4
57 0.31317846393234433 4.556000642415041 4
58 0.26759318285713596 4.526759525960915 4
59 0.24939316152337887 4.618329102531985 4
60 0.2652943468158009 4.820317618006862 4
61 0.31609643166401136 5.045315306819706 4
62 0.39209498286923267 5.318035997541112 4
63 0.41393888181658645 5.5 4
64 0.4145134302273063 5.5 4
65 0.4009130097324816 5.5 4
66 0.4308189312869573 5.5 4
67 0.31037389662279136 5.5 4
68 0.21276992566061526 5.5 4
69 0.22670260605290465 5.5 4
70 0.26418390660307056 5.5 4
71 0.19030825145048783 5.5 4
72 0.14177822542106266 5.5 4
73 0.1878279716535183 5.5 4
74 0.25893419530271383 5.5 4
75 0.361650612795349 5.5 4
76 0.41910344664667565 5.5 4
77 0.41235824754197054 5.443084286501107 4
78 0.4552476412793255 5.329268076598164 4
79 0.5055516289540601 5.203581618861674 4
80 0.46549642125920343 4.896224923994639 4
81 0.4569611135280388 4.686657338391509 4
82 0.4481029675834022 4.69518574055731 4
83 0.5027889666468411 4.840348697046138 4
84 0.4702748657614219 4.855661482442345 4
85 0.4263187599510401 4.736389139117426 4
86 0.4233887191188822 4.934250657807556 4
87 0.4279793994533137 5.22840069443846 4
88 0.47955166820385287 5.5 4
89 0.5160575597133592 5.5 4
90 0.5711342019833942 5.5 4
91 0.6907352264385057 5.5 4
92 0.7345648237943018 5.5 4
93 0.5872801899130267 5.5 4
94 0.23989638567232976 5.5 3
95 0.42676427552289636 5.5 3
