16 0.34978371424981347 1.5 3
17 0.4224397678040865 2.5 3
18 0.0 2.5 3
19 0.15465088371749136 2.5 3
20 0.23242670104473873 2.5 3
21 0.3377575791750332 2.5 3
22 0.2813675613925284 2.5 3
23 0.6104179852358972 2.5 3
24 0.2544698535050584 2.5 3
25 0.28579271949844237 2.4311970397515763 3
26 0.8856541371062387 2.1250046324816543 3
27 0.9040962301043325 2.0052759965415428 3
28 0.74875921792069 2.273119516062532 3
29 0.770720431960706 2.160364962296426 3
30 0.8194710037970643 2.4312762686734057 3
31 0.7647707679253501 2.5 3
32 0.7445886542412636 2.5 3
33 0.7425125021043184 2.5 3
34 0.4166417468865379 2.5 3
35 0.20564842016786752 2.5 3
36 0.052091636974114675 1.8122321768636103 3
37 0.5525778982400732 1.942555969560599 3
38 0.8130507372387865 2.5 3
39 0.5402894893963331 2.5 3
40 0.4230163092528428 2.5 3
41 0.7675369702416831 2.5 3
42 0.0 2.5 3
43 0.4509688784160299 2.5 3
44 0.34162438523366884 2.5 3
45 0.22824112445903788 2.5 3
46 0.6407443769123073 2.5 3
47 0.8299362717950076 2.5 3
48 0.7956916681120593 2.5 3
49 0.6861196721447321 2.446325738930369 3
50 0.7477735941072559 2.5 3
51 0.9281879628055633 2.5 3
52 0.9777957118759684 2.5 3
53 0.7341499607352641 2.5 3
54 0.14705807102167298 2.5 3
55 0.0 2.5 3
56 0.6995160683580807 2.5 3
57 0.3219689576761141 2.5 3
58 0.2680448859108508 2.5 3
59 0.11936590031294533 2.5 3
60 0.3401426037329589 2.5 3
61 0.4282373331383557 2.5 3
62 0.20630387939452266 2.5 3
63 0.5437786661531 2.5 3
64 0.060253785873908845 2.5 3
65 0.5281009252021187 1.5498850515637024 3
66 0.8429619127539882 1.5000000000000655 3
67 0.44009192631597943 1.499999999999738 3
68 4.28626864509588e-05 1.499999999999258 3
69 0.2104293633771666 1.4999999999992868 3
70 0.11518049053433153 1.49999999999952 3
71 0.12976260093570227 1.661660491188959 3
72 0.011711459371361295 1.9562529392124852 3
73 0.40889962517407386 2.2761522636297014 3
74 0.001893108849091009 2.5 3
75 0.1700746743186555 2.5 3
76 0.7533908693233563 2.3286539529175645 3
77 0.5601242240906689 2.5 3
78 0.7465758067703168 2.5 3
79 0.7366843860940224 2.5 3
80 0.47845795535269425 2.5 3
81 0.3761532697787634 2.5 3
82 0.7844514018430451 2.5 3
83 0.6728701961533514 2.5 3
84 0.321305163767686 2.5 3
85 0.30059433804533325 2.5 3
86 0.8509602599824523 2.5 3
87 0.9066777056097578 2.5 3
88 0.7111183137754369 2.5 3
89 0.8214370123006199 2.5 3
90 0.46302660532382284 2.5 3
91 0.607756174668276 2.5 3
92 0.07867752408102616 2.5 3
93 0.20795091340219854 2.5 3
94 0.687484226384896 2.5 3
95 0.6917946484223627 2.5 3
