8 0.5528650013368396 1.5 3
9 0.39061298816557677 2.5 3
10 0.32339235188399273 2.803672364052348 3
11 0.6484860301391189 3.0255524432479595 3
12 0.1739018494406819 3.368837121984003 4
13 0.27486121023408555 3.713799891400482 4
14 0.4303416703507742 4.067374888325855 4
15 0.48834637179138585 4.4887985764312 4
16 0.42955235159079697 4.5 4
17 0.581293695994131 4.5 4
18 0.4773635736580097 4.5 4
19 0.45423596902452934 4.5 4
20 0.5517022308298009 4.3830587443684195 4
21 0.5223857827771418 4.5 4
22 0.4019086143944037 4.5 4
23 0.5387558790064275 4.5 4
24 0.5230876386645171 4.5 4
25 0.3871472518198389 4.5 4
26 0.4225851802570134 4.5 4
27 0.5294086621082824 4.5 4
28 0.43156128964022644 4.5 4
29 0.3904088504865146 4.5 4
30 0.40634127598305236 4.5 4
31 0.4499810939258729 4.5 4
32 0.5855863360570437 4.5 4
33 0.5493895169300232 4.5 4
34 0.4207684808082949 4.5 4
35 0.03523326580660078 4.5 4
36 0.15293558868660795 4.5 4
37 0.35522304211985084 4.5 4
38 0.4834076599418864 4.5 4
39 0.6262618471055796 4.5 4
40 0.48161027644036375 4.5 4
41 0.20278928451978998 4.5 4
42 0.2008802036459663 4.1334609228277115 4
43 0.16309274015146114 3.78001225625159 4
44 0.11495275092421574 3.217369965787089 4
45 0.2745822708534523 2.863207025592281 4
46 0.222863313234817 2.8543800854555594 4
47 0.36438303297346786 2.8459070403488003 4
48 0.3394427631360733 2.9845453617084496 4
49 0.28743053636223137 2.841333650408502 4
50 0.2764715881408902 2.9350664387534926 4
51 0.20335571765422747 3.1910113496100747 4
52 0.1091830995779919 3.504823972046215 4
53 0.26810274378720694 3.8021315100805007 4
54 0.34670502691430544 4.100258645270202 4
55 0.3587404313523851 4.426202864110287 4
56 0.3234077003060495 4.5 4
57 0.18753890794664324 4.5 4
58 0.12010936459390986 4.5 4
59 0.12129602235452404 4.5 4
60 0.146158763700723 4.5 4
61 0.18081454631198543 4.5 4
62 0.2813961306044876 4.5 4
63 0.3965888707944244 4.5 4
64 0.3746880303063685 4.5 4
65 0.32703380320448505 4.5 4
66 0.20602261811996114 4.5 4
67 0.14028395751586767 4.5 4
68 0.04531777629916022 4.5 4
69 0.08365744833903756 4.5 4
70 0.14474348106569634 4.5 4
71 0.30580590477806724 4.312328562316587 4
72 0.18285404804989552 4.5 4
73 0.20053810996381613 4.5 4
74 0.3009635992041442 4.5 4
75 0.27200624824794994 4.5 4
76 0.23475175633325338 4.5 4
77 0.2991458286433325 4.5 4
78 0.31562362541807726 4.5 4
79 0.4466285701097345 4.5 4
80 0.46433392090718223 4.330267889865019 4
81 0.5074682968310138 3.952534119363627 4
82 0.5047711215869237 4.5 4
83 0.48286579922013706 4.5 4
84 0.4365572110872121 4.5 4
85 0.4622328459438747 4.5 4
86 0.5013833028660607 4.5 4
87 0.5063918432734833 4.5 4
88 0.5696193336132582 4.5 4
89 0.6050911181578439 4.5 4
90 0.6073899043679463 4.5 4
91 0.5359167273950394 4.5 4
92 0.4822929265144384 4.5 4
93 0.543241588534646 4.38977982582619 4
94 0.23762551753245545 4.5 3
95 0.0 4.5 3
