8 0.2747033908397197 1.5 3
9 0.13370981615429875 2.5 3
10 0.0 2.874634117123844 3
11 0.0016719126671716602 3.2892074336220847 3
12 0.08551374601987556 3.6164100183757326 3
13 0.23573332865168767 3.9717593945332683 4
14 0.35418283391245337 4.411297419622821 4
15 0.4083136795030312 4.5 4
16 0.4055759934194152 4.5 4
17 0.5181541923479434 4.5 4
18 0.49509442932797765 2.980449529526964 4
19 0.45629678699715825 2.8427499698579157 4
20 0.5617031417414325 3.3039084645150143 4
21 0.46782093366588656 3.816404170224527 4
22 0.43289480121371676 4.35390656232665 4
23 0.5323599087146895 4.5 4
24 0.4498688863319654 4.5 4
25 0.4673973870651751 4.5 4
26 0.4670166589297702 4.5 4
27 0.4755004502632358 4.5 4
28 0.43573702398874714 4.5 4
29 0.439841049257462 4.5 4
30 0.5392677020192074 4.444687995271401 4
31 0.571778812318364 4.5 4
32 0.4106646480594299 4.5 4
33 0.4620575316091667 4.5 4
34 0.5061225109440337 4.5 4
35 0.4638757442476284 4.5 4
36 0.39866053037115445 4.5 4
37 0.3649557409000593 4.5 4
38 0.2817667016763714 4.5 4
39 0.2948144660725851 4.5 4
40 0.3281412998144235 4.274293351799199 4
41 0.3977841478489671 4.270989858433466 4
42 0.30771560514935886 4.5 4
43 0.3363547606479681 4.5 4
44 0.3850345751037764 4.5 4
45 0.378357488650488 4.5 4
46 0.3634528220558115 4.5 4
47 0.3832988897122757 4.5 4
48 0.34220780689668273 4.5 4
49 0.45363318605097935 4.5 4
50 0.5439085320246446 4.5 4
51 0.3635538287696784 4.380677813071612 4
52 0.49247368102165273 4.133838964609968 4
53 0.42492905606814524 4.263974622065354 4
54 0.33211300599843624 4.5 4
55 0.2926783129620785 4.5 4
56 0.324948939884128 4.5 4
57 0.32071540133027 4.5 4
58 0.28608082983205957 4.5 4
59 0.30713989272374737 4.338882069325576 4
60 0.4257900626554167 3.766038245587188 4
61 0.34962559941399574 3.605389284419558 4
62 0.2999136384660143 3.5995491022882486 4
63 0.15360930346534715 3.5732578578069076 4
64 0.26383111621267075 3.516356116213552 4
65 0.2804524874806988 3.5796663426361772 4
66 0.07080679686008332 3.717553665087187 4
67 0.20621046683281527 3.9580848660261254 4
68 0.11676544222281983 4.26864032067806 4
69 0.1062174307005687 4.408034136605297 4
70 0.12956726168186208 4.07337659742203 4
71 0.17026912822698076 4.405275814800451 4
72 0.21275985253673063 4.5 4
73 0.21979046018975723 4.5 4
74 0.21648413760594773 4.5 4
75 0.3112159452633387 4.5 4
76 0.3442732363287999 4.5 4
77 0.2930619100319111 4.5 4
78 0.2993449580280372 4.5 4
79 0.43554207855184907 4.5 4
80 0.5323455962661232 4.5 4
81 0.5440589371642803 4.5 4
82 0.522050348378191 4.5 4
83 0.5741081154308344 4.5 4
84 0.512271243158309 4.5 4
85 0.5059034519842491 4.5 4
86 0.5155452232478505 4.5 4
87 0.5336876141899901 4.5 4
88 0.5704350522186041 4.5 4
89 0.6056132750603708 4.5 4
90 0.6458890747577093 3.8106078723088865 4
91 0.5690458640054064 3.8085658629061947 4
92 0.4925044163484581 4.018131555098444 4
93 0.49060840479040624 4.036901365166079 4
94 0.7172460948500907 4.3978164789692675 3
95 0.020569431490983673 4.5 3
