12 0.5920294051926586 1.5 3
13 0.40076665403454964 2.5 3
14 0.4453855026285723 3.0497051798294708 3
15 0.002459070864573782 3.5 3
16 0.18386140721981703 3.5 3
17 0.30388713959597097 3.5 3
18 0.04771130131458897 3.5 3
19 0.0 3.5 3
20 0.005603532968387268 3.5 3
21 0.23206494700301025 3.202898846973261 4
22 0.1171366543402627 1.8923485730883258 4
23 0.22803548302193666 2.3581214641325348 4
24 0.03942211758406956 2.8499467202755695 3
25 0.008036914810224992 3.391120839501127 3
26 0.07482656274254842 3.5 3
27 0.0018514070494112364 3.5 3
28 0.6296563990276542 3.5 3
29 0.033034128882530205 3.5 3
30 0.0 3.5 3
31 0.10224850700369385 3.5 3
32 0.0 3.5 3
33 0.0 3.3746214252771534 3
34 0.6459947994762028 3.5 3
35 0.49669033418806807 3.5 3
36 0.8029771036476202 3.5 3
37 0.46115592414144807 3.5 3
38 0.00843928559742919 3.5 3
39 0.05768127664317881 3.5 3
40 0.0 3.5 3
41 0.0007453339193364642 3.5 3
42 0.1918340988221142 3.5 3
43 0.002006246089903581 3.497666812508716 3
44 0.006456241395425298 3.166414248261819 4
45 0.08377300576336841 3.3991966751338043 3
46 0.12888774940700534 3.5 3
47 0.19972911993906298 3.5 3
48 0.5937174355656268 3.5 3
49 0.003547925832780621 3.5 3
50 0.06706179362187888 3.5 3
51 0.7460691821801361 3.5 3
52 0.7710204281910441 3.5 3
53 0.536602687032498 3.5 3
54 0.496220719594155 3.5 3
55 0.15730604575390447 3.241995099458334 3
56 0.001675256955929646 3.4097614437517403 3
57 0.07924027691032516 3.5 3
58 0.33830389900624563 3.5 3
59 0.06248108283153132 3.5 3
60 0.0 3.5 3
61 0.18491369259389048 3.5 3
62 0.30753231830109584 3.5 3
63 0.1509772263363941 3.5 3
64 0.3945178632823351 3.349431598732357 3
65 0.06497758788945211 2.87222548169949 3
66 0.7269421365640023 2.8767405362195495 3
67 0.22129624660562808 3.1651551066760875 4
68 0.7675964502468196 3.4910484253280667 3
69 0.9408637009337979 3.5 3
70 0.7544694507486212 3.5 3
71 0.8026716592236921 3.5 3
72 0.7504167326796812 3.5 3
73 0.6164835310172173 3.5 3
74 0.6642575303249724 3.5 3
75 0.7680042101725884 3.5 3
76 0.0 3.4557458853494607 3
77 0.8660071875997573 3.3934086960017305 3
78 0.5757056615590876 3.5 3
79 0.3442044763284566 3.5 3
80 0.31587017712003135 3.5 3
81 0.29322225481658915 3.5 3
82 0.5222103926647698 3.5 3
83 0.28680786191489255 3.5 3
84 0.3907080394055589 3.5 3
85 0.4004514173268026 3.5 3
86 0.19313610713053442 3.5 3
87 0.7955510135252902 3.5 3
88 0.6250714361845994 2.468880809984097 4
89 0.7137797558393252 2.217172381845608 4
90 0.8718595716672194 2.653906361873727 4
91 0.44252932148075363 3.1449239256674772 3
92 0.501357320046232 3.5 3
93 0.5727995258548519 3.5 3
94 0.15502188037650808 3.5 3
95 0.5835123557257051 3.5 3
