12 0.8720578755387887 1.5 3
13 0.5948596010735534 2.5 3
14 0.0 2.927136352448353 3
15 0.0472067460196862 3.2616519817930003 3
16 0.13787885044604603 3.5 3
17 0.33510609832967775 3.5 3
18 0.002944708811383615 3.5 3
19 0.6598420998400016 3.5 3
20 0.38062702628635886 3.5 3
21 0.4772760844899092 3.5 3
22 0.13674622783130364 3.5 3
23 0.5658295029774263 3.5 3
24 0.6109560945057196 3.5 3
25 0.6661483848071477 3.5 3
26 0.4835686549647281 2.7973722164324246 4
27 0.43495386427806343 2.417286822583268 4
28 0.7817214925914552 2.758374749143757 3
29 0.30291655654308475 3.2489016851368433 4
30 0.0 3.5 3
31 0.053620923167503734 3.5 3
32 1.608275974634508e-06 3.5 3
33 0.0 3.5 3
34 0.14866933651473285 3.5 3
35 0.0 3.5 3
36 0.6850227757155936 3.5 3
37 0.23542669447733577 3.5 3
38 0.5215669634787965 3.5 3
39 0.4748745528898564 2.99687841989327 4
40 0.24534449005234032 3.5 3
41 0.37066492204905055 3.5 3
42 0.5968475528057416 3.5 3
43 0.05623279679066012 3.5 3
44 0.09455448158853635 3.5 3
45 0.0017277850998433275 3.5 3
46 0.09570962314981123 3.5 3
47 0.06476199103670782 3.5 3
48 0.004151452195688641 3.5 3
49 0.05683900153229702 3.5 3
50 0.502894663493037 3.4640613724772775 3
51 0.22794975759611089 3.2182978465560375 3
52 0.2856250457987802 3.0296462331112854 4
53 0.0 3.5 3
54 0.04227604902368887 3.5 3
55 0.22784430419443175 3.5 3
56 0.010749785481132788 3.5 3
57 0.009320260090751247 3.5 3
58 0.0 3.5 3
59 0.4164948784771481 3.5 3
60 0.13198052848007874 3.5 3
61 0.010730203074442439 3.5 3
62 0.00013234796835607246 3.2263051116795833 4
63 0.5374130479997272 2.680037349548591 3
64 0.4132415569606745 2.52934936306403 3
65 0.4142918178756808 2.6019810949477034 4
66 0.562978558451985 2.6233525662967514 3
67 0.18098428320962312 2.685068894796459 4
68 0.5662977169187416 2.8424686645183828 3
69 0.6990068874878398 2.9873697740737697 3
70 0.16529553946218567 3.324694534513503 4
71 0.09282601434097297 3.5 3
72 0.02924520622399121 3.5 3
73 0.08233708539938156 3.1889599775281967 3
74 0.0 3.5 3
75 0.0002070110818435372 3.5 3
76 0.4907227022557885 3.5 3
77 0.36274100980878493 3.5 3
78 0.1996586023554855 3.5 3
79 0.2229078523326647 3.5 3
80 0.7059575240559683 3.5 3
81 0.6127660774886824 3.5 3
82 0.5084697835989795 3.5 3
83 0.15467778213802738 3.5 3
84 0.608155552571166 3.5 3
85 0.028321946683627298 3.5 3
86 0.5375699452520426 3.5 3
87 0.3305126127814144 3.5 3
88 0.0 3.5 3
89 0.007713267263863065 3.5 3
90 0.4128367809136342 3.5 3
91 0.028954761753413587 3.5 3
92 0.039783456147836925 3.5 3
93 0.4413359422645492 2.686812263891392 4
94 0.3879853280317217 2.801237238933245 3
95 0.6426206132099795 2.9332254700309712 3
