12 0.6530090403423745 1.5 3
13 0.3463223627158964 2.5 3
14 0.30605405440624717 3.0144314773205423 3
15 0.21033923463191465 3.5 3
16 0.11190763763931501 3.5 3
17 0.5042747278544738 3.5 3
18 4.013256631760084e-05 3.5 3
19 0.0 3.5 3
20 0.2543234474713411 3.5 3
21 0.5558328468962351 2.999500462460652 4
22 0.5286614908550056 1.8738560398531663 4
23 0.7908709630524252 2.323472280349124 4
24 0.5418327839662195 2.7944460524741697 3
25 0.458432845757134 3.3361967054844754 3
26 0.7249475024262664 3.5 3
27 0.802238610023872 3.5 3
28 0.4237330340553312 3.5 3
29 0.5964311404154855 3.5 3
30 0.3472109475236072 3.5 3
31 0.44376940357726424 3.5 3
32 0.12142921019324217 3.5 3
33 0.1031351312441337 3.3349449860463865 3
34 0.0 3.5 3
35 0.05584727433510151 3.5 3
36 0.1419523970093216 3.5 3
37 0.1598242985099193 3.5 3
38 0.6741849565927016 3.5 3
39 0.9559235310420822 3.5 3
40 0.9364214394758252 3.5 3
41 0.7041767867590946 3.5 3
42 0.8214940713107892 3.5 3
43 0.8887177512034383 3.5 3
44 0.8730626506433548 3.3385530383934165 3
45 0.9806295991828021 3.5 3
46 0.8336408091154653 3.5 3
47 0.5836015375012783 3.5 3
48 0.6949693240023795 3.5 3
49 0.0028433150009455265 3.5 3
50 0.08191687082018803 3.5 3
51 0.151115638776929 3.5 3
52 0.0 3.5 3
53 0.656893526650926 3.5 3
54 0.3587665708463597 3.5 3
55 0.9121787267282089 3.2289205436367046 3
56 0.568361173684366 3.4114624698668194 3
57 0.04763260188356203 3.5 3
58 0.41250032390078717 3.5 3
59 0.4006734851554458 3.5 3
60 0.30196536685750824 3.5 3
61 0.35496210125831473 3.5 3
62 0.4286332355988105 3.5 3
63 0.7279256554619058 3.5 3
64 0.5486816665506565 1.8859553539660265 3
65 0.3596251835211962 2.487620491898422 4
66 0.7747036608989675 3.0580563266982206 3
67 0.8610211776487888 3.5 3
68 0.6643304681726382 3.5 3
69 0.6520260313791996 3.5 3
70 0.699861140236356 3.5 3
71 0.668134387730577 3.5 3
72 0.3698572702163666 3.5 3
73 0.7293175339561121 3.5 3
74 0.828334014198852 3.5 3
75 0.7750769782385554 3.5 3
76 0.25884787324878433 2.918483040956344 3
77 0.024822927892741938 2.5156363211436257 4
78 0.13164383886724268 2.832614943647699 3
79 0.009156549713665882 3.3098131672371673 3
80 0.0 3.5 3
81 0.07593983492443916 3.5 3
82 0.26413353803894873 3.5 3
83 0.36032862384939784 3.5 3
84 0.9102113427371044 3.5 3
85 0.827120716820715 3.5 3
86 0.7780227841254075 3.5 3
87 0.8325611898164043 3.5 3
88 0.8203324201149514 3.462903252075339 3
89 0.36593088590288547 2.908166773981706 3
90 0.5200038761083843 3.37230411635038 3
91 0.04265203628845094 3.5 3
92 0.0 3.5 3
93 0.0043159080413545225 3.5 3
94 0.0030114820107323653 3.5 3
95 0.5636510275480077 3.5 3
