3 0.7791413698097339 1.5 3
4 0.8149640886881467 2.5 3
5 0.7063315520190971 2.8683446696264308 3
6 0.6865298476159083 3.2905490135648474 3
7 0.7056369588306443 3.7288426734892295 3
8 0.4682547221548848 4.071508669756596 4
9 0.5997450783071244 4.339916950853051 4
10 0.3618574065605015 4.632498127940025 4
11 0.23576225616962376 4.946578205451078 4
12 0.45973439900387486 5.259800449174728 4
13 0.32815679891349986 5.5 4
14 0.40496352306063493 5.5 4
15 0.4774186940216877 5.5 4
16 0.36778024103562473 5.199979833748805 4
17 0.41259717941556623 5.5 4
18 0.4356239026550475 5.5 4
19 0.39248793030364015 5.5 4
20 0.436345275660203 5.5 4
21 0.473953322480767 5.5 4
22 0.4610717073165482 5.5 4
23 0.5117073626371467 5.5 4
24 0.5069092873116546 5.5 4
25 0.47414346055743983 5.5 4
26 0.50261781762517 5.5 4
27 0.5303866049847118 5.5 4
28 0.4823657786699452 5.5 4
29 0.48086733587113867 5.5 4
30 0.5064947791497652 5.5 4
31 0.5397877368855251 5.5 4
32 0.49283963762817207 5.5 4
33 0.5002690239636164 5.5 4
34 0.24902599015758026 5.5 4
35 0.1528349726171896 5.5 4
36 0.28270011250789656 4.773159436247916 4
37 0.4644223527513499 4.87054686389703 4
38 0.23932633055714422 5.14144688326001 4
39 0.21943946198636302 5.195605353035302 4
40 0.2491023819526944 5.5 4
41 0.21644735126127965 5.5 4
42 0.20058252617723915 5.5 4
43 0.18760995855740975 5.5 4
44 0.20571394939275128 5.5 4
45 0.23220770313933897 5.5 4
46 0.20248523453804443 5.3111424231695565 4
47 0.1750628000513995 5.057383071213459 4
48 0.31425762021540044 5.308390202951982 4
49 0.36748078467362255 5.5 4
50 0.42859287563868886 5.5 4
51 0.38448583293181615 5.5 4
52 0.43506223187555315 5.5 4
53 0.5110563182090736 5.5 4
54 0.46982245843370074 5.5 4
55 0.42279147872632367 5.5 4
56 0.48183097045862006 5.5 4
57 0.3694876128264275 5.5 4
58 0.2874869364569974 5.404107960182526 4
59 0.2876841724167562 5.5 4
60 0.27307126106745816 5.5 4
61 0.20573751203980012 5.5 4
62 0.16912047044124692 5.5 4
63 0.1034425272589169 5.5 4
64 0.12373685336515322 5.5 4
65 0.1375067663368843 5.5 4
66 0.13976744505000385 5.5 4
67 0.1831645194081704 5.5 4
68 0.12598394833845059 5.5 4
69 0.20811282105731482 5.182392056515455 4
70 0.4351302007569592 5.436069766718443 4
71 0.29316776939658573 5.5 4
72 0.36952574731701515 5.5 4
73 0.3321337885057324 5.5 4
74 0.327004919152524 5.5 4
75 0.27368104229011786 5.5 4
76 0.409211581059338 5.5 4
77 0.35033693871188876 5.5 4
78 0.23561942587938123 5.5 4
79 0.28470422129782075 5.5 4
80 0.3592003819473499 5.1415006644770616 4
81 0.4882054365348232 4.304419004543321 4
82 0.5499813679526167 4.3206028761087945 4
83 0.49764655020012377 4.826020696752559 4
84 0.4467179482096922 5.3655162617104795 4
85 0.41291363512112317 5.5 4
86 0.46902955225244025 5.5 4
87 0.48941116871102375 5.5 4
88 0.5437063319098113 5.5 4
89 0.5706782066148699 5.5 4
90 0.6655731744298309 5.5 4
91 0.6839329246424761 5.5 4
92 0.6812321314807535 5.5 4
93 0.6010225745218056 5.050763140918236 4
94 0.47012168766635437 4.757158786024374 3
95 0.017323217322244334 4.667454919911907 3
