8 0.29312452159935243 1.5 3
9 0.005866200519246385 2.5 3
10 0.008718714385737023 2.963658635788669 3
11 0.7798204095584395 3.4774963797759173 3
12 0.4890094947500868 3.9525202751741237 3
13 0.27911399182201463 4.411311760863692 3
14 0.446280376369689 4.5 4
15 0.41983959125501824 4.5 4
16 0.4076898033885953 4.5 4
17 0.4876001419896849 4.5 4
18 0.4356590453720826 4.5 4
19 0.44240956133711334 4.5 4
20 0.5753156607647085 4.5 4
21 0.49086544892401046 4.438980850256495 4
22 0.4724212286466593 4.3843004043578 4
23 0.544357370555501 4.397367034626608 4
24 0.550843302969112 4.3690619145122405 4
25 0.5103967706089573 4.466395759026549 4
26 0.5452748864179138 4.5 4
27 0.46043848511575713 4.5 4
28 0.42301448139694103 4.5 4
29 0.37775553220239894 4.5 4
30 0.5615591844845352 4.5 4
31 0.25881739961069367 4.5 4
32 0.18532347303866542 4.5 4
33 0.18795312054754645 4.5 4
34 0.270159863795063 4.5 4
35 0.3472448309056861 4.5 4
36 0.38765219815214275 4.5 4
37 0.3992577329599839 4.5 4
38 0.5579523281424226 4.5 4
39 0.6172661667067538 4.5 4
40 0.49935204385149257 4.5 4
41 0.2900374325168946 4.5 4
42 0.26829597775802894 4.5 4
43 0.441128332295815 4.270393657675777 4
44 0.4618878297090232 4.151411373380768 4
45 0.4339152710855502 4.5 4
46 0.41315840547502153 4.5 4
47 0.41546139403827076 4.5 4
48 0.30344847120616675 4.5 4
49 0.4176697158663069 4.5 4
50 0.48710490406614076 4.5 4
51 0.47452839229513805 4.5 4
52 0.38234318714016946 3.9580831455880543 4
53 0.2640226957368069 3.8982125328201875 4
54 0.2946190191864548 3.76615735708124 4
55 0.34226459118669095 3.317459886017881 4
56 0.40082987459451574 3.2975504275465064 4
57 0.3889507955535317 3.3286146847419515 4
58 0.41931856643153237 2.916489882259877 4
59 0.3534722135120607 3.3895411292936553 4
60 0.3882138877780909 4.039152434153163 4
61 0.2975850898541685 4.5 4
62 0.22279645142242704 4.5 4
63 0.20172182557380977 4.5 4
64 0.2813511366181867 4.5 4
65 0.3641183234221897 4.5 4
66 0.41778083089762214 4.5 4
67 0.16263806990913768 4.5 4
68 0.11763677308703449 4.5 4
69 0.12285283231940466 4.5 4
70 0.13172572561432516 4.24341280620548 4
71 0.07801383052413663 4.051313372032455 4
72 0.12977641977154278 4.3597060038863855 4
73 0.18396224792282304 4.377436759282645 4
74 0.21337881649148513 4.5 4
75 0.2821975453005319 4.5 4
76 0.2515281216574091 4.5 4
77 0.2591788381883403 4.5 4
78 0.27090002867788887 4.5 4
79 0.3802733569344033 4.5 4
80 0.49393467447175304 4.356817398869112 4
81 0.5656812768997717 3.954875022712746 4
82 0.45122652555807985 4.5 4
83 0.36759039869912835 4.5 4
84 0.4257537782950639 4.5 4
85 0.41797118946141365 4.5 4
86 0.4352141222734024 4.5 4
87 0.4994676751954331 4.5 4
88 0.56369546709344 4.5 4
89 0.5673241112236304 4.5 4
90 0.4889579104217594 4.5 4
91 0.46274039214134105 4.5 4
92 0.6304655688255763 4.5 4
93 0.5719420308172546 4.392031714891753 4
94 0.9871733453980447 4.5 3
95 0.891064705775231 4.5 3
