8 0.5677737012766573 1.5 3
9 0.6710813917086085 2.5 3
10 0.7502260550160861 2.979248178345988 3
11 0.2712595151413407 3.4803745635308023 3
12 0.0033389811915022017 3.979312360340227 3
13 0.0 4.465539890428266 3
14 0.4554924133396632 4.5 4
15 0.5075058836311911 4.5 4
16 0.4709996877179973 4.5 4
17 0.5264303120692907 4.5 4
18 0.4840173664363779 4.5 4
19 0.43953083056585174 4.5 4
20 0.48831391155650905 4.191277481404377 4
21 0.542176299225314 4.5 4
22 0.3349245490436699 4.5 4
23 0.2569194167100691 4.5 4
24 0.24493620565765628 4.5 4
25 0.26066071540792474 4.5 4
26 0.22384215882965317 4.5 4
27 0.21648144224930724 4.5 4
28 0.43372764093948163 4.5 4
29 0.5099915680824185 4.5 4
30 0.3286896950022537 4.5 4
31 0.6766680291264641 4.5 4
32 0.44596577835207846 4.5 4
33 0.44212000689209346 4.5 4
34 0.45352990854394 4.5 4
35 0.43819555887332823 4.5 4
36 0.4784605335492273 4.5 4
37 0.34646903020360703 4.5 4
38 0.16588759305702136 4.5 4
39 0.4813026762283525 4.5 4
40 0.5204731325976926 3.6785828205058935 4
41 0.3779152527185251 3.7683144966236433 4
42 0.20412299402608167 4.020576605530609 4
43 0.11397265268441174 4.1137980218688535 4
44 0.16329795246554718 4.5 4
45 0.23748565752588827 4.5 4
46 0.30727100708682475 4.5 4
47 0.3019303825663631 4.5 4
48 0.33619543296633125 4.5 4
49 0.36591171218934854 4.5 4
50 0.3866579833851848 4.188757155708249 4
51 0.29536707975286036 3.9311618930657057 4
52 0.16895087925692523 4.173668372202621 4
53 0.13614508186343058 4.5 4
54 0.14317624025037318 4.5 4
55 0.2235511292439379 4.5 4
56 0.34695233095118383 4.5 4
57 0.2565691169128005 4.5 4
58 0.1123367919101362 4.5 4
59 0.18180612799378476 4.5 4
60 0.20564822272411562 4.5 4
61 0.17500118881925075 4.5 4
62 0.27622527549220904 4.5 4
63 0.44543913636850263 4.5 4
64 0.3695934071084926 4.5 4
65 0.4830929290664542 4.5 4
66 0.3032751544584404 4.5 4
67 0.12803161552209844 4.5 4
68 0.15586986401551123 3.3291903265095897 4
69 0.15794610331869852 3.048627789470498 4
70 0.09796699188798014 3.5088192559078015 4
71 0.08684141345684339 4.0214541297003015 4
72 0.17075353766405182 4.5 4
73 0.2704973510821797 4.5 4
74 0.3475794464118121 4.5 4
75 0.2491468954790739 4.5 4
76 0.22828015217073408 4.5 4
77 0.2609366538267298 4.5 4
78 0.2930173522914287 4.5 4
79 0.38328741541752975 4.5 4
80 0.584456275648942 4.458648628001988 4
81 0.5207862103037167 4.5 4
82 0.40231473544781005 4.5 4
83 0.3171239438020677 4.5 4
84 0.2757937391307525 4.5 4
85 0.26666796801096815 4.5 4
86 0.39543051040032406 4.5 4
87 0.36911742232449635 4.5 4
88 0.1810540992770751 4.5 4
89 0.21626744900859018 4.5 4
90 0.2949662426053607 4.122731791037586 4
91 0.6137333693037168 4.210397706974967 4
92 0.707598912400751 4.4917197775023086 4
93 0.5665426284100048 4.5 4
94 0.030923625735530022 4.5 3
95 0.4397494809922553 4.5 3
