8 0.3590085640941387 1.5 3
9 0.13019447030975267 2.5 3
10 0.16638177974677446 2.8719205609498557 3
11 0.07765803176430153 3.252003880447106 3
12 0.0472148535927746 3.686114381452213 3
13 0.2615070444747286 4.1489811044741405 4
14 0.420192739191787 4.476373378794287 4
15 0.46273575680634627 4.5 4
16 0.40990431594665805 4.5 4
17 0.4454393074994827 4.5 4
18 0.24554589160376078 4.5 4
19 0.40052628687669567 4.475091937123361 4
20 0.18115426975098348 4.163935430752041 4
21 0.3338167809000188 4.019958777644373 4
22 0.22845326297841523 4.326651089193724 4
23 0.2958503472347874 4.28798391752585 4
24 0.31203243933928904 4.5 4
25 0.3424944735877569 4.5 4
26 0.2680942848544406 4.5 4
27 0.23794123312723828 4.5 4
28 0.28839247125064565 4.5 4
29 0.29363428672541725 4.5 4
30 0.19349670681711056 4.062808016961888 4
31 0.19950283764309218 3.95952299910878 4
32 0.22233834596944502 4.5 4
33 0.20974832198637824 4.5 4
34 0.18999851212560276 4.5 4
35 0.1591284501488843 4.5 4
36 0.2600412675220917 4.5 4
37 0.3421177212608954 4.5 4
38 0.20061535468316577 4.5 4
39 0.07604094461462248 4.5 4
40 0.07237423884993636 4.5 4
41 0.18629569648485356 4.5 4
42 0.23650619779641047 4.5 4
43 0.24377976819921265 4.4608331949422935 4
44 0.14521102722459983 4.5 4
45 0.2267396950362603 4.5 4
46 0.2982606627654433 4.5 4
47 0.22214117451907223 4.5 4
48 0.19730690759451336 4.5 4
49 0.25398075302599443 4.5 4
50 0.2435072571135029 4.5 4
51 0.22871189562129426 4.5 4
52 0.15272190311552955 4.5 4
53 0.3812402938407318 4.5 4
54 0.4535527843037068 4.5 4
55 0.40776337001483387 4.5 4
56 0.40411472454858866 4.5 4
57 0.3666327029832615 4.5 4
58 0.3593184608438459 4.5 4
59 0.3548557537185231 3.6984874176851372 4
60 0.2972381515765032 2.894986426326679 4
61 0.3716393217680531 2.245262866857316 4
62 0.23266714890843854 2.8347936817971493 4
63 0.33145274885974707 3.4257219723443266 4
64 0.2730987721719615 4.061640332152623 4
65 0.09842397456816843 4.5 4
66 0.055260321264591045 4.5 4
67 0.08199330079030459 4.5 4
68 0.2083304174398552 4.5 4
69 0.24487651064526528 4.5 4
70 0.17467580736603083 4.5 4
71 0.2568032556682134 3.8758067371581855 4
72 0.2901902639774948 3.1810633968454494 4
73 0.22520136691232487 2.9031791604683095 4
74 0.11806939917780347 2.753224381275548 4
75 0.15763012776228355 2.6505161502147674 4
76 0.20665614698238008 2.557361550312562 4
77 0.27311469082188544 2.418524494456957 4
78 0.2670027091060963 2.204023698787176 4
79 0.5177209664938405 2.0969875521874055 4
80 0.45606166030218415 2.5122144955330294 4
81 0.5338317687285397 2.8583721763029897 4
82 0.4727737609423285 3.2313179612815146 4
83 0.49062820279305397 3.5775580191966436 4
84 0.5597261958908952 3.9387510470806446 4
85 0.5239205273492996 4.346397563238584 4
86 0.5540512630182115 4.5 4
87 0.5836506380784704 4.5 4
88 0.6543624449573506 4.5 4
89 0.5735961870501437 4.5 4
90 0.5249295179778287 4.5 4
91 0.6306714731313721 4.5 4
92 0.7214580993201372 4.5 4
93 0.5526971605533045 4.154253815597505 4
94 0.2797665671903773 4.154348383648262 3
95 0.011386070519553494 4.5 3
