3 0.5550243857289784 1.5 3
4 0.42989669297121885 2.5 3
5 0.6670616369738132 2.856480378716988 3
6 0.3984907655623188 3.2174304746726015 3
7 0.4629558712859366 3.513006109622988 3
8 0.20187681459237988 3.8911463279939724 4
9 0.5689446887109552 4.279501762378203 4
10 0.22819440559331483 4.6616724237993 4
11 0.18691930371278803 5.036813314016566 4
12 0.1725761959599428 5.429140994374025 4
13 0.2827120206262034 5.5 4
14 0.3875078518287593 5.5 4
15 0.34936557933351015 5.5 4
16 0.33023404976505955 5.4890681819592775 4
17 0.35672445057872004 5.5 4
18 0.3382634748713649 5.5 4
19 0.3173295956368438 5.5 4
20 0.3093755257572607 5.5 4
21 0.46793357806160724 5.5 4
22 0.3906518469356341 5.5 4
23 0.5372594656714544 5.5 4
24 0.4660874953008493 5.5 4
25 0.4695614435972949 5.5 4
26 0.479501348778307 5.5 4
27 0.5118996201715912 5.392271552782393 4
28 0.5264521293500031 5.23956970985753 4
29 0.36086439677856313 5.091674796517294 4
30 0.5720017217715111 4.880940470835336 4
31 0.5231239117523128 4.643996393572092 4
32 0.5167151910166901 4.607621946746276 4
33 0.5662055984109287 4.713231443840228 4
34 0.5041326129143483 4.651691814868009 4
35 0.3520249096246854 4.627746689591313 4
36 0.32609176707567766 4.821403570656974 4
37 0.32940931206222257 5.124896517606325 4
38 0.39366903101230083 5.428504924667592 4
39 0.5359351909769722 5.5 4
40 0.4723060906415192 5.5 4
41 0.456340111295206 5.5 4
42 0.3891249233733474 5.5 4
43 0.27649129879927253 5.5 4
44 0.2014393274300475 5.5 4
45 0.24408212813841665 5.5 4
46 0.27442510884210153 5.5 4
47 0.24397663943076922 5.5 4
48 0.2845105325292616 5.5 4
49 0.37838649430841503 5.5 4
50 0.43322283236210346 5.5 4
51 0.3856330463862032 5.5 4
52 0.27532520295171997 5.5 4
53 0.2965533410791703 5.5 4
54 0.34099321448144937 5.5 4
55 0.36669283811791387 5.5 4
56 0.29546960793287697 5.5 4
57 0.2617530142129361 5.5 4
58 0.5323414471819319 5.5 4
59 0.1376802526303154 5.5 4
60 0.18636929795303814 5.5 4
61 0.21760260951976362 5.5 4
62 0.3144444926112071 5.5 4
63 0.40286601640025044 5.5 4
64 0.4394195004081085 4.27398309132213 4
65 0.4120734295272777 4.016851683601745 4
66 0.39986207786738764 4.479211880202966 4
67 0.48108596996314296 4.975047533208089 4
68 0.18678249464629798 5.5 4
69 0.18867704289770662 5.5 4
70 0.15833959307298842 5.5 4
71 0.089340390367234 5.5 4
72 0.12295850946694041 5.5 4
73 0.20291934536158007 5.5 4
74 0.21561818464508836 5.5 4
75 0.26374456104777094 5.5 4
76 0.31788732042759 5.488349546073412 4
77 0.27860548602506086 5.5 4
78 0.3261782595774191 5.5 4
79 0.40743290673560945 5.5 4
80 0.44562190381384986 5.5 4
81 0.3655290514668317 5.5 4
82 0.3131383555360481 5.5 4
83 0.3508365352563447 5.5 4
84 0.4797483695270362 5.5 4
85 0.505673548299629 5.5 4
86 0.5815164687843994 5.126435525254623 4
87 0.6312254274819495 5.216567130278447 4
88 0.6763486993235145 5.483289349441271 4
89 0.7095940591272739 5.5 4
90 0.7090536489534783 5.5 4
91 0.7268095850646916 5.5 4
92 0.12305734386975378 5.5 4
93 0.3460823979092781 5.5 4
94 0.7484869455270864 5.5 3
95 0.5661051604317076 5.5 3
