3 0.5398620946296341 1.5 3
4 0.006397326985210968 2.5 3
5 0.0 2.8321510743936034 3
6 0.0 3.200379068567611 3
7 0.11668183813133716 3.6384252174879506 3
8 0.1942306302936933 4.041401854512312 4
9 0.1794599399139412 4.32761721415459 4
10 0.12808213522199216 4.678680801219683 4
11 0.14418401289905602 5.0384396755417775 4
12 0.14198441937326264 5.417883200895109 4
13 0.21764903412988368 5.5 4
14 0.4191420526735008 5.5 4
15 0.4387707880235611 5.3810214766685425 4
16 0.39944691390851633 5.098696317246671 4
17 0.4153259202621007 4.997396934919012 4
18 0.4026603886809023 5.3141687057386315 4
19 0.41973647577920636 5.255974534208572 4
20 0.45830882113670385 5.5 4
21 0.4639204812069167 5.5 4
22 0.45802359948081534 5.5 4
23 0.4789103175878418 5.5 4
24 0.4315737237130996 5.5 4
25 0.43329207254901003 5.5 4
26 0.5851192451078313 4.841174514350158 4
27 0.5576641892321871 4.95394239206089 4
28 0.5340529660328436 5.5 4
29 0.5352177037235413 5.5 4
30 0.5594308362310504 5.5 4
31 0.4455727438093483 5.5 4
32 0.2566126431994225 5.5 4
33 0.23055328716038676 5.5 4
34 0.3447391640953127 5.5 4
35 0.45799790071360685 5.5 4
36 0.4387449284985342 5.5 4
37 0.5375229600324772 5.5 4
38 0.43013910624725954 5.5 4
39 0.5206366133980846 5.424028024881315 4
40 0.4819874157964592 5.5 4
41 0.36444324036326575 5.5 4
42 0.4163429242994149 5.5 4
43 0.36078311403807123 5.5 4
44 0.15549339566280893 5.5 4
45 0.12376356086913269 5.5 4
46 0.3385297753223564 5.5 4
47 0.3728258468564133 5.5 4
48 0.23142587666215178 5.5 4
49 0.29635714263819 5.5 4
50 0.2938486928064504 5.5 4
51 0.21127735680950632 5.5 4
52 0.192525421393043 5.5 4
53 0.27956122507760145 5.5 4
54 0.3182623783948673 5.5 4
55 0.2801213941905601 4.695358240029826 4
56 0.29467802180662206 4.590676024334592 4
57 0.2586231678461811 4.5702494607223345 4
58 0.19083612088206567 4.542102862154578 4
59 0.17335748677721496 4.627647674843989 4
60 0.16690246908091522 4.820017694192 4
61 0.22449105942640038 5.044538695461917 4
62 0.4210336205137916 5.319849447664063 4
63 0.4262918069471857 5.5 4
64 0.4707162663345178 5.5 4
65 0.35453478458228627 5.5 4
66 0.17874438031244677 5.5 4
67 0.20838992807840875 5.5 4
68 0.17447316854181788 5.5 4
69 0.20149164196910133 5.5 4
70 0.20719964976252303 5.5 4
71 0.14219570150337327 5.5 4
72 0.1478562196622099 5.5 4
73 0.20796867650628353 5.5 4
74 0.314927928407458 5.5 4
75 0.38478804328671146 5.5 4
76 0.4124184579708231 5.5 4
77 0.30003722152238954 5.445655558876737 4
78 0.3185385518270915 5.3290552542069785 4
79 0.37768907223003195 5.209164856102609 4
80 0.518451384058261 4.906270874648777 4
81 0.584375048943461 4.698572770567814 4
82 0.43528260597354246 4.706416630170439 4
83 0.36961252538353995 4.859734639908682 4
84 0.5963909418460116 4.911738532659001 4
85 0.5128945413204814 4.7851844236928445 4
86 0.4010580809188351 4.987826161991863 4
87 0.6374870777644682 5.293254579571862 4
88 0.6975972602782353 5.5 4
89 0.6630367164652812 5.5 4
90 0.5298558757026596 5.5 4
91 0.6201480764915797 5.5 4
92 0.7221885198180785 5.5 4
93 0.6121001150795469 5.5 4
94 0.2802876513727735 5.5 3
95 0.016260777632620325 5.5 3
