2 0.9038482256847891 0.6918038445299531 0 1
3 0.6708182108006788 0.753720336650303 1 1
4 2.3611334099001544 -0.3113238709536838 2 1
5 2.6682616478092385 -0.33793700587473685 2 1
6 4.136515813435103 -0.3090510122996487 3 2
7 3.044378083277092 -0.19103899019967976 3 2
8 1.6292154851900973 0.17990796575112966 3 2
9 1.7252139477753028 0.11411997501511853 4 2
10 1.7880282614074492 0.1251641007060633 4 2
11 1.789805727141757 0.13665201649396763 4 2
12 1.6716649079015582 0.1482139790573689 4 2
13 1.6303042987705085 0.19653448228335474 4 2
14 1.341689960180985 0.2867319073465536 4 2
15 1.7037092314544617 0.0848563193586143 4 2
16 1.666242736093948 0.15013881841742574 4 2
17 0.3337835516190406 0.7890000923358809 4 2
18 1.2228530934925175 0.2655532332257073 4 2
19 1.4079581873449474 0.19878593921833862 4 2
20 1.5480581166096892 0.16190449703275994 4 2
21 1.4440801137322898 0.24234269941905598 4 2
22 1.14252943079791 0.5549934187515103 4 2
23 1.4852543250435737 0.3176366614862381 4 2
24 1.594400295554662 0.08922695466620147 4 2
25 1.1737136867930449 0.43811346258414124 4 2
26 1.4645347429868298 0.17164140122499527 4 2
27 1.1005444993424254 0.6293017270616197 4 2
28 0.9385662033888194 0.7155527812990408 4 2
29 1.0647687694505237 0.6358855054142315 4 2
30 2.428001936794545 0.29911656924616553 4 2
31 3.4836670031225037 0.12979650479841662 4 2
32 2.8977942004594537 0.02567823563139176 4 2
33 4.088011879316056 -0.271677987437633 4 2
34 3.522806807063759 -0.22442522838500703 4 2
35 3.1442025601853816 -0.10910781382748383 4 2
36 2.831687513819337 -0.023500824954873555 4 2
37 1.9268819254470566 0.1824666541144017 4 2
38 1.7182264486474832 0.2929631639790041 4 2
39 1.3132095827979606 0.5318950239096334 4 2
40 1.5135957112714316 0.43942416729582684 4 2
41 1.4890049216908476 0.4487489978045782 4 2
42 1.5728249971147417 0.37147947699996026 4 2
43 1.4937921068099733 0.402556141130185 4 2
44 1.4538767923530864 0.44239924605028896 4 2
45 1.5784208029822286 0.4389365103961055 4 2
46 1.8911864128906535 0.38203205785481237 4 2
47 1.7688653934162684 0.41889431973478 4 2
48 1.6329454095804277 0.4032260089771996 4 2
49 1.721336211268226 0.3013931201364077 4 2
50 1.2531690213209536 0.4780419621653838 4 2
51 1.2923140287487502 0.4223481870227798 4 2
52 1.4895506846232331 0.26482488556871864 4 2
53 1.0720300977105301 0.5146174391254047 4 2
54 1.0004465814345913 0.5951822032635962 4 2
55 1.466371625114319 0.36204907600093084 4 2
56 1.7761901081471292 0.2529716514225661 4 2
57 2.1508695220379446 0.07470185820802988 4 2
58 1.8494688974871485 0.22587848740885183 4 2
59 1.8024714267419517 0.11257854436335281 4 2
60 1.536437465429513 0.15858154592075197 4 2
61 2.723460363740858 -0.14203135454886615 4 2
62 2.55530991890331 0.038312614885817844 4 2
63 2.7836586624621598 -0.18464853705542097 4 2
64 1.9331648425640457 0.23216429338550876 4 2
65 2.2693261062294674 0.22839866560271357 4 2
66 2.1666980456966716 0.1227644699911179 4 2
67 2.983165166589858 -0.3635878577611165 4 2
68 2.5363706672012007 -0.2183493482579583 4 2
69 2.9453383449345445 -0.38357969617068194 4 2
70 2.787497692916915 -0.42269225433567426 4 2
71 2.8090425295053567 -0.20365104719233185 4 2
72 2.0375885547709123 -0.14242035115339444 4 2
73 1.0832990202281048 0.5952117148034112 4 2
74 1.056179187833573 0.538172563276215 4 2
75 1.8366869148097962 0.04911698644377707 4 2
76 2.467179556060323 -0.33373665903216526 4 2
77 1.2934625082450006 0.22194732099076217 4 2
78 1.7053920739161645 0.18706819406187547 4 2
79 1.1931529245497048 0.5415689584037877 4 2
80 1.186088192689673 0.6326301699769493 4 2
81 1.644842855177079 0.4363630106752883 4 2
82 2.801690034145855 -0.04187120314287159 4 2
83 3.728347962088261 -0.251428354197237 4 2
84 3.855607431332265 -0.28981570164457304 4 2
85 2.5380404452523457 -0.010991331172612591 4 2
86 1.4182706091807518 0.4990376406811032 4 2
87 0.6861366078172138 0.8698594940246724 4 2
88 0.7993682538569793 0.7561881893720742 4 2
89 0.9151905897380974 0.7360323661119965 4 2
90 1.4830702059882865 0.37324147490763854 4 2
91 3.0196441238714007 -0.07119201002063752 4 2
92 1.4797368119348748 0.5312408756338698 4 2
93 1.2336747439476934 0.5695682899570819 4 1
94 1.2378106984482837 0.3482998998007842 4 1
95 2.1558910509314524 -0.2990707808157128 4 1
