13 1.8519962237591736 0.2361581514690646 0 1
14 1.6714662038642656 0.25486766348500417 1 1
15 1.6062871943413013 0.2894501779569896 2 1
16 1.4097450599944557 0.5034140964052972 2 1
17 1.1175782945465738 0.5191971594254386 2 2
18 1.1786654566640546 0.5172660220592998 3 2
19 1.334963859302034 0.44153741906999916 3 2
20 1.48663300754375 0.398338310417916 3 1
21 1.2478388070814947 0.6103759065961615 3 1
22 1.4132798125271249 0.40402808141178387 3 1
23 2.10412681095744 -0.03158541115874819 2 2
24 1.8004947985594324 0.08765576358197763 2 2
25 1.4597738812251029 0.3142599079742536 2 2
26 1.4745931583900935 0.3202324987320507 3 2
27 1.363152477232644 0.49191844579876637 3 1
28 1.145521035708314 0.6804711307690834 3 1
29 1.1058305784435207 0.7201962777640463 3 1
30 1.0540589368588726 0.7510731477534347 3 1
31 1.029866324713419 0.7595635808457688 3 1
32 1.0023506401677507 0.7687961876278466 3 1
33 0.9754081998842707 0.779658213110391 3 1
34 0.9605111487474689 0.7771563537123617 3 1
35 1.003515574563374 0.7229398420420371 3 1
36 1.0645482104575255 0.67007565676824 3 1
37 1.0503319713651793 0.6809544235744613 3 1
38 0.9162440827053944 0.7583858472273476 3 1
39 0.698728049515787 0.9220333533339998 3 1
40 0.7440564214404777 0.887080841118719 3 1
41 0.9049378751116004 0.7974894826007399 3 1
42 0.9798331728316461 0.6755567954071571 3 1
43 1.3570059071730434 0.4442367373143009 3 1
44 1.4255689312195967 0.4191326964743443 3 1
45 1.3088087084833795 0.5524753577610265 3 2
46 1.3190818996397002 0.5405545663048593 3 2
47 1.124590702396528 0.6440888234156638 3 1
48 1.0696860131426895 0.7010663328661105 3 1
49 1.074475356611618 0.701112446441184 3 1
50 1.0522825486286145 0.7121406723914899 3 1
51 1.0587977877991728 0.7078309703540616 3 1
52 1.0230422726186177 0.7254788061328099 3 1
53 0.7673556368129555 0.8642656059422483 3 1
54 0.9264445378737873 0.7093339794914212 3 1
55 1.2243532038885983 0.48633003886334036 3 1
56 1.6556067491688955 0.3324259934945367 3 2
57 1.2668523346473801 0.4843229215968907 3 2
58 1.0991450772952671 0.5219576582438901 3 2
59 1.0762475194752659 0.6499309003286509 3 1
60 1.2194645086242755 0.6150724326956786 3 1
61 1.2397258492848335 0.6042700322668848 3 1
62 0.9424991423348619 0.7849327383463539 3 1
63 0.8404182013156003 0.8823930786437348 3 1
64 0.4704711974143265 0.9161777732256644 3 2
65 0.5321981518590029 0.8993140408195939 2 2
66 0.45294644093718084 0.9166566415040595 2 2
67 0.4909046512363977 0.8856507767808788 2 2
68 0.4475559910834548 0.9229097352160212 2 2
69 0.5544318073453729 0.8884299254051296 3 2
70 0.8893928773731723 0.806084709499458 3 1
71 0.9307663198297007 0.7765574768257755 3 1
72 1.0006608979382294 0.7376413999035875 3 1
73 0.9150333945329052 0.7791664914003753 3 1
74 0.7878085994291073 0.8023704874808384 3 1
75 1.3262537195403317 0.48041989314298367 3 1
76 2.9953697774714003 0.21905523136349148 3 2
77 2.357762853337392 0.24820946871806804 2 2
78 1.161714409508364 0.5797583634807348 2 2
79 0.7448095887438697 0.8361765275070726 2 2
80 0.6671730066158945 0.8606646233748946 2 2
81 0.6289464536135343 0.8704642604948025 2 2
82 0.5825142380800932 0.8815727039028153 2 2
83 0.6990255334844253 0.89384622821437 1 1
84 0.6765237240206163 0.8957992666148747 1 1
85 0.6376797814443522 0.9044646225342907 1 1
86 0.4888291252058137 0.8948339399607033 2 2
87 0.522005700534173 0.8790255857342347 2 2
88 0.5233042196463353 0.883297080178253 3 2
89 0.5556246634200042 0.8576267937582304 3 2
90 0.47186935860254664 0.8989128208239175 3 2
91 0.8332687549902689 0.8680139302364202 3 1
92 0.8051094168814705 0.8823395870538008 3 1
93 0.7864689013040334 0.8828647047675637 3 1
94 0.7694792712872065 0.890949158032468 3 1
95 0.7611040466678816 0.8945920889849016 3 1
