2 1.0560159374289952 0.48713585224858647 0 1
3 1.6136400158928383 0.09564758636438321 1 1
4 0.6729155851538655 0.6910500656134485 1 1
5 1.6731514348603254 -0.008712074452248256 2 2
6 1.7895638920053223 0.06939550561412205 2 2
7 2.4202029387954003 -0.03124633473406516 3 2
8 1.6346704961531175 0.3855617019655222 3 2
9 1.2012943429471248 0.47666127923649565 4 2
10 2.037553866691284 -0.01149877536398048 4 2
11 1.8605777570276478 0.008376447303178615 4 2
12 1.2231008093992326 0.407819275140929 4 2
13 2.2151017187138393 -0.05545918708621773 4 2
14 2.259325727042836 -0.06643987354123902 4 2
15 1.8743067105653308 0.09724769163699858 4 2
16 1.5143901751331246 0.19564309148586687 4 2
17 1.5506370105142446 0.2006887963095761 4 2
18 2.0175951441796496 0.10166833799143532 4 2
19 1.7830713115468724 0.283997385538704 4 2
20 1.464680939715839 0.40996440296576714 4 2
21 1.686210242174246 0.24919380305731886 4 2
22 1.5976831500298214 0.31837047524552853 4 2
23 1.222882159919604 0.5491057862878872 4 2
24 0.940551256269039 0.6668146510631677 4 2
25 1.081173264685222 0.5814164969323519 4 2
26 1.3928714060585978 0.37782398716674204 4 2
27 1.2790896831963083 0.48299705637290574 4 2
28 1.3286967253958846 0.333143819956733 4 2
29 2.064987503847253 -0.02152761424710463 4 2
30 1.7912957112665984 0.04177360438951865 4 2
31 1.9673889924451533 0.22945842841194256 4 2
32 1.6724879584087518 0.4174386562656504 4 2
33 1.8539081831860909 0.3687948474528143 4 2
34 1.8478745429328596 0.3215866320543091 4 2
35 1.7890044405919587 0.3204989159627474 4 2
36 2.0123861327171815 0.14100213670555023 4 2
37 1.8083354034594796 0.2513725562544465 4 2
38 0.9194467844626759 0.7445724817916723 4 2
39 0.9076245329852064 0.7137425306496799 4 2
40 1.0531275061337046 0.6334790938232665 4 2
41 0.9263238319773679 0.6877762941050515 4 2
42 1.0729989411740304 0.6542260303656167 4 2
43 1.3059350844558058 0.5487168042697169 4 2
44 0.7880221729360821 0.7951776581182747 4 2
45 0.8429376143544767 0.7174324030733142 4 2
46 0.9408395351691832 0.6157157168611415 4 2
47 1.5512137020505499 0.18818392712383195 4 2
48 1.2993675517759504 0.233037823989022 4 2
49 0.7868764970447231 0.31833785900813855 4 2
50 1.7831575396242627 0.06800883592128472 4 2
51 2.107792358506307 -0.050941750939659726 4 2
52 2.133921048210774 -0.026618792424907955 4 2
53 2.342068198794877 -0.028188733036853996 4 2
54 1.830558959924664 0.10834019977649331 4 2
55 1.587877013260501 0.23622592020862965 4 2
56 1.4838542220713444 0.31441848086165874 4 2
57 1.286634191306784 0.5128225302504387 4 2
58 1.0847906926196593 0.6301777300397391 3 2
59 1.363678060572397 0.5549051725883304 2 2
60 1.0640168874405909 0.6642726453301484 2 2
61 0.6266438911860748 0.8649364330640682 2 2
62 0.6736553432643229 0.9122991312066726 1 1
63 0.7969078330733863 0.8209757533100268 1 1
64 1.5051473071216046 0.4911502063433885 2 2
65 2.4210791031491716 0.22556956866578448 2 2
66 1.4196447504076959 0.5101515493121305 2 2
67 0.5989638920948286 0.8364807879594887 2 2
68 2.364413826039729 0.269908117769287 3 2
69 3.009835138830651 -0.1023120563375759 3 2
70 3.263172736739681 -0.2447258369636565 4 2
71 3.353466208832735 -0.3230596690010689 4 2
72 3.250647374304057 -0.12304931348755856 4 2
73 3.2938819048152945 -0.07750372326723096 4 2
74 2.3462454136587745 0.2931297737866398 4 2
75 1.9577291334674793 0.18250197486164865 4 2
76 1.8827410412399255 0.21814536436492496 4 2
77 1.8070250401819399 0.18673441735492236 4 2
78 1.3783503050399286 0.46677647177944925 4 2
79 1.254006711175899 0.4302090686412498 4 2
80 1.653047047343141 0.27643219152875287 4 2
81 1.584544619022294 0.3436744085664244 4 2
82 1.5290826399088866 0.3838261587821138 4 2
83 1.573039034870022 0.3746926397649463 4 2
84 1.8434968573240118 0.26407637458213135 4 2
85 1.8405697516606647 0.23412247142490114 4 2
86 1.4548682951224414 0.4136095428823664 4 2
87 1.2918366300236785 0.47598285944238844 4 2
88 1.1752357895002596 0.5570405665462286 4 2
89 0.9027965151819428 0.7001361783976885 4 2
90 0.5839262404931285 0.843728393275858 4 2
91 0.41628961812956256 0.9423673758383544 4 2
92 0.6440643980577061 0.8195650022680875 4 2
93 0.9485056157858409 0.8539039684476761 4 1
94 1.2114919311038985 0.377076226249226 4 1
95 1.102720804997845 0.3961205188606896 4 1
