13 1.387809020536352 0.4553384705926213 0 1
14 1.5238900721758935 0.24588050389503058 1 1
15 1.6385983601838854 0.1992234054668527 2 1
16 1.3337060215002365 0.5217537120855297 2 1
17 0.7372068139531729 0.8012107788552054 2 2
18 0.6778961009021236 0.8291711489866782 3 2
19 0.5447137524815666 0.8992016946904896 3 2
20 0.8131694337928002 0.7467256775821451 3 2
21 1.7587774146570538 0.10101576074876066 3 1
22 2.0301295678742957 -0.03498533950340152 3 1
23 1.7756710170190608 0.1471563350691397 3 2
24 0.8746863457447311 0.6361016928438596 3 2
25 1.3987356218319729 0.45230183797017515 3 1
26 1.2707849031789342 0.5642213639810442 3 1
27 1.293598032331344 0.5521521315834412 3 1
28 1.2403122566502356 0.5950481499129614 3 1
29 0.7113211176695575 0.8198228744875639 3 2
30 0.38666183360105855 0.9256107435712069 3 2
31 1.2765394169207518 0.4440599257761599 3 1
32 4.738516161423763 -0.02001501304153803 3 2
33 4.3097472672187465 0.0328712568318045 3 2
34 2.709486463470319 0.15571515718448628 3 2
35 1.7120825071196295 0.2539023362891956 3 1
36 1.3555582833469106 0.42686454294093373 3 2
37 1.0021342526050674 0.6881124232962692 3 2
38 0.8436288254420861 0.779563055760111 3 2
39 0.840046449982359 0.8080420628841597 3 2
40 0.742492676820838 0.8329043129517213 3 2
41 0.7163681463091853 0.8650570449768228 3 2
42 1.1829465063653313 0.6562411509588617 3 2
43 1.3703082122100314 0.6076956046619593 3 2
44 0.9613368243243636 0.738475237449713 3 2
45 1.0098241439904108 0.6840607755001135 3 2
46 0.8521905380785473 0.7786593569495298 3 2
47 0.8323618329593314 0.7886512351196461 3 2
48 0.42001994719344804 0.9092804098220334 3 2
49 1.1873303238438169 0.7255568214035483 3 1
50 0.5477295854401625 0.8993201297683469 3 2
51 0.6529464657334731 0.8703865396573518 3 2
52 0.460413354302176 0.9342623914675399 3 2
53 1.104310453462392 0.7370921343553096 3 1
54 0.7900769997245689 0.8152299898047104 3 2
55 1.680136354633981 0.4894064830039553 3 2
56 0.9800101151924334 0.5188112118229965 3 2
57 1.7966686726768346 0.03641614145254247 3 1
58 1.932737133543963 0.06244287013780444 3 1
59 1.9467183137104342 0.02768175802884328 3 2
60 2.0832849302211223 -0.018329963337529346 3 2
61 1.9194489751080734 -0.007219568234384654 3 1
62 1.5312185986810363 0.23554522470097425 3 2
63 1.6058012228489202 0.3295179098919997 3 2
64 1.3593626741054923 0.5001904927729677 3 2
65 1.743947584662794 0.2817873085294998 3 2
66 1.7475210380343604 0.2457854118560774 3 2
67 1.3413643379182538 0.578094450323067 3 2
68 1.5702227312455657 0.3190322011418546 3 1
69 1.7230038849258342 0.15865867334962822 3 1
70 1.7831098424410277 0.11130026601902501 3 1
71 1.3827033924210577 0.5190267163168302 3 2
72 2.1720988863410122 0.3237360968410222 3 2
73 1.59171285240848 0.32851620837398027 2 2
74 1.3689876526932956 0.43495355962564247 2 2
75 1.4165843449693032 0.4448127544334911 2 2
76 1.5640475435811263 0.312382352520964 3 2
77 1.7665785783221093 -0.026804219635508896 3 1
78 1.8459521106298915 -0.05102018081697485 3 2
79 3.2114664629960785 -0.1569212941759654 3 2
80 2.1257327929397016 -0.18950007605195213 3 1
81 1.9351656294873054 -0.08241309229260951 3 1
82 2.309017921052739 -0.09427246333445961 3 2
83 2.1913471196969594 -0.05816083530347385 3 2
84 1.6501299387317623 0.270896932614435 3 1
85 0.8072537587720774 0.5834073697442972 3 1
86 1.4952777607777685 0.33555635000480216 3 1
87 1.2414013886725863 0.4457707726999312 3 2
88 1.5605704591190745 0.212852488072793 3 2
89 1.7329342143230582 0.20678431545130263 3 1
90 0.9052198917157694 0.7408214646897141 3 2
91 0.5975418345102534 0.9014827877161873 3 2
92 0.6911834817836695 0.853931093612686 3 2
93 0.9140506618140538 0.8531121816195268 3 1
94 0.9224795007743651 0.8070797888310681 3 1
95 1.0841786579059844 0.6842495758709054 3 1
