13 0.8086439299354256 0.7324507185847084 0 1
14 1.2244898009136609 0.5545564411705592 1 1
15 1.205715735774059 0.5719943555605238 2 1
16 1.2511105741921424 0.5305078179114983 2 1
17 1.4571112358837617 0.4403004474560953 3 2
18 1.4614720311180394 0.37666816799843517 3 2
19 1.8276243097552731 0.060243130137847836 3 1
20 1.5049106219689303 0.38596093897343725 3 2
21 1.907651968594542 0.017292811790975745 3 1
22 1.8004817401954876 0.11374228929488508 3 1
23 1.7086606983789192 0.19063771396769436 3 1
24 1.7049534436904779 0.20765796648313767 3 1
25 1.4936735764941034 0.2867504670664574 3 1
26 0.8494684792383778 0.7339037641924822 3 2
27 1.1519929944237033 0.6132532547369938 3 2
28 0.8495558248581947 0.6616676599404089 3 2
29 1.4506817048662919 0.27652443486626493 3 2
30 2.1812829024313816 -0.003578718753765989 3 2
31 1.696560811308892 0.15112270729939692 3 1
32 1.6266779614763127 0.2907362708375621 3 1
33 1.4421494980931904 0.2805074162107768 3 2
34 1.218363923412202 0.4554693552409615 3 2
35 1.3415184271426028 0.29328678071653985 3 2
36 1.0451632341802473 0.6240411427935887 3 2
37 0.8855697568926599 0.6813065819872145 3 2
38 0.8191475843944875 0.6876432199870466 3 2
39 1.1835243456942877 0.5919256348571977 3 1
40 0.944283667145358 0.8550977245594417 3 1
41 1.189106743399198 0.7332202910003687 3 1
42 1.1307085310493994 0.7435043146392539 3 1
43 1.485212750183142 0.5425311116532554 3 2
44 1.7613089843508165 0.1735236000893056 3 1
45 2.187517366854644 -0.1200955703365673 3 1
46 2.3059323570087793 -0.10175124596095812 3 1
47 2.283716904707732 -0.052756781268737715 3 2
48 2.5672465645058553 -0.08208213783447864 3 2
49 1.859684539202644 0.1244631709376236 3 1
50 1.7155455287255563 0.18777664430618649 3 1
51 1.0549740376485621 0.42446137612847545 3 2
52 1.4077170194695316 0.22222952921777336 3 2
53 1.4516594892141814 0.3704118545284747 3 1
54 1.5570215315676394 0.31158549622279225 3 1
55 1.458514509904841 0.3379128353474442 3 1
56 1.639128226825239 0.14679314688216763 3 2
57 1.8423548382337183 -0.05602317330435901 3 1
58 1.995387198115404 -0.2707760970443591 3 1
59 2.223538096150336 -0.11806534506090188 3 2
60 1.9206179186233685 -0.004590325914951316 3 2
61 1.7990981654734117 0.03198937101474348 3 1
62 1.8526282002473806 0.007101268501695545 3 1
63 1.826788886171637 0.03657419914865245 3 1
64 2.7782189105016304 0.023179161591439262 3 2
65 2.4808570041945313 0.003160257722070529 3 2
66 3.6432181728492523 -0.2836505207955677 3 2
67 3.2129743405033633 -0.3577539297935908 3 2
68 2.110295057265243 -0.4403655610921395 3 1
69 2.1278240455103115 -0.42607652898910564 3 1
70 2.957145402269865 -0.36110856767174027 3 2
71 1.3980333103847151 0.05894543053094086 3 2
72 0.885384561374897 0.5764291536849308 3 2
73 1.3157168446791419 0.4761046170662522 3 1
74 1.447267157597791 0.37640280450182056 3 1
75 1.5886707859075857 0.20042089785847836 3 1
76 1.8270936175438877 -0.018890714228962567 3 1
77 1.7247891517719411 0.1745755411814102 3 1
78 1.0087651499792418 0.6861084694298528 3 2
79 1.1822282411262597 0.5311061892524696 3 2
80 1.2990982152878843 0.6421985848959596 3 1
81 1.070525369517787 0.6652960495563295 3 2
82 0.8099535336776533 0.765348210764558 3 2
83 1.8244429633489077 0.3592832095303876 3 2
84 1.7502800519975752 0.0362914695770261 3 1
85 1.906015310064662 -0.056007799218743444 3 1
86 1.7836992113201102 0.03484009092842788 3 1
87 1.9301544139544173 0.3632482710259703 3 2
88 1.1853593662689361 0.5182359097947309 3 2
89 1.4757928908679911 0.37219336717712803 3 1
90 1.5304081777408767 0.4013792173907704 3 1
91 1.0083359865414385 0.6988929719912388 3 2
92 0.7743749227761176 0.7535149397872395 2 2
93 0.8046041308093672 0.821712619129711 2 1
94 0.7488058687082528 0.8811083253267821 2 1
95 0.8158731380834183 0.816252352239633 2 1
