13 0.7105303055230676 0.7353419799702166 0 1
14 1.0200008173888389 0.581462371283779 1 1
15 1.472573183553262 0.34776042664751944 2 1
16 1.3287602062835013 0.4119991803669941 2 2
17 0.8486298187636798 0.6636602416622578 3 2
18 0.8777794814916771 0.6177785172352611 3 2
19 1.619926999809005 0.20428879710827608 3 2
20 1.8033308916555626 0.1373928535266454 3 2
21 1.7057998093040165 0.17710211319561467 3 1
22 1.0478195462152033 0.6376542184898873 3 2
23 0.9906678265185827 0.6900450262420732 3 2
24 0.8898418797724972 0.6865942899413733 3 2
25 1.3309012635920405 0.5133258192112659 3 1
26 1.4598120745397276 0.3961440057058938 3 1
27 1.007611073628392 0.6567574178261895 3 2
28 0.8060020101129934 0.675779409512157 3 2
29 1.1255322130797767 0.5343593161397018 3 2
30 0.43642668439725263 0.8794345213976862 3 2
31 1.073644376808704 0.6309334040977372 3 2
32 1.074687275963389 0.54639144268318 3 2
33 1.6856460790555472 0.18782450233524636 3 2
34 2.3293564882334445 0.029815629137307714 3 2
35 1.9506948813235354 0.06606811928000236 3 1
36 2.018506815120303 0.02160254956053244 3 1
37 1.6837290798804192 0.2711643503446427 3 2
38 1.2293759538235935 0.5209641847742512 3 2
39 1.1289531059118314 0.6893084012077672 3 1
40 1.0255313054853064 0.6608469091217305 3 2
41 0.9385761531456467 0.7276092397066029 3 2
42 0.9165529946068931 0.765141858666761 3 2
43 0.893179766368438 0.7779587190205193 3 2
44 1.0758090457170493 0.7066879331709568 3 1
45 0.8980563561329689 0.7841918459138996 3 2
46 0.8514752960836631 0.792706919534121 3 2
47 0.5777484481359876 0.8880274229458486 3 2
48 1.054131819053671 0.6518421229191101 3 2
49 2.5932414557210324 0.12822584949898766 3 2
50 2.195640299973081 0.22495433449142674 3 2
51 1.7866082622588442 0.311581445972116 3 2
52 1.105211161676193 0.582965627419796 3 2
53 0.6487373795983249 0.9296016924890772 3 1
54 1.1621933377205735 0.48735999330764523 3 2
55 0.9212911467109368 0.6475921922891422 3 2
56 0.8804855933851643 0.6980631817409759 3 2
57 0.725859564234268 0.8042422011125192 3 2
58 0.9787851215806072 0.645727347485773 3 2
59 1.4991273100083582 0.3756183139381329 3 2
60 1.5339414167677132 0.37273605410179034 3 2
61 1.3090746928701975 0.49904230283687795 3 2
62 1.2026896289184634 0.6085947802027711 3 2
63 1.4094549617517655 0.5206532989547817 3 2
64 1.4782441943070657 0.4989263687819399 3 2
65 1.8301050043387832 0.3440011359788599 3 2
66 1.6676190346546198 0.4455897078866778 3 2
67 0.9686900845680224 0.710500115204561 3 2
68 1.4072105140354738 0.42614936459724434 3 1
69 0.8637883278291589 0.7198806659782158 3 2
70 0.7100629111977366 0.78003867713862 3 2
71 0.7229698515463392 0.7850404625703934 3 2
72 1.232300047457497 0.63579696879962 3 2
73 1.4559262168688374 0.4072515996585316 3 1
74 1.4353666739101518 0.4314051961695445 3 1
75 1.265076795624691 0.5110659209091626 3 1
76 1.2638751323214432 0.3401282983860696 3 2
77 1.7665821387929945 0.08776199180903793 3 1
78 1.9864890103702777 -0.008924060216747468 2 2
79 2.039321179911144 0.03990681390603451 2 2
80 2.0475174557016382 0.04120863925929273 3 2
81 1.6660823257575146 0.2937195638476657 3 2
82 1.6008650363265202 0.43431482161399154 3 2
83 1.413265136415479 0.4658860808899906 3 2
84 1.2134512142351381 0.4940819856876742 3 2
85 1.3724841776652195 0.46056695688792226 3 2
86 1.345938901330788 0.45452248728272543 3 2
87 1.1790321851627725 0.5359724160149469 3 2
88 0.773370909947567 0.8000639978063593 3 2
89 0.9715503847862745 0.6422572084313701 3 2
90 0.7521144406702032 0.7558873886527749 3 2
91 1.681517732768918 0.24612066174567157 3 2
92 2.0254067514888057 0.0810047034190473 3 2
93 1.835327553178356 0.03569017336474873 3 1
94 1.8987141748951073 -0.0029431533617207285 3 1
95 1.8680207431558378 0.04289031876084602 3 1
