8 1.8286180340218703 0.22841813190850083 0 1
9 2.090805862812294 0.04856598873530886 1 1
10 1.513140664767012 0.3874121658530209 1 1
11 0.9123588858257321 0.6812819622899293 2 2
12 1.210113078113726 0.3998224549432813 2 2
13 1.1841797726100696 0.1954835962564869 3 2
14 1.477777343984875 0.07949800089852115 3 2
15 1.3085135993059254 0.29956668412221477 4 2
16 1.5768989414262382 0.17505269552325228 4 2
17 1.5138095136881828 0.10495519697751121 4 2
18 1.6309748620684275 0.17402783022935192 4 2
19 1.2204588942500312 0.5510730830107327 4 2
20 0.8941704764519276 0.6534284967450151 4 2
21 1.5698445501139178 0.21338209857648424 4 2
22 1.8605527472773433 0.0738493186038361 4 2
23 1.6816267120963726 0.1773941072444817 4 2
24 1.8002809728969495 0.11509293584655428 4 2
25 1.7725593138217643 0.19472965054193353 4 2
26 1.5784225599900834 0.3539808695988725 4 2
27 1.4120147617620145 0.5621661098246412 4 2
28 1.0661205311981323 0.7027777681049436 4 2
29 0.8413504316670002 0.7592230865272791 4 2
30 0.9721259283115984 0.6567475045039303 4 2
31 0.9182200326811838 0.6721718756854603 4 2
32 1.03332846364186 0.6358982885679102 4 2
33 0.8280034081185708 0.7802197842052611 4 2
34 0.6944661010570474 0.8498856562952893 4 2
35 0.6255832079462884 0.7795431261721523 4 2
36 1.8455409089333488 0.06043131828427348 3 2
37 1.7529013682990051 0.10877362798036296 3 2
38 1.5068669509182575 0.20993806671241574 4 2
39 1.1802060393358769 0.4199007035583796 4 2
40 1.1109713535134578 0.49885600611074116 4 2
41 0.9185673112992703 0.611762883638351 4 2
42 0.905314752627036 0.7703600109897356 4 2
43 0.8652701562281013 0.7936543548931775 4 2
44 0.8499211725544411 0.7922926628348611 4 2
45 0.7866307327638289 0.8104038621914099 4 2
46 0.7502838864736949 0.8191655075490092 4 2
47 0.8311898825402393 0.7854999933480794 4 2
48 0.5673636338322874 0.8744615490762228 4 2
49 0.989152127394676 0.6483495705955106 4 2
50 0.8558272831970015 0.7021540153548387 4 2
51 0.854398375454215 0.696401777714417 4 2
52 0.8830809328463047 0.6951345080856915 4 2
53 2.1296717914486143 0.2637602115057662 4 2
54 1.935202382456704 0.049491954803997595 4 2
55 1.63126292611698 0.12143733694173099 4 2
56 1.9048550614553816 0.03201055168889655 4 2
57 1.9846416482737794 0.009265435000839635 4 2
58 1.9159687198259512 0.012613998964868527 4 2
59 2.051761631017916 0.012265498585656766 4 2
60 2.721464383204295 -0.03672709840585839 3 2
61 3.3061482525617674 -0.10637169636991597 2 2
62 3.976852854954969 -0.25414287155868953 2 2
63 1.8404781375019574 -0.04794847652853728 1 1
64 1.7158634771695338 -0.12843941865064737 1 1
65 1.6144688038595145 -0.17197639662900238 1 1
66 2.2922688803991615 -0.27911435642885607 2 2
67 2.282842465400309 -0.32885372336137353 2 2
68 1.5094509687085376 -0.021819947381219007 1 1
69 1.447980938574637 0.10375291764065743 1 1
70 1.474678803594438 0.19708934024978378 2 2
71 1.2886437122123438 0.46152666665180514 2 2
72 1.7381585969797078 0.20203584538140473 2 2
73 1.4469937064028935 0.3716097484473289 3 2
74 1.3965334432036158 0.40784763623869047 3 2
75 1.3477350775072328 0.4472414123966873 4 2
76 1.157683056091651 0.6039389306271344 4 2
77 1.1252075663434207 0.6493998584380652 4 2
78 1.2109229904636187 0.6200960645827769 4 2
79 0.9699333875044944 0.755564132546293 4 2
80 0.6722060403949381 0.8735681137809874 4 2
81 0.5337014036514285 0.90953637165208 4 2
82 0.5504847117018139 0.8752566134917322 4 2
83 0.5706003430207947 0.8773669728379199 4 2
84 0.546912513829013 0.8866017504150728 4 2
85 0.48622382525911334 0.9120315454308777 4 2
86 0.5034853291358132 0.8994924582380555 4 2
87 0.5458267659626941 0.8653192265829693 4 2
88 0.6140290178205117 0.8218959741600507 4 2
89 0.5176759490394689 0.8729691223139502 4 2
90 0.4799071185878976 0.8905258975066221 4 2
91 0.2803621256052198 0.9709579407994903 4 2
92 0.6337016725173008 0.7991148307428516 4 2
93 1.0863450447099652 0.6828202079659794 4 1
94 1.1373017980631621 0.6347477550702884 4 1
95 1.1183459330956023 0.6350752503899681 4 1
