18 1.1363622154167299 0.5998215868981689 0 1
19 1.1760802407241595 0.5575957394673571 1 1
20 1.1793727162737504 0.5970823257272005 2 1
21 1.391791617633551 0.3594037562770388 2 1
22 1.4515952800294265 0.3453802027011636 2 1
23 1.431377230466106 0.385297943831496 2 1
24 1.4881727709655426 0.3191647457187721 2 1
25 1.3450296769100225 0.4219874071140935 2 1
26 1.4135103162205302 0.41712455729307196 2 1
27 1.931021061801144 0.06282683964399291 2 1
28 1.689314507454104 0.19198420946302497 2 1
29 1.0593162132176115 0.6456981055353117 2 1
30 0.745643434800157 0.8645180086877645 2 1
31 0.9885591769186197 0.6440201429347685 2 1
32 1.8628306526385785 0.14987340065389493 2 1
33 2.2576260974683358 -0.05376007495447919 2 1
34 2.2564707611142367 -0.036547168896186324 2 1
35 1.9158510165011302 0.012704255092470054 2 1
36 1.598843314694041 0.06102862163404157 2 1
37 1.5264706448822496 0.2689772354576014 2 1
38 1.0821591101388632 0.48593828065775446 2 1
39 1.1720936679732326 0.46832009739621194 2 1
40 1.4729409637968551 0.21042359727526055 2 1
41 1.5313431300909208 0.20032708799325602 2 1
42 1.9983893481718216 -0.05308918335011477 2 1
43 2.138835151368254 -0.0905989520203547 2 1
44 0.6837258256455039 0.623100947861043 2 1
45 1.9843933676663603 -0.028893343596638244 2 1
46 1.8150134599874468 -0.04724817387356931 2 1
47 1.9025640655951381 -0.002910844471071752 2 1
48 2.00542580441945 -0.08852690724543266 2 1
49 0.9618457668946041 0.535004049578308 2 1
50 1.3176658967269068 0.41562311204609426 2 1
51 1.5960198061523325 0.283797999851335 2 1
52 1.4784059175554205 0.38666043249331344 2 1
53 1.3395885013319306 0.3796336281170266 2 1
54 1.7225005620227796 -0.0016642712273000463 2 1
55 2.217127618698706 -0.09182185131696284 2 1
56 2.1560981578940037 -0.16233656929216525 2 1
57 1.6612996679374055 0.1309549574191235 2 1
58 1.509267740670679 0.34914883790600637 2 1
59 1.089767978746126 0.559432542232972 2 1
60 1.014424261641353 0.7656040583890217 2 1
61 1.4881773304449908 0.3707887652620679 2 1
62 1.6839399350548847 0.1790036344755565 2 1
63 0.9791305564491708 0.7423203516060922 2 1
64 1.0159494827848121 0.7480651944929699 2 1
65 1.050861594964319 0.7422817982063221 2 1
66 0.871569454066841 0.835478100483457 2 1
67 1.273409478680123 0.4296399965328607 2 1
68 2.090601780050677 -0.19678446884503337 2 1
69 2.0559207304647593 -0.25286243592306384 2 1
70 1.866906685377936 -0.02603304721216789 2 1
71 1.9165397686747898 -0.08757229904124217 2 1
72 1.8068261085320314 -0.027866857252399756 2 1
73 0.9558168519586197 0.6454492438092773 2 1
74 1.3631967750053482 0.3958437875309132 2 1
75 1.3647391040631316 0.11178252231610741 2 1
76 2.0522600746578794 -0.26264147603982513 2 1
77 2.2613769135417527 -0.14069196234101006 1 1
78 1.417779017484822 0.389703304621876 1 1
79 1.0454014689654052 0.6420757251953759 1 1
80 1.328171442628534 0.590084427127747 2 1
81 1.2409337678667356 0.58631679117066 2 1
82 1.1439719426752282 0.6438495004121132 2 1
83 0.9260312935971706 0.8164976806761282 2 1
84 0.7720834387852431 0.8194577077996099 2 1
85 0.8320219727016811 0.7594281761963564 2 1
86 1.4933666989020233 0.26707791638840933 2 1
87 1.0008961741233433 0.6270549189731743 2 1
88 0.7759689593885533 0.8968429290051105 2 1
89 1.012816503581516 0.7808091129512772 2 1
90 1.3491038640783852 0.458941627333406 2 1
91 1.0712609055040847 0.6875101523191081 2 1
92 0.746565516288829 0.8902924905371136 2 1
93 0.6847995572478416 0.9057640883836259 2 1
94 0.6971734914915713 0.9006100993073012 2 1
95 0.7020226279762145 0.9010190419937177 2 1
