13 0.7947792934999001 0.7165899971627471 0 1
14 1.3225539257434704 0.40751343197862855 1 1
15 1.6299385338570094 0.26278194615369094 2 1
16 1.7706867241218847 0.17061868814025413 2 1
17 1.3080178272578653 0.4047076870234719 2 2
18 1.4458529726134532 0.2250851450091288 3 2
19 1.5713640535987068 0.2512104498479611 3 2
20 1.8095026293370884 0.11430299012601182 3 2
21 2.1672662864687595 -0.05098242263568036 3 1
22 2.0715688789281534 -0.008968594429745791 3 1
23 0.8805877462919449 0.7440514339690386 3 2
24 0.945932803556806 0.7300534306561663 3 2
25 1.5216949634039318 0.1362926018193237 3 1
26 1.6109749886232478 -0.02790707611799669 3 1
27 1.6637666617887241 0.2194893451417337 3 1
28 1.5038133479581246 0.20727316454015257 3 2
29 1.5897507623619536 0.15789350990941345 3 2
30 1.747875820263256 0.22489690285739897 3 2
31 2.090823922034353 0.29595888265865294 3 2
32 2.335888753124462 0.20930156742621522 3 2
33 1.7036024868289532 0.46425934132629454 3 2
34 1.7320033456908117 0.42154984866028217 3 2
35 1.503089681914874 0.5106245125871843 3 2
36 1.6624363269927684 0.3022061078629132 3 2
37 2.165978085954137 0.09964191263416723 3 2
38 1.4843787923480418 0.4885980692148484 3 2
39 1.45755109711859 0.3521814246980339 3 1
40 1.8518652100083361 0.3197576419025354 3 2
41 1.6016943695488282 0.4114193290195992 3 2
42 1.0020443261471739 0.6392099143682651 3 2
43 1.037739187520116 0.5629675681309078 3 2
44 1.619149314949083 0.31447517436774775 3 1
45 1.5914828061321478 0.4131501298623088 3 1
46 0.8637420908710656 0.7572442105564561 3 2
47 0.6457414968253659 0.8933158582919501 3 2
48 0.43460417740977153 0.9102568689942167 3 2
49 0.7581626932773124 0.7971827591004167 3 2
50 0.6256112015094741 0.8660135838384172 3 2
51 0.8023742923449193 0.7937674809701387 3 2
52 0.6510582014887882 0.8396144319211913 3 2
53 0.9209509050204421 0.8220189863971369 3 1
54 1.0074498229630127 0.5751119505861568 3 2
55 1.03433369698919 0.5950541395415431 3 2
56 1.4342843974946726 0.34959604365229946 3 2
57 1.6635506444984696 0.0952885590378306 3 1
58 1.3686176795507379 0.17270293884404583 3 2
59 2.4813442191762283 -0.06709677652794735 3 2
60 2.3102375633440158 -0.06753852843058814 3 2
61 1.981561159022184 0.008350074265342686 3 2
62 2.284640289936731 -0.002050568352422688 3 2
63 1.3819589205359124 0.46365538812477936 3 2
64 0.6967315256182616 0.8410709532785254 3 2
65 1.2909860742299095 0.4261722874908092 3 2
66 2.298437502974082 0.056202610377463484 3 2
67 1.4134672801721493 0.48642207195117493 3 2
68 0.9492854434112896 0.7973131404779702 3 1
69 1.1395729823314245 0.6431901500363262 3 2
70 3.4150190039704453 0.027368825532974882 3 2
71 4.526647113482537 -0.22451247252614198 3 2
72 2.2875936200655644 -0.10344056104170792 3 2
73 2.0659761369599243 -0.029895282374405356 2 2
74 1.616343923473293 0.21380877967509085 2 2
75 1.3327852535238325 0.47186496071785944 2 2
76 1.3329197961452905 0.3154328471876765 3 2
77 1.1983975328866707 0.4929530457915105 3 1
78 1.0525377766055088 0.6467637617423069 3 2
79 1.7228537151847068 0.2555497968731608 3 2
80 1.8298310622474299 0.08135360949893924 3 1
81 1.434221196284616 0.3063892663252943 3 2
82 0.8844982740106477 0.7078682462057383 3 2
83 0.7662290009737962 0.7834292971492297 3 2
84 0.8276180035312075 0.742942762676726 3 2
85 0.6975284237917352 0.7984405371143448 3 2
86 0.6899605487544118 0.818032174325353 3 2
87 0.6202010300197838 0.8408803115412835 3 2
88 0.5799471728561532 0.8981248670399531 3 2
89 0.4343295616916478 0.9277301413063104 3 2
90 0.37949215605769204 0.9446486799939467 3 2
91 0.40467984236986343 0.9357872931124745 3 2
92 0.4443743138229337 0.9372915455718698 3 2
93 0.7710264550475898 0.8953872702003418 3 1
94 0.7481403899351609 0.9017441465239387 3 1
95 0.7824627650538343 0.8733482246474897 3 1
