2.0 4.654
3.0 4.192
4.0 25.552
5.0 29.032
6.0 35.7475
7.0 31.5705
8.0 34.6875
9.0 30.2755
10.0 34.256
11.0 28.834
12.0 25.565
13.0 10.3115
14.0 10.3115
15.0 5.8885
16.0 18.7235
17.0 26.001
18.0 26.3975
19.0 21.648
20.0 17.9685
21.0 15.758
22.0 20.339
23.0 18.574
24.0 21.36
25.0 12.91
26.0 12.91
27.0 4.806
28.0 22.65
29.0 24.32
30.0 21.5335
31.0 17.848
32.0 16.5765
33.0 19.8765
34.0 21.2375
35.0 19.571
36.0 14.8755
37.0 19.397
38.0 9.892
39.0 9.892
40.0 7.7695
41.0 19.2845
42.0 19.959
43.0 17.9865
44.0 15.3155
45.0 16.878
46.0 15.3465
47.0 17.817
48.0 19.4925
49.0 19.541
50.0 40.2325
51.0 36.9545
52.0 31.765
53.0 28.9995
54.0 29.1995
55.0 35.7525
56.0 25.937
57.0 26.1305
58.0 19.733
59.0 5.6955
60.0 5.6955
61.0 8.8465
62.0 24.717
63.0 28.3195
64.0 25.8615
65.0 23.6285
66.0 17.769
67.0 19.144
68.0 19.4105
69.0 20.557
70.0 12.4725
71.0 14.0855
72.0 26.42
73.0 22.133
74.0 19.7785
75.0 33.9015
76.0 24.164
77.0 24.1255
78.0 24.5225
79.0 15.588
80.0 23.3585
81.0 6.748
82.0 15.4035
83.0 18.8745
84.0 25.3685
85.0 25.6525
86.0 19.931
87.0 28.0905
88.0 26.676
89.0 25.2645
90.0 31.436
91.0 27.734
92.0 6.161
93.0 13.557
94.0 16.459
95.0 19.4445
96.0 18.3415
97.0 24.5435
98.0 18.4075
99.0 25.9535
100.0 4.654
101.0 4.654
102.0 4.192
103.0 25.552
104.0 29.032
105.0 35.7475
106.0 31.5705
107.0 34.6875
108.0 30.2755
109.0 34.256
110.0 28.834
111.0 25.565
112.0 10.3115
113.0 10.3115
114.0 5.8885
115.0 18.7235
116.0 26.001
117.0 26.3975
118.0 21.648
119.0 17.9685
120.0 15.758
121.0 20.339
122.0 18.574
123.0 21.36
124.0 12.91
125.0 12.91
126.0 4.806
127.0 22.65
128.0 24.32
129.0 21.5335
130.0 17.848
131.0 16.5765
132.0 19.8765
133.0 21.2375
134.0 19.571
135.0 14.8755
136.0 19.397
137.0 9.892
138.0 9.892
139.0 7.7695
140.0 19.2845
141.0 19.959
142.0 17.9865
143.0 15.3155
144.0 16.878
145.0 15.3465
146.0 17.817
147.0 19.4925
148.0 19.541
149.0 40.2325
150.0 36.9545
151.0 31.765
152.0 28.9995
153.0 29.1995
154.0 35.7525
155.0 25.937
156.0 26.1305
157.0 19.733
158.0 5.6955
159.0 5.6955
160.0 8.8465
161.0 24.717
162.0 28.3195
163.0 25.8615
164.0 23.6285
165.0 17.769
166.0 19.144
167.0 19.4105
168.0 20.557
169.0 12.4725
170.0 14.0855
171.0 26.42
172.0 22.133
173.0 19.7785
174.0 33.9015
175.0 24.164
176.0 24.1255
177.0 24.5225
178.0 15.588
179.0 23.3585
180.0 6.748
181.0 15.4035
182.0 18.8745
