2.0 31.765
3.0 28.9995
4.0 29.1995
5.0 35.7525
6.0 25.937
7.0 26.1305
8.0 19.733
9.0 5.6955
10.0 5.6955
11.0 8.8465
12.0 24.717
13.0 28.3195
14.0 25.8615
15.0 23.6285
16.0 17.769
17.0 19.144
18.0 19.4105
19.0 20.557
20.0 12.4725
21.0 14.0855
22.0 26.42
23.0 22.133
24.0 19.7785
25.0 33.9015
26.0 24.164
27.0 24.1255
28.0 24.5225
29.0 15.588
30.0 23.3585
31.0 6.748
32.0 15.4035
33.0 18.8745
34.0 25.3685
35.0 25.6525
36.0 19.931
37.0 28.0905
38.0 26.676
39.0 25.2645
40.0 31.436
41.0 27.734
42.0 6.161
43.0 13.557
44.0 16.459
45.0 19.4445
46.0 18.3415
47.0 24.5435
48.0 18.4075
49.0 25.9535
50.0 2.602
51.0 8.442
52.0 8.927
53.0 9.1985
54.0 8.145
55.0 9.289
56.0 9.2435
57.0 9.1955
58.0 9.3575
59.0 10.1745
60.0 7.236
61.0 5.555
62.0 7.708
63.0 7.9885
64.0 7.5155
65.0 22.8655
66.0 35.4395
67.0 32.5915
68.0 29.44
69.0 32.38
70.0 31.454
71.0 5.888
72.0 9.6875
73.0 8.8805
74.0 9.2195
75.0 8.512
76.0 7.9535
77.0 8.651
78.0 8.878
79.0 9.179
80.0 5.1505
81.0 7.153
82.0 7.6175
83.0 7.643
84.0 7.4295
85.0 7.1515
86.0 6.6835
87.0 7.4505
88.0 6.0925
89.0 8.175
90.0 3.97
91.0 5.313
92.0 6.5415
93.0 5.4895
94.0 5.8005
95.0 7.3065
96.0 14.4085
97.0 14.7765
98.0 12.6115
99.0 15.855
100.0 36.9545
101.0 31.765
102.0 28.9995
103.0 29.1995
104.0 35.7525
105.0 25.937
106.0 26.1305
107.0 19.733
108.0 5.6955
109.0 5.6955
110.0 8.8465
111.0 24.717
112.0 28.3195
113.0 25.8615
114.0 23.6285
115.0 17.769
116.0 19.144
117.0 19.4105
118.0 20.557
119.0 12.4725
120.0 14.0855
121.0 26.42
122.0 22.133
123.0 19.7785
124.0 33.9015
125.0 24.164
126.0 24.1255
127.0 24.5225
128.0 15.588
129.0 23.3585
130.0 6.748
131.0 15.4035
132.0 18.8745
133.0 25.3685
134.0 25.6525
135.0 19.931
136.0 28.0905
137.0 26.676
138.0 25.2645
139.0 31.436
140.0 27.734
141.0 6.161
142.0 13.557
143.0 16.459
144.0 19.4445
145.0 18.3415
146.0 24.5435
147.0 18.4075
148.0 25.9535
149.0 2.602
150.0 8.442
151.0 8.927
152.0 9.1985
153.0 8.145
154.0 9.289
155.0 9.2435
156.0 9.1955
157.0 9.3575
158.0 10.1745
159.0 7.236
160.0 5.555
161.0 7.708
162.0 7.9885
163.0 7.5155
164.0 22.8655
165.0 35.4395
166.0 32.5915
167.0 29.44
168.0 32.38
169.0 31.454
170.0 5.888
171.0 9.6875
172.0 8.8805
173.0 9.2195
174.0 8.512
175.0 7.9535
176.0 8.651
177.0 8.878
178.0 9.179
179.0 5.1505
180.0 7.153
181.0 7.6175
182.0 7.643
183.0 7.4295
184.0 7.1515
185.0 6.6835
186.0 7.4505
187.0 6.0925
188.0 8.175
189.0 3.97
