2.0 4.654
3.0 4.192
4.0 25.552
5.0 29.032
6.0 35.7475
7.0 31.5705
8.0 34.6875
9.0 30.2755
10.0 34.256
11.0 28.834
12.0 25.565
13.0 10.3115
14.0 10.3115
15.0 5.8885
16.0 18.7235
17.0 26.001
18.0 26.3975
19.0 21.648
20.0 17.9685
21.0 15.758
22.0 20.339
23.0 18.574
24.0 21.36
25.0 12.91
26.0 12.91
27.0 4.806
28.0 22.65
29.0 24.32
30.0 21.5335
31.0 17.848
32.0 16.5765
33.0 19.8765
34.0 21.2375
35.0 19.571
36.0 14.8755
37.0 19.397
38.0 9.892
39.0 9.892
40.0 7.7695
41.0 19.2845
42.0 19.959
43.0 17.9865
44.0 15.3155
45.0 16.878
46.0 15.3465
47.0 17.817
48.0 19.4925
49.0 19.541
50.0 1.8595
51.0 9.2115
52.0 20.089
53.0 23.6955
54.0 24.8595
55.0 21.57
56.0 23.1645
57.0 24.2365
58.0 23.2025
59.0 24.4265
60.0 10.8275
61.0 10.8275
62.0 9.716
63.0 17.0385
64.0 10.464
65.0 16.572
66.0 15.223
67.0 17.1025
68.0 15.1725
69.0 17.8745
70.0 18.758
71.0 3.364
72.0 3.364
73.0 21.641
74.0 20.044
75.0 20.6125
76.0 22.8605
77.0 22.5305
78.0 21.9005
79.0 21.506
80.0 20.632
81.0 20.147
82.0 15.305
83.0 15.305
84.0 11.2925
85.0 17.029
86.0 21.516
87.0 19.274
88.0 20.779
89.0 23.676
90.0 19.1035
91.0 15.9205
92.0 19.432
93.0 15.3275
94.0 15.3275
95.0 20.5465
96.0 20.17
97.0 20.051
98.0 17.681
99.0 19.6325
100.0 4.654
101.0 4.654
102.0 4.192
103.0 25.552
104.0 29.032
105.0 35.7475
106.0 31.5705
107.0 34.6875
108.0 30.2755
109.0 34.256
110.0 28.834
111.0 25.565
112.0 10.3115
113.0 10.3115
114.0 5.8885
115.0 18.7235
116.0 26.001
117.0 26.3975
118.0 21.648
119.0 17.9685
120.0 15.758
121.0 20.339
122.0 18.574
123.0 21.36
124.0 12.91
125.0 12.91
126.0 4.806
127.0 22.65
128.0 24.32
129.0 21.5335
130.0 17.848
131.0 16.5765
132.0 19.8765
133.0 21.2375
134.0 19.571
135.0 14.8755
136.0 19.397
137.0 9.892
138.0 9.892
139.0 7.7695
140.0 19.2845
141.0 19.959
142.0 17.9865
143.0 15.3155
144.0 16.878
145.0 15.3465
146.0 17.817
147.0 19.4925
148.0 19.541
149.0 1.8595
150.0 9.2115
151.0 20.089
152.0 23.6955
153.0 24.8595
154.0 21.57
155.0 23.1645
156.0 24.2365
157.0 23.2025
158.0 24.4265
159.0 10.8275
160.0 10.8275
161.0 9.716
162.0 17.0385
163.0 10.464
164.0 16.572
165.0 15.223
166.0 17.1025
167.0 15.1725
168.0 17.8745
169.0 18.758
170.0 3.364
171.0 3.364
172.0 21.641
173.0 20.044
174.0 20.6125
175.0 22.8605
176.0 22.5305
177.0 21.9005
178.0 21.506
179.0 20.632
180.0 20.147
181.0 15.305
182.0 15.305
