2.0 4.654
3.0 4.192
4.0 25.552
5.0 29.032
6.0 35.7475
7.0 31.5705
8.0 34.6875
9.0 30.2755
10.0 34.256
11.0 28.834
12.0 25.565
13.0 10.3115
14.0 10.3115
15.0 5.8885
16.0 18.7235
17.0 26.001
18.0 26.3975
19.0 21.648
20.0 17.9685
21.0 15.758
22.0 20.339
23.0 18.574
24.0 21.36
25.0 12.91
26.0 12.91
27.0 4.806
28.0 22.65
29.0 24.32
30.0 21.5335
31.0 17.848
32.0 16.5765
33.0 19.8765
34.0 21.2375
35.0 19.571
36.0 14.8755
37.0 19.397
38.0 9.892
39.0 9.892
40.0 7.7695
41.0 19.2845
42.0 19.959
43.0 17.9865
44.0 15.3155
45.0 16.878
46.0 15.3465
47.0 17.817
48.0 19.4925
49.0 19.541
50.0 81.468
51.0 3.695
52.0 8.7445
53.0 9.574
54.0 9.0035
55.0 9.051
56.0 8.7965
57.0 9.1995
58.0 9.7005
59.0 9.6295
60.0 7.34
61.0 5.548
62.0 8.69
63.0 8.642
64.0 8.161
65.0 8.8905
66.0 9.2905
67.0 8.676
68.0 9.308
69.0 8.8665
70.0 3.4115
71.0 3.4115
72.0 8.1625
73.0 8.7335
74.0 8.4965
75.0 8.7255
76.0 8.21
77.0 8.3715
78.0 9.2285
79.0 13.9405
80.0 34.699
81.0 3.152
82.0 8.474
83.0 8.621
84.0 8.4095
85.0 8.6555
86.0 8.783
87.0 8.381
88.0 11.001
89.0 32.9325
90.0 37.271
91.0 27.1235
92.0 5.7615
93.0 8.0495
94.0 8.359
95.0 9.0725
96.0 8.7695
97.0 8.8155
98.0 8.979
99.0 8.6805
100.0 4.654
101.0 4.654
102.0 4.192
103.0 25.552
104.0 29.032
105.0 35.7475
106.0 31.5705
107.0 34.6875
108.0 30.2755
109.0 34.256
110.0 28.834
111.0 25.565
112.0 10.3115
113.0 10.3115
114.0 5.8885
115.0 18.7235
116.0 26.001
117.0 26.3975
118.0 21.648
119.0 17.9685
120.0 15.758
121.0 20.339
122.0 18.574
123.0 21.36
124.0 12.91
125.0 12.91
126.0 4.806
127.0 22.65
128.0 24.32
129.0 21.5335
130.0 17.848
131.0 16.5765
132.0 19.8765
133.0 21.2375
134.0 19.571
135.0 14.8755
136.0 19.397
137.0 9.892
138.0 9.892
139.0 7.7695
140.0 19.2845
141.0 19.959
142.0 17.9865
143.0 15.3155
144.0 16.878
145.0 15.3465
146.0 17.817
147.0 19.4925
148.0 19.541
149.0 81.468
150.0 3.695
151.0 8.7445
152.0 9.574
153.0 9.0035
154.0 9.051
155.0 8.7965
156.0 9.1995
157.0 9.7005
158.0 9.6295
159.0 7.34
160.0 5.548
161.0 8.69
162.0 8.642
163.0 8.161
164.0 8.8905
165.0 9.2905
166.0 8.676
167.0 9.308
168.0 8.8665
169.0 3.4115
170.0 3.4115
171.0 8.1625
172.0 8.7335
173.0 8.4965
174.0 8.7255
175.0 8.21
176.0 8.3715
177.0 9.2285
178.0 13.9405
179.0 34.699
180.0 3.152
181.0 8.474
182.0 8.621
183.0 8.4095
184.0 8.6555
185.0 8.783
186.0 8.381
187.0 11.001
188.0 32.9325
189.0 37.271
190.0 27.1235
191.0 5.7615
