2.0 31.765
3.0 28.9995
4.0 29.1995
5.0 35.7525
6.0 25.937
7.0 26.1305
8.0 19.733
9.0 5.6955
10.0 5.6955
11.0 8.8465
12.0 24.717
13.0 28.3195
14.0 25.8615
15.0 23.6285
16.0 17.769
17.0 19.144
18.0 19.4105
19.0 20.557
20.0 12.4725
21.0 14.0855
22.0 26.42
23.0 22.133
24.0 19.7785
25.0 33.9015
26.0 24.164
27.0 24.1255
28.0 24.5225
29.0 15.588
30.0 23.3585
31.0 6.748
32.0 15.4035
33.0 18.8745
34.0 25.3685
35.0 25.6525
36.0 19.931
37.0 28.0905
38.0 26.676
39.0 25.2645
40.0 31.436
41.0 27.734
42.0 6.161
43.0 13.557
44.0 16.459
45.0 19.4445
46.0 18.3415
47.0 24.5435
48.0 18.4075
49.0 25.9535
50.0 47.6205
51.0 4.654
52.0 4.654
53.0 4.192
54.0 25.552
55.0 29.032
56.0 35.7475
57.0 31.5705
58.0 34.6875
59.0 30.2755
60.0 34.256
61.0 28.834
62.0 25.565
63.0 10.3115
64.0 10.3115
65.0 5.8885
66.0 18.7235
67.0 26.001
68.0 26.3975
69.0 21.648
70.0 17.9685
71.0 15.758
72.0 20.339
73.0 18.574
74.0 21.36
75.0 12.91
76.0 12.91
77.0 4.806
78.0 22.65
79.0 24.32
80.0 21.5335
81.0 17.848
82.0 16.5765
83.0 19.8765
84.0 21.2375
85.0 19.571
86.0 14.8755
87.0 19.397
88.0 9.892
89.0 9.892
90.0 7.7695
91.0 19.2845
92.0 19.959
93.0 17.9865
94.0 15.3155
95.0 16.878
96.0 15.3465
97.0 17.817
98.0 19.4925
99.0 19.541
100.0 36.9545
101.0 31.765
102.0 28.9995
103.0 29.1995
104.0 35.7525
105.0 25.937
106.0 26.1305
107.0 19.733
108.0 5.6955
109.0 5.6955
110.0 8.8465
111.0 24.717
112.0 28.3195
113.0 25.8615
114.0 23.6285
115.0 17.769
116.0 19.144
117.0 19.4105
118.0 20.557
119.0 12.4725
120.0 14.0855
121.0 26.42
122.0 22.133
123.0 19.7785
124.0 33.9015
125.0 24.164
126.0 24.1255
127.0 24.5225
128.0 15.588
129.0 23.3585
130.0 6.748
131.0 15.4035
132.0 18.8745
133.0 25.3685
134.0 25.6525
135.0 19.931
136.0 28.0905
137.0 26.676
138.0 25.2645
139.0 31.436
140.0 27.734
141.0 6.161
142.0 13.557
143.0 16.459
144.0 19.4445
145.0 18.3415
146.0 24.5435
147.0 18.4075
148.0 25.9535
149.0 47.6205
150.0 4.654
151.0 4.654
152.0 4.192
153.0 25.552
154.0 29.032
155.0 35.7475
156.0 31.5705
157.0 34.6875
158.0 30.2755
159.0 34.256
160.0 28.834
161.0 25.565
162.0 10.3115
163.0 10.3115
164.0 5.8885
165.0 18.7235
166.0 26.001
167.0 26.3975
168.0 21.648
169.0 17.9685
170.0 15.758
171.0 20.339
172.0 18.574
173.0 21.36
174.0 12.91
175.0 12.91
176.0 4.806
177.0 22.65
178.0 24.32
179.0 21.5335
180.0 17.848
181.0 16.5765
182.0 19.8765
