2.0 8.927
3.0 9.1985
4.0 8.145
5.0 9.289
6.0 9.2435
7.0 9.1955
8.0 9.3575
9.0 10.1745
10.0 7.236
11.0 5.555
12.0 7.708
13.0 7.9885
14.0 7.5155
15.0 22.8655
16.0 35.4395
17.0 32.5915
18.0 29.44
19.0 32.38
20.0 31.454
21.0 5.888
22.0 9.6875
23.0 8.8805
24.0 9.2195
25.0 8.512
26.0 7.9535
27.0 8.651
28.0 8.878
29.0 9.179
30.0 5.1505
31.0 7.153
32.0 7.6175
33.0 7.643
34.0 7.4295
35.0 7.1515
36.0 6.6835
37.0 7.4505
38.0 6.0925
39.0 8.175
40.0 3.97
41.0 5.313
42.0 6.5415
43.0 5.4895
44.0 5.8005
45.0 7.3065
46.0 14.4085
47.0 14.7765
48.0 12.6115
49.0 15.855
50.0 40.2325
51.0 36.9545
52.0 31.765
53.0 28.9995
54.0 29.1995
55.0 35.7525
56.0 25.937
57.0 26.1305
58.0 19.733
59.0 5.6955
60.0 5.6955
61.0 8.8465
62.0 24.717
63.0 28.3195
64.0 25.8615
65.0 23.6285
66.0 17.769
67.0 19.144
68.0 19.4105
69.0 20.557
70.0 12.4725
71.0 14.0855
72.0 26.42
73.0 22.133
74.0 19.7785
75.0 33.9015
76.0 24.164
77.0 24.1255
78.0 24.5225
79.0 15.588
80.0 23.3585
81.0 6.748
82.0 15.4035
83.0 18.8745
84.0 25.3685
85.0 25.6525
86.0 19.931
87.0 28.0905
88.0 26.676
89.0 25.2645
90.0 31.436
91.0 27.734
92.0 6.161
93.0 13.557
94.0 16.459
95.0 19.4445
96.0 18.3415
97.0 24.5435
98.0 18.4075
99.0 25.9535
100.0 8.442
101.0 8.927
102.0 9.1985
103.0 8.145
104.0 9.289
105.0 9.2435
106.0 9.1955
107.0 9.3575
108.0 10.1745
109.0 7.236
110.0 5.555
111.0 7.708
112.0 7.9885
113.0 7.5155
114.0 22.8655
115.0 35.4395
116.0 32.5915
117.0 29.44
118.0 32.38
119.0 31.454
120.0 5.888
121.0 9.6875
122.0 8.8805
123.0 9.2195
124.0 8.512
125.0 7.9535
126.0 8.651
127.0 8.878
128.0 9.179
129.0 5.1505
130.0 7.153
131.0 7.6175
132.0 7.643
133.0 7.4295
134.0 7.1515
135.0 6.6835
136.0 7.4505
137.0 6.0925
138.0 8.175
139.0 3.97
140.0 5.313
141.0 6.5415
142.0 5.4895
143.0 5.8005
144.0 7.3065
145.0 14.4085
146.0 14.7765
147.0 12.6115
148.0 15.855
149.0 40.2325
150.0 36.9545
151.0 31.765
152.0 28.9995
153.0 29.1995
154.0 35.7525
155.0 25.937
156.0 26.1305
157.0 19.733
158.0 5.6955
159.0 5.6955
160.0 8.8465
161.0 24.717
162.0 28.3195
163.0 25.8615
164.0 23.6285
165.0 17.769
166.0 19.144
167.0 19.4105
168.0 20.557
169.0 12.4725
170.0 14.0855
171.0 26.42
172.0 22.133
173.0 19.7785
174.0 33.9015
175.0 24.164
176.0 24.1255
177.0 24.5225
178.0 15.588
179.0 23.3585
180.0 6.748
181.0 15.4035
182.0 18.8745
183.0 25.3685
184.0 25.6525
185.0 19.931
186.0 28.0905
187.0 26.676
188.0 25.2645
189.0 31.436
