17 0.234375
18 5.810546875
19 5.4453125
20 5.810546875
21 5.732421875
22 5.787109375
23 5.732421875
24 5.44921875
25 5.447265625
26 5.482421875
27 5.6953125
28 5.67578125
29 5.0234375
30 4.935546875
31 4.955078125
32 4.873046875
33 4.87109375
34 4.9609375
35 5.54296875
36 5.603515625
37 5.806640625
38 6.556640625
39 7.67578125
40 8.455078125
41 9.19921875
42 10.68359375
43 12.5
44 12.896484375
45 13.052734375
46 13.12890625
47 13.10546875
48 11.974609375
49 9.974609375
50 9.9140625
51 8.953125
52 8.884765625
53 8.8515625
54 8.9140625
55 8.60546875
56 8.716796875
57 8.7890625
58 8.7421875
59 8.3125
60 7.7890625
61 7.65234375
62 8.072265625
63 8.16796875
64 8.0078125
65 7.88671875
66 7.7734375
67 7.5859375
68 7.759765625
69 8.685546875
70 9.998046875
71 10.78125
72 11.923828125
73 12.4609375
74 14.078125
75 14.470703125
76 15.78125
77 14.865234375
78 13.27734375
79 12.26953125
80 11.619140625
81 11.4921875
82 12.197265625
83 11.837890625
84 11.984375
85 11.59765625
86 11.330078125
87 14.021484375
88 14.0625
89 12.984375
90 12.6328125
91 12.84765625
92 12.669921875
93 12.888671875
94 13.240234375
95 13.671875
