1 0.234375
2 8.138671875
3 7.95703125
4 7.09765625
5 6.65625
6 6.744140625
7 7.02734375
8 7.275390625
9 7.38671875
10 7.755859375
11 7.916015625
12 7.841796875
13 7.845703125
14 8.625
15 8.689453125
16 8.84375
17 8.767578125
18 8.67578125
19 8.0859375
20 7.904296875
21 7.41015625
22 7.998046875
23 8.0859375
24 8.134765625
25 8.388671875
26 8.45703125
27 8.486328125
28 8.15625
29 9.291015625
30 8.4140625
31 7.3671875
32 6.95703125
33 6.990234375
34 7.1796875
35 6.94140625
36 7.017578125
37 7.02734375
38 7.4453125
39 7.560546875
40 8.23046875
41 10.703125
42 12.13671875
43 11.123046875
44 10.244140625
45 10.126953125
46 10.22265625
47 10.0
48 10.193359375
49 10.41015625
50 10.880859375
51 11.46484375
52 12.017578125
53 13.94921875
54 15.375
55 19.294921875
56 21.421875
57 16.193359375
58 13.814453125
59 11.947265625
60 10.767578125
61 9.251953125
62 7.732421875
63 6.943359375
64 6.693359375
65 6.39453125
66 6.09375
67 5.94140625
68 5.98046875
69 5.939453125
70 5.48828125
71 5.59765625
72 5.91796875
73 5.728515625
74 5.46875
75 5.341796875
76 5.263671875
77 5.220703125
78 5.166015625
79 5.228515625
80 5.140625
81 5.251953125
82 5.080078125
83 4.9921875
84 5.685546875
85 6.345703125
86 6.880859375
87 6.849609375
88 6.634765625
89 6.779296875
90 6.64453125
91 6.615234375
92 6.619140625
93 6.775390625
94 7.013671875
95 7.1640625
