7 0.234375
8 4.150390625
9 4.08203125
10 4.05078125
11 4.43359375
12 4.62109375
13 5.154296875
14 5.857421875
15 6.572265625
16 6.904296875
17 6.708984375
18 8.93359375
19 11.859375
20 18.728515625
21 19.728515625
22 18.98828125
23 16.7890625
24 14.697265625
25 13.90234375
26 13.552734375
27 13.283203125
28 13.615234375
29 12.986328125
30 12.5234375
31 11.724609375
32 11.439453125
33 12.2890625
34 13.48046875
35 12.556640625
36 11.78515625
37 11.1484375
38 10.697265625
39 10.302734375
40 10.005859375
41 10.779296875
42 10.8046875
43 10.974609375
44 11.150390625
45 11.43359375
46 11.802734375
47 12.828125
48 11.53125
49 9.498046875
50 9.765625
51 10.09375
52 9.947265625
53 9.955078125
54 9.814453125
55 9.87109375
56 9.85546875
57 9.48046875
58 10.115234375
59 11.07421875
60 12.099609375
61 10.08984375
62 9.525390625
63 8.830078125
64 8.755859375
65 8.083984375
66 7.427734375
67 7.044921875
68 6.9609375
69 6.521484375
70 5.515625
71 5.552734375
72 5.654296875
73 5.705078125
74 5.572265625
75 5.435546875
76 5.4765625
77 5.662109375
78 5.857421875
79 5.74609375
80 4.890625
81 4.916015625
82 5.013671875
83 5.08984375
84 4.900390625
85 5.044921875
86 4.86328125
87 5.076171875
88 5.1484375
89 5.30078125
90 6.341796875
91 6.123046875
92 6.0078125
93 6.095703125
94 6.115234375
95 6.12890625
