17 0.234375
18 13.64453125
19 13.14453125
20 12.9609375
21 13.328125
22 13.666015625
23 13.736328125
24 14.353515625
25 14.482421875
26 14.46484375
27 14.630859375
28 14.18359375
29 13.07421875
30 11.955078125
31 11.275390625
32 10.587890625
33 10.30078125
34 9.900390625
35 9.591796875
36 9.46484375
37 9.228515625
38 9.4921875
39 8.375
40 8.5859375
41 8.7109375
42 9.00390625
43 9.306640625
44 9.267578125
45 9.478515625
46 9.724609375
47 9.9921875
48 10.138671875
49 12.74609375
50 13.740234375
51 13.189453125
52 12.2734375
53 12.166015625
54 12.216796875
55 11.8984375
56 11.751953125
57 11.689453125
58 11.744140625
59 11.607421875
60 11.69921875
61 11.87890625
62 12.134765625
63 12.3125
64 12.44140625
65 12.35546875
66 12.28515625
67 12.29296875
68 12.3984375
69 12.234375
70 9.91796875
71 10.623046875
72 11.03125
73 11.380859375
74 11.5703125
75 12.248046875
76 12.87890625
77 13.474609375
78 13.2734375
79 12.98046875
80 19.2890625
81 17.138671875
82 15.501953125
83 14.623046875
84 14.0625
85 13.73046875
86 13.544921875
87 13.3046875
88 12.81640625
89 12.0390625
90 11.576171875
91 12.25
92 13.994140625
93 13.49609375
94 12.392578125
95 10.927734375
