12 0.234375
13 5.951171875
14 5.71484375
15 5.5
16 5.591796875
17 5.49609375
18 5.53125
19 5.390625
20 5.279296875
21 5.484375
22 5.609375
23 5.029296875
24 4.9921875
25 5.18359375
26 5.169921875
27 4.986328125
28 5.123046875
29 4.75
30 4.98046875
31 5.26953125
32 5.751953125
33 5.810546875
34 6.421875
35 7.9140625
36 8.66015625
37 9.951171875
38 10.4296875
39 12.095703125
40 13.189453125
41 12.591796875
42 12.99609375
43 12.943359375
44 11.865234375
45 9.966796875
46 9.421875
47 9.458984375
48 8.712890625
49 8.703125
50 8.869140625
51 8.623046875
52 8.228515625
53 8.580078125
54 8.390625
55 8.30859375
56 7.8515625
57 7.626953125
58 7.94921875
59 7.673828125
60 8.078125
61 7.9453125
62 7.763671875
63 7.3671875
64 7.296875
65 8.814453125
66 7.59765625
67 8.587890625
68 8.35546875
69 8.97265625
70 9.359375
71 10.05078125
72 10.67578125
73 12.259765625
74 12.22265625
75 11.8984375
76 18.78125
77 17.53125
78 14.724609375
79 14.208984375
80 14.203125
81 13.583984375
82 13.4375
83 12.72265625
84 12.3203125
85 11.560546875
86 11.23046875
87 11.97265625
88 13.646484375
89 12.74609375
90 12.330078125
91 11.0078125
92 10.927734375
93 10.43359375
94 10.55078125
95 10.6328125
