7 0.234375
8 5.982421875
9 5.62109375
10 5.43359375
11 5.537109375
12 5.646484375
13 5.4453125
14 5.3828125
15 5.103515625
16 5.052734375
17 5.365234375
18 5.470703125
19 5.275390625
20 5.279296875
21 4.7421875
22 4.71484375
23 4.6953125
24 4.71875
25 4.767578125
26 4.91015625
27 5.02734375
28 5.248046875
29 5.595703125
30 6.189453125
31 7.78515625
32 8.548828125
33 9.568359375
34 10.96484375
35 12.923828125
36 13.578125
37 13.17578125
38 13.07421875
39 13.455078125
40 13.119140625
41 10.681640625
42 10.046875
43 9.412109375
44 9.57421875
45 9.400390625
46 9.013671875
47 8.703125
48 8.67578125
49 8.875
50 8.927734375
51 8.615234375
52 7.7109375
53 7.87890625
54 8.0546875
55 7.63671875
56 7.748046875
57 7.935546875
58 7.650390625
59 7.373046875
60 6.474609375
61 6.875
62 7.337890625
63 7.62109375
64 7.93359375
65 8.244140625
66 8.390625
67 8.48828125
68 9.23046875
69 10.365234375
70 13.193359375
71 12.609375
72 11.697265625
73 11.23828125
74 9.953125
75 9.734375
76 10.00390625
77 9.568359375
78 8.9453125
79 8.978515625
80 9.552734375
81 7.888671875
82 8.556640625
83 8.365234375
84 9.013671875
85 9.087890625
86 9.828125
87 10.068359375
88 10.232421875
89 10.78125
90 10.615234375
91 14.30859375
92 14.1015625
93 12.841796875
94 11.908203125
95 11.787109375
