12 0.234375
13 6.3125
14 6.302734375
15 6.306640625
16 6.19921875
17 6.005859375
18 6.072265625
19 6.1796875
20 6.193359375
21 6.017578125
22 6.138671875
23 6.232421875
24 6.263671875
25 6.00390625
26 5.9921875
27 5.9609375
28 5.921875
29 5.87109375
30 6.1328125
31 6.48828125
32 6.904296875
33 7.734375
34 8.74609375
35 9.3203125
36 9.609375
37 9.875
38 10.609375
39 9.646484375
40 8.740234375
41 7.8359375
42 7.197265625
43 6.4765625
44 6.0234375
45 5.70703125
46 5.609375
47 5.380859375
48 5.583984375
49 5.4765625
50 5.173828125
51 4.7109375
52 4.966796875
53 5.22265625
54 4.609375
55 4.40234375
56 4.626953125
57 4.787109375
58 4.681640625
59 4.375
60 4.751953125
61 4.677734375
62 5.322265625
63 5.0859375
64 5.845703125
65 6.751953125
66 7.572265625
67 8.84375
68 10.69140625
69 12.953125
70 14.447265625
71 15.916015625
72 16.38671875
73 14.11328125
74 13.2578125
75 12.69140625
76 12.123046875
77 12.248046875
78 12.884765625
79 12.357421875
80 11.712890625
81 11.54296875
82 11.482421875
83 13.822265625
84 13.912109375
85 12.16015625
86 11.740234375
87 12.615234375
88 12.576171875
89 11.953125
90 12.607421875
91 12.86328125
92 14.322265625
93 13.25
94 14.072265625
95 13.392578125
