12 0.234375
13 6.580078125
14 6.3515625
15 6.44921875
16 5.974609375
17 5.873046875
18 6.0625
19 6.125
20 5.892578125
21 5.939453125
22 6.2890625
23 6.3125
24 6.169921875
25 5.9296875
26 5.90625
27 5.916015625
28 5.845703125
29 5.392578125
30 5.576171875
31 5.41015625
32 5.701171875
33 5.771484375
34 5.171875
35 4.978515625
36 5.212890625
37 5.0546875
38 5.154296875
39 5.244140625
40 5.1484375
41 5.14453125
42 5.119140625
43 5.341796875
44 5.953125
45 6.517578125
46 6.775390625
47 6.828125
48 6.48828125
49 6.537109375
50 6.818359375
51 6.892578125
52 6.90234375
53 7.064453125
54 7.3125
55 7.595703125
56 7.763671875
57 7.65234375
58 7.2734375
59 7.330078125
60 7.30859375
61 7.62890625
62 7.408203125
63 6.83203125
64 6.962890625
65 7.1328125
66 7.4375
67 8.0
68 9.060546875
69 9.955078125
70 11.25
71 13.6171875
72 16.173828125
73 14.5078125
74 12.859375
75 12.857421875
76 11.919921875
77 12.494140625
78 12.27734375
79 12.59765625
80 11.849609375
81 11.41796875
82 11.244140625
83 14.640625
84 14.357421875
85 12.8671875
86 12.7109375
87 14.0078125
88 13.107421875
89 13.3125
90 13.63671875
91 13.998046875
92 14.16015625
93 13.61328125
94 14.458984375
95 13.67578125
