12 0.234375
13 19.107421875
14 20.212890625
15 20.482421875
16 19.375
17 19.00390625
18 19.830078125
19 19.677734375
20 19.013671875
21 20.333984375
22 18.212890625
23 14.93359375
24 13.609375
25 13.08203125
26 13.17578125
27 12.755859375
28 12.35546875
29 12.037109375
30 11.7421875
31 11.4921875
32 11.44140625
33 13.541015625
34 13.873046875
35 13.265625
36 12.9140625
37 13.0078125
38 12.59375
39 12.6328125
40 13.048828125
41 13.306640625
42 13.44921875
43 13.619140625
44 14.32421875
45 13.83203125
46 13.078125
47 12.84765625
48 13.05078125
49 12.892578125
50 12.58984375
51 12.591796875
52 12.640625
53 12.92578125
54 13.177734375
55 15.20703125
56 14.603515625
57 13.865234375
58 14.033203125
59 13.0546875
60 12.703125
61 12.58203125
62 12.4375
63 12.275390625
64 10.96484375
65 8.6796875
66 7.833984375
67 7.662109375
68 7.6875
69 7.58984375
70 8.166015625
71 8.1875
72 8.158203125
73 8.32421875
74 9.462890625
75 11.123046875
76 11.712890625
77 11.125
78 9.603515625
79 8.58203125
80 7.84765625
81 7.166015625
82 6.427734375
83 5.857421875
84 5.1796875
85 4.931640625
86 4.90625
87 4.884765625
88 4.751953125
89 4.7421875
90 4.744140625
91 4.89453125
92 5.716796875
93 6.322265625
94 6.7421875
95 7.580078125
