12 0.234375
13 6.587890625
14 6.34375
15 6.392578125
16 6.19921875
17 6.314453125
18 6.1015625
19 6.423828125
20 6.232421875
21 6.001953125
22 6.1875
23 6.189453125
24 5.998046875
25 5.916015625
26 5.79296875
27 5.96484375
28 5.9765625
29 6.0
30 5.666015625
31 5.919921875
32 5.75390625
33 5.640625
34 5.107421875
35 5.357421875
36 5.13671875
37 5.166015625
38 5.212890625
39 5.173828125
40 5.115234375
41 5.15625
42 5.146484375
43 5.228515625
44 5.744140625
45 6.638671875
46 6.576171875
47 6.447265625
48 6.361328125
49 6.556640625
50 6.91796875
51 6.541015625
52 6.48046875
53 7.02734375
54 7.115234375
55 7.4296875
56 7.6484375
57 7.556640625
58 7.458984375
59 7.501953125
60 7.275390625
61 7.46875
62 7.421875
63 6.986328125
64 6.787109375
65 6.931640625
66 7.515625
67 7.947265625
68 9.078125
69 9.58203125
70 11.3984375
71 12.974609375
72 15.06640625
73 14.18359375
74 12.498046875
75 12.501953125
76 12.1796875
77 12.279296875
78 13.126953125
79 11.986328125
80 10.853515625
81 10.595703125
82 11.22265625
83 13.583984375
84 14.98046875
85 12.85546875
86 12.765625
87 13.310546875
88 12.623046875
89 13.189453125
90 13.90234375
91 13.806640625
92 14.044921875
93 13.587890625
94 14.255859375
95 13.69140625
