7 0.234375
8 7.953125
9 7.970703125
10 6.755859375
11 6.681640625
12 6.857421875
13 7.05078125
14 7.419921875
15 7.63671875
16 7.458984375
17 7.560546875
18 7.646484375
19 7.72265625
20 8.3203125
21 8.15625
22 8.919921875
23 8.904296875
24 8.080078125
25 8.044921875
26 8.01171875
27 7.83984375
28 8.126953125
29 8.185546875
30 8.263671875
31 8.03125
32 8.228515625
33 8.298828125
34 9.609375
35 8.833984375
36 7.505859375
37 7.265625
38 7.193359375
39 7.3046875
40 7.1171875
41 7.037109375
42 7.119140625
43 7.58984375
44 7.68359375
45 8.53125
46 11.095703125
47 12.2578125
48 11.3828125
49 10.47265625
50 10.244140625
51 10.1171875
52 10.193359375
53 10.24609375
54 11.08203125
55 11.560546875
56 11.8828125
57 12.146484375
58 14.470703125
59 16.287109375
60 13.3828125
61 11.255859375
62 9.830078125
63 8.48046875
64 7.322265625
65 6.806640625
66 6.302734375
67 5.603515625
68 5.140625
69 4.96484375
70 5.01171875
71 5.095703125
72 4.869140625
73 4.88671875
74 5.037109375
75 5.181640625
76 5.685546875
77 6.357421875
78 7.046875
79 7.822265625
80 8.71484375
81 10.615234375
82 12.142578125
83 13.90625
84 13.830078125
85 13.49609375
86 13.7734375
87 13.96484375
88 13.71875
89 13.228515625
90 13.044921875
91 10.80859375
92 10.458984375
93 9.615234375
94 9.345703125
95 9.169921875
