7 0.234375
8 13.365234375
9 12.580078125
10 13.0859375
11 13.8515625
12 13.982421875
13 14.85546875
14 14.82421875
15 15.14453125
16 14.826171875
17 14.76171875
18 13.90234375
19 15.234375
20 14.091796875
21 12.677734375
22 11.55859375
23 10.90234375
24 10.265625
25 9.916015625
26 9.662109375
27 9.4609375
28 9.068359375
29 8.9296875
30 9.03125
31 8.546875
32 8.6015625
33 8.861328125
34 9.2734375
35 9.392578125
36 9.517578125
37 9.375
38 9.361328125
39 9.88671875
40 9.953125
41 12.328125
42 13.220703125
43 12.78515625
44 12.431640625
45 12.0234375
46 11.66015625
47 11.740234375
48 11.576171875
49 11.462890625
50 12.041015625
51 11.685546875
52 11.60546875
53 11.48828125
54 11.865234375
55 12.224609375
56 12.2265625
57 12.103515625
58 12.23828125
59 12.609375
60 10.453125
61 9.51171875
62 8.51953125
63 7.91015625
64 7.291015625
65 6.97265625
66 6.44921875
67 5.900390625
68 5.697265625
69 5.193359375
70 4.8125
71 4.66796875
72 4.77734375
73 4.66015625
74 4.68359375
75 4.8359375
76 4.802734375
77 5.408203125
78 5.658203125
79 5.87109375
80 6.96875
81 7.767578125
82 8.34375
83 9.36328125
84 10.94921875
85 12.16015625
86 13.177734375
87 13.6328125
88 13.48046875
89 13.8671875
90 13.103515625
91 10.91015625
92 10.35546875
93 9.677734375
94 9.2734375
95 9.10546875
