1 0.234375
2 13.759765625
3 13.681640625
4 13.798828125
5 13.7109375
6 14.248046875
7 14.525390625
8 14.896484375
9 15.0859375
10 14.955078125
11 15.177734375
12 15.314453125
13 14.669921875
14 14.845703125
15 13.970703125
16 12.626953125
17 11.548828125
18 10.82421875
19 10.154296875
20 10.240234375
21 10.029296875
22 9.490234375
23 9.580078125
24 9.181640625
25 9.486328125
26 8.21875
27 8.107421875
28 8.24609375
29 8.896484375
30 8.615234375
31 8.931640625
32 9.626953125
33 10.029296875
34 10.25390625
35 10.34765625
36 12.544921875
37 14.119140625
38 12.953125
39 12.25
40 11.818359375
41 11.943359375
42 11.921875
43 11.94140625
44 11.935546875
45 12.2265625
46 11.529296875
47 11.39453125
48 11.78125
49 12.052734375
50 12.3359375
51 11.919921875
52 12.42578125
53 12.201171875
54 12.08203125
55 10.009765625
56 8.4375
57 7.52734375
58 7.517578125
59 7.5859375
60 7.734375
61 7.794921875
62 7.5859375
63 7.8515625
64 7.814453125
65 9.09375
66 11.029296875
67 11.599609375
68 10.27734375
69 9.4296875
70 8.150390625
71 7.546875
72 6.59375
73 6.03515625
74 5.34765625
75 5.0078125
76 4.845703125
77 4.673828125
78 4.677734375
79 4.59375
80 4.654296875
81 4.701171875
82 4.865234375
83 5.046875
84 5.396484375
85 6.1875
86 6.572265625
87 7.548828125
88 7.787109375
89 7.587890625
90 7.814453125
91 8.5390625
92 9.2421875
93 8.994140625
94 8.775390625
95 8.70703125
