7 0.234375
8 6.2734375
9 5.96875
10 5.91015625
11 5.91015625
12 6.20703125
13 6.146484375
14 5.9375
15 5.98046875
16 5.7265625
17 5.8359375
18 6.265625
19 5.998046875
20 6.029296875
21 5.4765625
22 5.548828125
23 5.73828125
24 5.650390625
25 5.7109375
26 5.88671875
27 5.4765625
28 5.78515625
29 5.548828125
30 5.15625
31 4.92578125
32 4.880859375
33 5.01171875
34 5.052734375
35 5.271484375
36 5.05078125
37 5.265625
38 5.208984375
39 4.81640625
40 5.703125
41 6.6875
42 6.755859375
43 6.484375
44 6.880859375
45 6.857421875
46 6.681640625
47 6.71875
48 6.65234375
49 6.77734375
50 7.15234375
51 7.00390625
52 7.533203125
53 7.712890625
54 7.69921875
55 7.546875
56 7.279296875
57 7.578125
58 7.53125
59 6.71875
60 5.86328125
61 5.685546875
62 5.693359375
63 5.974609375
64 6.4375
65 6.37109375
66 7.400390625
67 8.052734375
68 8.806640625
69 9.404296875
70 12.33203125
71 12.474609375
72 11.255859375
73 10.802734375
74 10.884765625
75 10.26171875
76 10.060546875
77 9.279296875
78 8.978515625
79 8.5859375
80 8.998046875
81 8.21484375
82 8.232421875
83 8.4921875
84 8.728515625
85 8.783203125
86 8.974609375
87 9.60546875
88 10.046875
89 10.333984375
90 10.458984375
91 13.654296875
92 14.173828125
93 12.955078125
94 12.1015625
95 11.65625
