2.0 20.089
3.0 23.6955
4.0 24.8595
5.0 21.57
6.0 23.1645
7.0 24.2365
8.0 23.2025
9.0 24.4265
10.0 10.8275
11.0 10.8275
12.0 9.716
13.0 17.0385
14.0 10.464
15.0 16.572
16.0 15.223
17.0 17.1025
18.0 15.1725
19.0 17.8745
20.0 18.758
21.0 3.364
22.0 3.364
23.0 21.641
24.0 20.044
25.0 20.6125
26.0 22.8605
27.0 22.5305
28.0 21.9005
29.0 21.506
30.0 20.632
31.0 20.147
32.0 15.305
33.0 15.305
34.0 11.2925
35.0 17.029
36.0 21.516
37.0 19.274
38.0 20.779
39.0 23.676
40.0 19.1035
41.0 15.9205
42.0 19.432
43.0 15.3275
44.0 15.3275
45.0 20.5465
46.0 20.17
47.0 20.051
48.0 17.681
49.0 19.6325
50.0 2.299
51.0 8.022
52.0 4.322
53.0 5.2115
54.0 4.9905
55.0 17.951
56.0 23.365
57.0 24.2885
58.0 33.413
59.0 25.1235
60.0 31.604
61.0 3.765
62.0 7.7995
63.0 5.959
64.0 7.6615
65.0 7.8975
66.0 8.6455
67.0 7.118
68.0 7.732
69.0 6.6455
70.0 5.9345
71.0 4.819
72.0 4.3945
73.0 7.7745
74.0 6.942
75.0 6.96
76.0 7.23
77.0 8.0685
78.0 20.927
79.0 21.6015
80.0 15.3715
81.0 32.462
82.0 20.658
83.0 6.311
84.0 5.6525
85.0 6.158
86.0 18.4765
87.0 16.1745
88.0 15.1485
89.0 16.475
90.0 20.4475
91.0 16.6535
92.0 9.5935
93.0 3.9315
94.0 6.994
95.0 6.5615
96.0 5.5755
97.0 4.7285
98.0 6.016
99.0 6.244
100.0 9.2115
101.0 20.089
102.0 23.6955
103.0 24.8595
104.0 21.57
105.0 23.1645
106.0 24.2365
107.0 23.2025
108.0 24.4265
109.0 10.8275
110.0 10.8275
111.0 9.716
112.0 17.0385
113.0 10.464
114.0 16.572
115.0 15.223
116.0 17.1025
117.0 15.1725
118.0 17.8745
119.0 18.758
120.0 3.364
121.0 3.364
122.0 21.641
123.0 20.044
124.0 20.6125
125.0 22.8605
126.0 22.5305
127.0 21.9005
128.0 21.506
129.0 20.632
130.0 20.147
131.0 15.305
132.0 15.305
133.0 11.2925
134.0 17.029
135.0 21.516
136.0 19.274
137.0 20.779
138.0 23.676
139.0 19.1035
140.0 15.9205
141.0 19.432
142.0 15.3275
143.0 15.3275
144.0 20.5465
145.0 20.17
146.0 20.051
147.0 17.681
148.0 19.6325
149.0 2.299
150.0 8.022
151.0 4.322
152.0 5.2115
153.0 4.9905
154.0 17.951
155.0 23.365
156.0 24.2885
157.0 33.413
158.0 25.1235
159.0 31.604
160.0 3.765
161.0 7.7995
162.0 5.959
163.0 7.6615
164.0 7.8975
165.0 8.6455
166.0 7.118
167.0 7.732
168.0 6.6455
169.0 5.9345
170.0 4.819
171.0 4.3945
172.0 7.7745
173.0 6.942
174.0 6.96
175.0 7.23
176.0 8.0685
177.0 20.927
178.0 21.6015
179.0 15.3715
180.0 32.462
181.0 20.658
182.0 6.311
183.0 5.6525
184.0 6.158
185.0 18.4765
