2.0 4.654
3.0 4.192
4.0 25.552
5.0 29.032
6.0 35.7475
7.0 31.5705
8.0 34.6875
9.0 30.2755
10.0 34.256
11.0 28.834
12.0 25.565
13.0 10.3115
14.0 10.3115
15.0 5.8885
16.0 18.7235
17.0 26.001
18.0 26.3975
19.0 21.648
20.0 17.9685
21.0 15.758
22.0 20.339
23.0 18.574
24.0 21.36
25.0 12.91
26.0 12.91
27.0 4.806
28.0 22.65
29.0 24.32
30.0 21.5335
31.0 17.848
32.0 16.5765
33.0 19.8765
34.0 21.2375
35.0 19.571
36.0 14.8755
37.0 19.397
38.0 9.892
39.0 9.892
40.0 7.7695
41.0 19.2845
42.0 19.959
43.0 17.9865
44.0 15.3155
45.0 16.878
46.0 15.3465
47.0 17.817
48.0 19.4925
49.0 19.541
50.0 19.2235
51.0 11.6535
52.0 11.6535
53.0 6.5965
54.0 11.189
55.0 14.008
56.0 13.884
57.0 14.13
58.0 9.999
59.0 14.5805
60.0 16.87
61.0 14.0345
62.0 14.0555
63.0 12.593
64.0 5.0
65.0 11.1545
66.0 13.4125
67.0 14.16
68.0 15.664
69.0 13.5875
70.0 20.2465
71.0 13.0595
72.0 15.5585
73.0 17.1525
74.0 12.0905
75.0 5.406
76.0 5.406
77.0 3.597
78.0 7.7895
79.0 15.0015
80.0 14.804
81.0 22.4585
82.0 24.101
83.0 18.043
84.0 18.327
85.0 22.5285
86.0 21.7855
87.0 23.079
88.0 4.976
89.0 8.6105
90.0 8.2365
91.0 12.064
92.0 31.7255
93.0 31.763
94.0 37.0075
95.0 39.119
96.0 38.412
97.0 30.722
98.0 36.0395
99.0 9.197
100.0 4.654
101.0 4.654
102.0 4.192
103.0 25.552
104.0 29.032
105.0 35.7475
106.0 31.5705
107.0 34.6875
108.0 30.2755
109.0 34.256
110.0 28.834
111.0 25.565
112.0 10.3115
113.0 10.3115
114.0 5.8885
115.0 18.7235
116.0 26.001
117.0 26.3975
118.0 21.648
119.0 17.9685
120.0 15.758
121.0 20.339
122.0 18.574
123.0 21.36
124.0 12.91
125.0 12.91
126.0 4.806
127.0 22.65
128.0 24.32
129.0 21.5335
130.0 17.848
131.0 16.5765
132.0 19.8765
133.0 21.2375
134.0 19.571
135.0 14.8755
136.0 19.397
137.0 9.892
138.0 9.892
139.0 7.7695
140.0 19.2845
141.0 19.959
142.0 17.9865
143.0 15.3155
144.0 16.878
145.0 15.3465
146.0 17.817
147.0 19.4925
148.0 19.541
149.0 19.2235
150.0 11.6535
151.0 11.6535
152.0 6.5965
153.0 11.189
154.0 14.008
155.0 13.884
156.0 14.13
157.0 9.999
158.0 14.5805
159.0 16.87
160.0 14.0345
161.0 14.0555
162.0 12.593
163.0 5.0
164.0 11.1545
165.0 13.4125
166.0 14.16
167.0 15.664
168.0 13.5875
169.0 20.2465
170.0 13.0595
171.0 15.5585
172.0 17.1525
173.0 12.0905
174.0 5.406
175.0 5.406
176.0 3.597
177.0 7.7895
178.0 15.0015
179.0 14.804
180.0 22.4585
181.0 24.101
182.0 18.043
