7 0
8 -0.46937408363490574
9 -0.5124048722561445
10 -0.41727680873844364
11 0.6917390345247211
12 -0.3968059783663773
13 -0.4263886564347121
14 0.5751259302672742
15 -0.8305332348510486
16 -0.6656664614184805
17 0.46217217573255653
18 -0.49472631286
19 0.15823398775050126
20 1.0090277936102643
21 -0.03494928846449357
22 0.26972984177998116
23 -0.3654220287433459
24 0.8611807517617693
25 -0.19671673271508275
26 -0.05560648932619103
27 -0.4433165726344862
28 -0.2133378330405925
29 -0.08176451797552771
30 1.610629658813959
31 2.248633675915794
32 1.549315061449188
33 1.3620114170571227
34 -0.5357186756195539
35 -0.7261453876352184
36 -0.7309555850370899
37 -0.8594953175272354
38 -0.13526431210316223
39 -0.3232945363190525
40 -0.673552520109311
41 0.4455861872327322
42 1.006148680959835
43 1.685054844790918
44 -0.2978545177563214
45 -0.35704379046781054
46 1.2874850271410359
47 1.4310184314517955
48 0.8791809559233983
49 1.5592386274155516
50 2.6548641114697955
51 0.4542141909730746
52 -1.0007413299017258
53 -0.8458867212032888
54 0.78922975097904
55 0.3407640018847951
56 1.9947204680498924
57 1.5890592261400784
58 2.144835885355851
59 1.4465320097533083
60 1.682295771979742
61 1.9430223934003157
62 2.3860882107194255
63 2.6128573997675404
64 3.536045820233799
65 2.5333885157459166
66 2.698430929410814
67 0.23800395348826256
68 -0.19800531900675558
69 0.46550984519848215
70 0.3310205147906252
71 -0.9385707980855373
72 -0.5125911776824836
73 0.017474096264187954
74 -0.3918280182930728
75 -0.9571381870648985
76 -1.0652511330900982
77 -1.1489740216120428
78 0.21916213248993313
79 1.8640209711041644
80 3.220393421484456
81 3.028325569460041
82 3.323282913582292
83 3.3203124240458983
84 2.941154413146553
85 2.5166825011601572
86 2.3919855553818055
87 2.589498651766382
88 3.0337700963162586
89 2.9374607253208693
90 2.696770426453222
91 3.0259434657971456
92 3.257352997452226
93 3.4437024652008636
94 2.230780992424865
95 -0.3820450566942802
