15 0
16 -0.43537995482216607
17 -0.4394698708864027
18 3.0774955362119267
19 -0.46787214944240285
20 -0.49506199366362985
21 0.4254654298587613
22 2.9183183684301315
23 2.8907755924180636
24 2.801825755857178
25 -0.5928631763227648
26 -0.4105337931613222
27 -0.38856635982387927
28 -0.622585350547379
29 -0.6199310157048626
30 -0.6056669741143494
31 -0.6417306936993695
32 0.7462796731610141
33 2.459231280585661
34 -0.4438247522634541
35 -0.40814669609109316
36 -0.589424064964891
37 -0.5332386212748648
38 -0.42655099788626727
39 -0.6036176240160372
40 -0.44058551724116185
41 2.8415610443921433
42 2.7113920971139214
43 2.4300995408003807
44 -0.5848644778020916
45 -0.6189399335297209
46 1.175283129367142
47 -0.466008215415998
48 -0.4367654015478173
49 -0.39621338663852285
50 -0.6203148227251604
51 2.2140418342840973
52 1.230348325622411
53 -0.5299114232439608
54 -0.6216898507729401
55 -0.4202565864407671
56 0.7534689112732845
57 0.2596722326209962
58 -0.5704931249134084
59 -0.4988335242710227
60 -0.4549150636621438
61 0.7292428981656502
62 0.7174887570428171
63 -0.418330144377797
64 -0.39920289476281384
65 0.32805632943623647
66 -0.4636440530842544
67 -0.6247347117738717
68 -0.5841151344578086
69 -0.4961882927306886
70 -0.46013418652093435
71 -0.45908633160116585
72 -0.4136240635293457
73 -0.25634174259450426
74 -0.4038776107008546
75 0.4043631214419587
76 2.56014965057817
77 1.8817296561558055
78 -0.45114902743556695
79 -0.6191126686338245
80 0.0750585938808908
81 2.691059566226144
82 1.601358601095066
83 1.5573950025734493
84 -0.6274554574128323
85 2.939765040820674
86 2.954142636079804
87 2.886967916397921
88 0.10523869618238411
89 -0.41288927985160384
90 -0.42255604096832217
91 0.3065827933491734
92 1.3456366766812011
93 -0.31504293763882685
94 -0.41087001583807636
95 -0.4407098039701877
