2 0
3 -0.5441222393117128
4 1.0655257083941538
5 1.9385356275969616
6 1.8434176658034167
7 2.528968226058762
8 -0.12407733747998105
9 1.3261371092715313
10 1.510383350659003
11 0.3887561712923941
12 -0.08154947727872852
13 0.6744903291628487
14 -0.7956287426860607
15 -0.8695019515995781
16 0.026336098958760844
17 2.056496328268114
18 1.5225615625426443
19 -0.09832927445654241
20 0.417702869636291
21 0.7829012147699393
22 0.31724549636217525
23 -0.701369167594044
24 -0.7642431016293993
25 -0.7531724577367014
26 -0.16071341587641608
27 -0.3615462972580586
28 -0.18065901496872752
29 0.9483754180140348
30 1.4311821057272394
31 -0.11159423726780063
32 -0.660200587009022
33 -0.2548468589318896
34 0.7623161899248181
35 2.168484552417667
36 1.9270414439667132
37 1.6473025962687082
38 0.49115466915705497
39 -0.3756489202799678
40 -0.3603428418736084
41 0.046890989878014384
42 -0.13744856867633753
43 -0.06312061864670875
44 -0.5502791201754716
45 -0.4482285465694232
46 0.12754666346893423
47 1.169262391817742
48 1.133327524524074
49 1.1177269208628722
50 1.0942454330262381
51 1.0170802973578232
52 0.9302774738390606
53 0.7765744444525069
54 1.9146767091432257
55 1.6822331799280854
56 1.8104163804768856
57 2.614290435760966
58 2.621910018848684
59 2.2216485164605233
60 1.3238322244203682
61 1.1373367083562074
62 0.41142615416441125
63 -0.3866469188907324
64 -0.44589574512792624
65 -0.6503149944957349
66 -0.3321018356144052
67 -0.35016892135519606
68 -0.6414503828026678
69 -0.6958095791954437
70 -0.6318595296605897
71 1.0640971138939672
72 1.351805897860331
73 2.1502854752571223
74 0.9273712474929525
75 -0.10388878090372701
76 -0.3345837403168457
77 -0.050163499630875276
78 0.4489340904659326
79 2.22782740999445
80 2.84910295100035
81 2.880399669398583
82 2.960253078796118
83 3.1125481329878575
84 3.2779431702424358
85 3.2397552453423826
86 3.1912156439528108
87 3.249056190310162
88 3.3500728611452115
89 3.203332888212572
90 3.28516360535622
91 3.20394113129146
92 3.1776826812705576
93 3.4457064439565976
94 2.7965556176588064
95 2.8567781910851453
