2 0
3 -0.49573918119864147
4 -0.5399332920213092
5 -0.42981845661411455
6 2.4101134424720434
7 1.347989373055728
8 0.11046258953274041
9 0.3433596297224277
10 -0.7108100022629817
11 -0.5134864166838394
12 -0.03504992118877753
13 -0.10441553691048916
14 0.2648063030112308
15 -0.6709719060919049
16 -0.39334021882861675
17 -0.5903075516828352
18 -0.8475025235272782
19 -0.6671829914385776
20 -0.5463751915530386
21 -0.7893116545166049
22 -0.7912143139909223
23 -0.5832236642784
24 -0.5758364470387294
25 -0.520980768007921
26 -0.14927468468125216
27 0.41728216864653717
28 0.551862979395182
29 0.41306727615820166
30 0.030572108733179112
31 0.3540965587367014
32 1.3360140842853514
33 0.689613584059752
34 0.7054214026169273
35 0.6569347703305453
36 0.5217381983357163
37 0.26163909954600933
38 0.7957085439402856
39 3.2634349976718475
40 2.9783737220066815
41 2.4514199351506294
42 2.236039222460614
43 2.196100337353331
44 2.842197302075344
45 2.771969831001946
46 1.8223678191346733
47 0.43772400080652707
48 1.0822555232530027
49 0.39836100308879197
50 -0.34043119525282106
51 -0.402836175497703
52 -0.5754975599265051
53 -0.10487888383236031
54 -0.1081972075248841
55 0.35890800339070966
56 1.1082501350157268
57 1.730204290668026
58 1.6973728978624048
59 1.981447865173897
60 2.275204154385064
61 2.577561611106905
62 3.0402027570161847
63 3.653714749161584
64 2.1601051401012876
65 0.7054135668692232
66 0.37075318459458595
67 0.5315439349104658
68 1.5712256128759021
69 2.583074198155227
70 1.7378266233009108
71 1.9542145648939422
72 1.690517867310267
73 1.5583652435854367
74 0.6847324371609085
75 0.26690556403817234
76 -0.5310066346948712
77 -0.1302149048730206
78 -0.0008396794916395756
79 3.287612399127403
80 3.0991170977596996
81 2.8565512445326213
82 2.1173210692774442
83 2.158643393271966
84 0.4052939671607615
85 1.3614925322266043
86 1.364426243990949
87 1.3467785610028158
88 1.5326277140355864
89 2.0373659786654614
90 3.1681271412909293
91 3.2078086929518213
92 3.1984133672824857
93 3.4665016182312365
94 1.6154620153734416
95 0.7688549243229953
