11 0
12 0.40143114324310053
13 3.135210872131408
14 -0.42284586187456086
15 -0.4882002722917057
16 0.1790760804378715
17 -0.6189948588464266
18 0.9722540588792519
19 -0.45236974287859083
20 -0.3858125900127405
21 -0.39404073394495254
22 -0.6252586335398872
23 0.28502220725808775
24 -0.5668261993985027
25 -0.5538132935790211
26 -0.397314837095015
27 -0.1878651716418203
28 -0.41660442801380654
29 0.6636974324180798
30 1.6512004405993597
31 2.721638165481918
32 2.4014895785682993
33 1.7907789435438122
34 -0.6271879397610894
35 -0.6194736154585465
36 -0.5693927980562196
37 -0.5451402817940595
38 2.0570741805724158
39 0.8144659617853143
40 -0.6085858341859718
41 -0.43212462090806275
42 -0.6191071224797735
43 -0.6129809646615141
44 -0.6052113756592549
45 2.190983897993566
46 -0.6249158710581859
47 1.7714035503466992
48 -0.6201951485683757
49 -0.6065721590773898
50 3.075431707992648
51 0.4757866425881269
52 2.2617142738882707
53 -0.6030659074009571
54 2.5576326775005636
55 -0.41359293804415986
56 -0.619747926308804
57 -0.40172935855942904
58 -0.43226345167782315
59 -0.4413571465910791
60 -0.40733319143776936
61 -0.6233062239584976
62 -0.4173023614787765
63 -0.6258745113141831
64 -0.39506465704173466
65 2.848119962943203
66 2.94061826288941
67 -0.4313217344292631
68 -0.5573249253802854
69 0.6683502746326349
70 -0.5449649625960638
71 -0.39054854555578344
72 -0.3825392085612825
73 -0.5548304146499635
74 -0.6232901185906397
75 -0.6124008574609238
76 -0.6224432827063557
77 -0.5370001559968355
78 -0.6192740478888618
79 -0.6191374408150189
80 2.7972069357962512
81 0.7332755610817331
82 1.3433764493211169
83 -0.6188536553587949
84 2.475342835251722
85 -0.38505873508526883
86 2.554035382716868
87 -0.4080510762895625
88 -0.380498582544525
89 -0.41561736890332723
90 2.957187836872569
91 3.228875930765097
92 3.24265042071712
93 3.426217354673439
94 2.8714666599127776
95 2.8652638055351587
