15 0
16 -0.6235461035694161
17 -0.6235445984282965
18 -0.5462027783535252
19 -0.27412619076554223
20 -0.4579694036086275
21 -0.5913597925832416
22 2.913633761399747
23 -0.42999908986919666
24 -0.3486928365357022
25 -0.6019923030088439
26 -0.560511272010815
27 -0.43054552921939865
28 1.7371081777457777
29 -0.4573567910132505
30 0.9633512015246956
31 -0.1868739992743652
32 1.32277428153985
33 -0.42980922559702905
34 -0.6204119154424114
35 -0.6214414929912997
36 -0.59250956880854
37 -0.5682996327105625
38 -0.6014031380799963
39 -0.43158118001734863
40 -0.45674242134058296
41 -0.623309957974902
42 -0.4776652350646583
43 -0.43317036867657344
44 -0.3201434470201875
45 -0.4363091270109642
46 2.7079904637743395
47 -0.4007392336638664
48 -0.6028702763907612
49 -0.6254779227970522
50 -0.623834583663871
51 -0.6131835748418165
52 -0.6251681000454455
53 -0.5779843852062643
54 1.6570132371136441
55 3.1242718123745226
56 0.1630883691218126
57 -0.445462877090699
58 -0.39842346204810125
59 -0.6229757793303327
60 -0.4565655706251506
61 0.3303138775190125
62 -0.5103760663308183
63 -0.44754215406687997
64 0.6497284762916196
65 2.7664433356792415
66 2.8396173649011893
67 2.7377973880862476
68 0.15471066761583496
69 -0.564268208425773
70 -0.6218126637668617
71 -0.6239119709724709
72 0.12945672389479188
73 -0.38984738222185444
74 -0.437611061157104
75 1.406978975118995
76 -0.27027468272525285
77 -0.4153947031705112
78 -0.6247115357431388
79 -0.6188383416224732
80 -0.47019806086552884
81 1.142922850891683
82 -0.6195468151879303
83 -0.22237409149240073
84 -0.43085577044951223
85 -0.4436333797208829
86 -0.41881916794297497
87 -0.4538804203658742
88 -0.4405319027768099
89 2.9290422170039623
90 -0.41578250000193784
91 -0.5984233900001666
92 2.895664072507768
93 2.876409805309038
94 2.916097616878635
95 2.9026667446304195
