2 0
3 2.276346327814666
4 0.5770984350869539
5 -0.39112888788003064
6 -0.6188435083280552
7 -0.8079238974433152
8 0.21305313952915722
9 0.17365713091008797
10 -0.5224016371871052
11 -0.4994788527928056
12 0.26531205737323194
13 -0.07539815653219648
14 0.11616681504603839
15 1.79310538991284
16 1.3841911813096077
17 0.20832082121066475
18 0.6464333128905035
19 0.10087960384942445
20 -0.3290910059864495
21 -0.3738173133376306
22 -0.607535137455011
23 -0.10854309405073495
24 -0.7011872222682157
25 -0.04695923995685422
26 1.6849886468419768
27 2.8455205553771377
28 3.1218525354282964
29 2.320197973755694
30 2.504851912164702
31 0.126317487475139
32 -0.25326855678134647
33 -0.617980423192758
34 -0.5310094887694885
35 -0.30276262950450294
36 0.4625411472974063
37 1.1635316068403352
38 1.45971794118503
39 1.994703353651935
40 1.6448901652790744
41 1.0672026936574364
42 0.39248506283593687
43 0.6815166691145794
44 1.6128163333378611
45 1.4456263071707973
46 0.5925104489043018
47 0.5970855819683137
48 0.932180682157311
49 2.073810498233998
50 2.846411340051985
51 3.0139105344356523
52 2.5065807572079404
53 1.9371045838154632
54 0.3772562838658729
55 -0.2312232294210461
56 1.360813636829213
57 2.5917378972179517
58 2.8931043330748833
59 2.3091204280049125
60 -0.3857078885451063
61 0.7737590529453711
62 1.0676198621961384
63 1.1083331284421216
64 2.4679519195046153
65 2.3043184225842377
66 1.8459817993944654
67 2.136873725253331
68 0.9781024562507702
69 -0.693305038501535
70 -0.5783778235912932
71 0.058479318920008634
72 0.9198338801907181
73 1.8444476839934771
74 2.75076073528169
75 2.486281339111571
76 -0.6067233224513316
77 -0.7663270153286177
78 -0.9849535307425493
79 -0.4961608434058661
80 2.560594408663979
81 2.891277578386179
82 1.2062743588329525
83 1.5421535918685296
84 1.0092381898069254
85 1.9235849391260718
86 2.8698653695687493
87 3.445709033648847
88 3.295463453921217
89 2.935279886847466
90 1.654253180613995
91 -0.41047642280464813
92 2.5370612028493316
93 3.1774782041911234
94 0.05278214133690085
95 -0.620363168715469
