7 0
8 -0.582886707934423
9 0.599065069443988
10 -0.45672090477949595
11 -0.605852605189922
12 -0.6286952476070079
13 0.41318929061092724
14 -0.21689982408845782
15 1.1613909181386162
16 0.7216604286327327
17 0.09001195094526153
18 -0.4834944123152075
19 -0.6809841450784657
20 -0.3238383035367194
21 -0.6907977067883376
22 -0.6741478448717253
23 -0.5198332072824268
24 -0.5515952444053248
25 0.6612629239521152
26 1.9206806044307227
27 2.0970038116704455
28 2.621001657892531
29 2.157531353962842
30 3.0782247344564153
31 1.606833921731825
32 -0.412127786663483
33 -0.5894138999397934
34 -0.6297964939372863
35 0.3290690993926832
36 0.5847217829129434
37 0.8647624317220212
38 -0.053335979581983176
39 0.70830290663509
40 1.3525468590313081
41 0.5219161078520717
42 1.8761883645313917
43 2.1353509484092825
44 2.5633201963827705
45 2.546039704147284
46 2.512648750691026
47 2.706932513319258
48 2.012103143787343
49 2.6278467325990302
50 2.440859489547137
51 0.4526569535769741
52 1.8227723696310172
53 1.2464158337296234
54 0.698109852293555
55 1.0306556258622606
56 2.4083177340063524
57 2.1754866347719055
58 2.009349853856775
59 2.6001552303059934
60 2.4605735689938397
61 0.4870816340758465
62 1.1773542988870218
63 0.8771622778931801
64 1.855267110095363
65 0.744743020635091
66 -0.8323621493763446
67 -0.38527391028383545
68 1.6556815512096528
69 2.0289003831572927
70 2.5412397604038097
71 1.0447648789124013
72 0.5125786922919946
73 0.535236944008701
74 0.2883041709378677
75 0.3808116394278751
76 0.8433705666727788
77 0.6559843355008684
78 0.680537116072783
79 2.825334218019862
80 3.1506797615872877
81 3.139629233727091
82 3.3399488556876418
83 2.80506813690923
84 2.2656770422298034
85 2.615401917966741
86 2.1391708037653085
87 2.5856137088736917
88 2.9512050496036255
89 3.1686870598556798
90 3.209732363880026
91 3.13831174400886
92 3.2282613885921747
93 3.142621413574842
94 2.8378518116385756
95 -0.619077801276824
