7 0
8 -0.6150459437206459
9 -0.6212908008931517
10 -0.61898824527306
11 -0.6188705377874847
12 -0.6206447558635715
13 -0.5682512007928107
14 0.7340484331704706
15 -0.4233322590198317
16 -0.039377383986065925
17 -0.26948627131075714
18 -0.6452208335249228
19 -0.39391327198104453
20 0.6849606598591036
21 -0.6891173291743158
22 0.639324528562951
23 0.7036582364461317
24 0.7221330634998857
25 0.8447187196252838
26 -0.4172230282103683
27 -0.6084356687480376
28 0.1490737214393141
29 -0.23405047006430876
30 -0.42513362261891047
31 2.771269913046572
32 -0.03885822977734016
33 -0.6107192452699187
34 -0.6623130121051446
35 0.3288276288861151
36 1.6090763846808278
37 0.10255834097814334
38 -0.46322131803364913
39 1.6582714082371945
40 2.692060028008624
41 0.24863049245175206
42 -0.6708386152834074
43 -1.054359357232149
44 0.09475691809858
45 1.1539965513978903
46 1.1110609608652766
47 0.2187858416817798
48 0.37983745202048624
49 -0.27235367946230005
50 3.233430413108382
51 1.0879805895909058
52 0.1043257387419418
53 -0.7295392061472036
54 -0.30766622239312946
55 1.7160142349862253
56 0.8920568863478365
57 1.9438321735183763
58 -0.5677169097144033
59 1.3671639212321407
60 1.7157981370655944
61 0.9346931283070031
62 -0.57290916561389
63 0.6271185718721252
64 1.7196707153096153
65 2.555971986872064
66 0.5635202232108901
67 -0.747563613560468
68 -1.0227430135484483
69 -1.0534623433558759
70 -1.2327517852236098
71 -0.5949517395950533
72 -0.5043035525132197
73 0.3077265420467944
74 0.12304359833742552
75 -0.008395180756120838
76 0.83002974144772
77 0.5608907654466305
78 0.4591565200646562
79 1.0021027626154586
80 0.4088218170836166
81 1.3522972139206522
82 2.9434016657698137
83 2.6150106606059644
84 2.643498824228928
85 1.9308978424977792
86 2.2202705362874102
87 0.5471273437520454
88 -0.2285110825513771
89 -0.1386249901360561
90 -0.20275781274749832
91 3.1627379046275865
92 3.1738715500478234
93 1.9456645669474246
94 -0.619771166144884
95 2.208857561189572
