11 0
12 2.88857282775188
13 2.8549009842986934
14 2.5602845446279083
15 2.4591043845401597
16 2.925788972533727
17 2.9380067986516654
18 -0.39442302782874733
19 2.9080029251580144
20 1.8481529450454888
21 2.9535318007179
22 2.355629448694375
23 2.9075460272796274
24 2.9097149771257595
25 1.7199968473727063
26 -0.3808148313199659
27 -0.39891785711161815
28 -0.6135266313410894
29 -0.6216909170928229
30 -0.4374811521529833
31 2.9098202398326936
32 1.900055215284884
33 -0.37705558833114705
34 -0.38931960937637927
35 -0.46762042456132924
36 -0.6273750068204693
37 -0.5288709554510356
38 2.6585826629047062
39 2.9959489687151755
40 2.9339645321892607
41 2.8329740302701585
42 -0.3954963363388032
43 -0.582209017431081
44 -0.5442061726980992
45 -0.38809172718048834
46 -0.6049873038571472
47 -0.3978693098813131
48 1.2437144241785132
49 -0.526896323755857
50 -0.6254442954593611
51 -0.35135430357267394
52 0.31581628295990793
53 -0.401356052410455
54 -0.43196873214010767
55 2.83883450497933
56 2.8371571443275148
57 2.8358465216061863
58 2.760615386097518
59 -0.4000659003397834
60 2.6393377515709244
61 -0.38490349892175585
62 -0.42614252792196955
63 -0.4548034671495046
64 -0.43656471056176466
65 2.7460639458597744
66 2.813316867768992
67 -0.5670260656877487
68 2.6920660678288773
69 2.0005937036050896
70 -0.3941563430882083
71 2.5063305548899764
72 2.8391171891399036
73 1.4442932244008002
74 2.9066715164955896
75 2.850714999744797
76 2.3256138025549067
77 -0.2627177096178021
78 -0.5237543218447054
79 -0.38547805441097227
80 -0.6234410177273185
81 -0.4378436205181955
82 -0.42654576568367486
83 -0.5371813079554177
84 -0.008232941454789327
85 -0.5594140547392543
86 2.8315652609015256
87 0.6048607038076441
88 2.6781764823440826
89 3.245789523229514
90 3.413207122516399
91 2.705529846505919
92 2.8483157052382664
93 2.90466686759937
94 2.900789995783809
95 2.851675188982642
