2 0
3 -0.4249273705952564
4 -0.4368542178713156
5 -0.5863586554065437
6 -0.6161344579129582
7 -0.6089118134945629
8 -0.9189282892647817
9 -0.4095420739072236
10 0.1544790799469626
11 0.5025752249038162
12 2.0778307711380077
13 2.5337622844449172
14 -0.23212231242545264
15 -0.841639628391149
16 -0.15348497518172213
17 -0.6934344689999026
18 -0.44910488510245783
19 -0.7581814648626896
20 -0.6338276835286637
21 -0.7828533712389549
22 -0.7771059141586091
23 -0.4372104965809769
24 -0.6298819590320142
25 -0.654500435912054
26 -0.5672308052703803
27 0.43311071188916955
28 0.14439179935672258
29 -0.2549687311565212
30 0.6721594178977697
31 3.0676134662590853
32 2.228372712433755
33 2.2964864060329813
34 0.5786456076009389
35 -0.27710729257264793
36 1.8444702544690046
37 2.500159321504814
38 0.4769178327472966
39 0.4376570677244552
40 0.09930677977396593
41 -0.4145591584841312
42 -0.22466132127898963
43 -0.6096555112452148
44 -0.051225725441485306
45 0.017619825935891172
46 -0.3225161387880738
47 -0.813602422267393
48 0.8811840826112225
49 2.4460997277587584
50 2.7572018703453125
51 2.3680771796909257
52 2.1807561148691987
53 1.9385308229674048
54 2.3899442865706817
55 2.476199575309128
56 1.29763107241067
57 1.2166794775565466
58 0.5049640439607153
59 1.5695723411462819
60 1.9289140434084877
61 1.9754526060389994
62 0.7398047115144284
63 -0.32618640469685656
64 0.51120463799671
65 0.17209558509185519
66 -0.5332544814658794
67 -0.2386724678105759
68 -0.2155432325540641
69 -0.066696529309814
70 0.894967309741063
71 0.6605684770661189
72 0.3415654875367369
73 0.9371455858757642
74 1.4285197570287211
75 1.9635609365258433
76 0.6373929358877494
77 0.22467590773659674
78 0.394122646002493
79 0.7283837086798371
80 1.403753108624375
81 2.770555689756273
82 2.9110176304074504
83 1.3756251377199034
84 0.3629072876863818
85 0.5318160083502639
86 0.45350566593559954
87 0.6595200769311563
88 1.6018117090703237
89 2.596206217291542
90 3.2486986059652674
91 3.196904637884464
92 3.2096518283631927
93 3.3844595693185506
94 1.4281840238422836
95 -0.6125388404557668
