7 0
8 -0.5048755571160047
9 -0.5925101412992944
10 -0.6245408686299065
11 -0.6228884910595113
12 -0.6140789516259153
13 2.409083265192799
14 0.8715004815288273
15 -0.5262078962841988
16 0.8610524565604669
17 1.7116797582494814
18 1.410478897474061
19 1.5607584312821448
20 0.03154215209456887
21 0.5963768738679129
22 -0.13734697823293043
23 -0.8619074840147859
24 -0.7636696981081237
25 -0.12610086786337024
26 -0.025835072529724848
27 1.7648898278579204
28 1.9608272493763952
29 2.056417955374534
30 3.0455548990340042
31 3.155726570790287
32 2.262635791409256
33 1.5141412641705845
34 1.7177117005701457
35 1.9559374466941393
36 1.4815821783370353
37 0.8829156726818687
38 0.045957055828122095
39 -0.3321152030795315
40 0.4198990983740952
41 -0.1699951496677007
42 -0.4888642550512829
43 -0.14501063551077117
44 0.3130775590740592
45 -0.5682908028133017
46 1.4257038422798853
47 2.4292129807538765
48 1.7501136377136226
49 2.2478937011107942
50 2.398979958824253
51 1.3622392245889703
52 2.1773036358462474
53 3.3018371664752335
54 2.3957478887945434
55 1.5211451544515373
56 1.735502164723257
57 0.6857991894059146
58 1.5681173693404538
59 2.5488632228045747
60 3.0080434287157813
61 2.215271760881697
62 1.9628599088157401
63 -0.012586055253098149
64 2.006779488166628
65 2.5226756919533986
66 0.8605633041782588
67 0.35096713065101526
68 -0.4840541096988523
69 -0.21144572618090612
70 0.8388689144618389
71 2.567830170801539
72 2.1593461182404625
73 0.40957705648980053
74 1.3647069526333437
75 0.41428505354056255
76 1.4484352779360787
77 1.1954687623287927
78 1.7745969778136261
79 2.7466456983156866
80 1.8998828604350197
81 3.359579403407235
82 3.349670454290744
83 3.187543126919282
84 3.1605712983723317
85 2.8981556508331026
86 2.8986847603747012
87 3.137697986121367
88 2.777514852087037
89 2.4054403631790793
90 3.013791841725336
91 3.239796732420361
92 2.9274332408180443
93 1.8115219375318155
94 2.7085201489452935
95 2.849968208840701
