7 0
8 -0.002435621993317696
9 -0.38511014220992246
10 -0.38561973201402383
11 2.6976646879039414
12 1.3047715961234712
13 2.7139257700812127
14 0.44395629020179356
15 -0.5026318165995789
16 -0.24006431913073925
17 -0.33637740117768206
18 -0.6658937724014016
19 -0.4960156532483531
20 -0.49260514340590544
21 -0.7393046109227488
22 -0.6359500171412491
23 -0.6560247310628762
24 -0.6991586539333298
25 -0.5598535237287843
26 1.2399891717399185
27 2.9771458425119572
28 3.4907005796144235
29 2.967823703939372
30 3.3562238415727057
31 -0.40115840296618344
32 -0.5650898084406153
33 -0.4507898305702426
34 -0.5231470222553576
35 0.7066448771999759
36 1.8807705199066431
37 2.3300932217304835
38 2.866526963302888
39 2.925481112350755
40 3.11532930346756
41 2.91043284739996
42 2.423939150752831
43 3.038365018688868
44 2.655922846801125
45 2.671302543748914
46 2.7365709197403554
47 2.964863395212418
48 1.6343598765333036
49 2.491737122571911
50 3.196448079745329
51 2.865120640184855
52 1.4804688209178622
53 0.4596469670955616
54 0.46272753217172324
55 1.0862341242135352
56 2.4097053490878952
57 1.2312007790631623
58 1.6660480005365996
59 2.6692914607155376
60 3.172062294735925
61 1.5369682487194822
62 1.090422135308683
63 0.9041654398087737
64 1.3587633643000165
65 2.8306981050509425
66 2.2887380296532336
67 0.2940306446308038
68 -0.3960207698571715
69 -0.4836014654371066
70 -0.20761086790613825
71 -0.03464209264851148
72 -0.18923372947958308
73 -0.22474391073986927
74 0.45180511232557774
75 1.3191855259115357
76 0.8431094390426824
77 0.38550396195615194
78 1.1467840469605421
79 3.077753031027931
80 3.196952554030672
81 3.159016121159345
82 3.3452162125824647
83 2.909129818176701
84 2.1594157852133407
85 1.5386124655362423
86 1.584827466984496
87 1.8401358278157458
88 2.735578932108572
89 2.8413231757759583
90 3.245329429299089
91 3.206877772415811
92 3.2334521279888726
93 3.4389652731819296
94 2.841584266368209
95 2.879259443549505
