13 0.5241567857766517 0 1
14 0.3648617745461078 1 1
15 0.26948617495024446 2 1
16 0.27282475830639186 2 2
17 0.23069196687850085 2 2
18 0.2116799821139132 3 2
19 0.25594548357920843 3 2
20 0.18166695108844322 3 2
21 0.16905848273081328 3 2
22 0.1602011593413371 3 1
23 0.4809407937987287 3 2
24 0.6311225664315184 3 2
25 0.22511597824085994 3 1
26 0.25715376762685116 3 1
27 0.21446707892321437 3 1
28 0.1999577869853045 3 1
29 0.23649121714640864 3 2
30 0.29802993357183044 3 2
31 0.24852878051796268 3 1
32 0.6022004767519336 3 2
33 0.3096515600306131 3 2
34 0.3026358777116019 3 2
35 0.25840092958220634 3 1
36 0.20385945284048515 3 1
37 0.3492669094190027 3 2
38 0.4616917973946361 3 2
39 0.5362595778587974 3 2
40 0.5898168655362368 3 2
41 0.4040441219472992 3 2
42 0.3975360988782305 3 2
43 0.36968059645111545 3 2
44 0.5193655147417191 3 2
45 0.27824086594500086 3 2
46 0.10582498849784294 3 2
47 0.12486918425144776 3 2
48 0.06606773315366751 3 2
49 0.1768828058311507 3 1
50 0.36919917515213707 3 2
51 0.379223406790178 3 2
52 0.43141605038227265 3 2
53 0.3885628335833784 3 1
54 0.573273087873783 3 2
55 0.4849209471746805 3 2
56 0.6103508272962184 3 2
57 0.4100875729546835 3 1
58 0.4586276397175572 3 1
59 0.2570501922294031 3 2
60 0.13038585564548397 3 2
61 0.08789098900488893 3 2
62 0.11604462017911508 3 2
63 0.14161414014536045 3 2
64 0.2706052418970772 3 2
65 0.2682066946834097 3 2
66 0.26776251270722695 3 2
67 0.25749262174989007 3 2
68 0.2909187676235089 3 2
69 0.36742328847719724 3 1
70 0.41025114853330574 3 1
71 0.45025101276448803 3 2
72 0.4995400638539904 3 2
73 0.5507103461351078 2 2
74 0.6022321740057296 2 2
75 0.6150006797535654 2 2
76 0.6297123913384968 3 2
77 0.4089076038101078 3 2
78 0.2798887201394795 3 2
79 0.1448462844731273 3 2
80 0.15078853469306863 3 1
81 0.15207970686906744 3 1
82 0.22868445809173213 3 2
83 0.41709417439603036 3 2
84 0.39113317804940756 3 2
85 0.23329784054709535 3 1
86 0.24826760141425439 3 1
87 0.4627735182929745 3 2
88 0.48822768497844055 3 2
89 0.7233778126639543 3 2
90 0.3981735943403637 3 1
91 0.41987759543845005 3 1
92 0.6841801425544962 3 2
93 0.4504467421610601 3 1
94 0.45633358863280254 3 1
95 0.462745473361423 3 1
