8 0.352355423589626 0 1
9 0.15098517305899045 1 1
10 0.14565909398484655 2 1
11 0.11561683975327275 2 1
12 0.19029983128574599 2 2
13 0.15104717968791556 3 2
14 0.20670143252588818 3 2
15 0.23738545661243074 3 2
16 0.2849017319518623 3 2
17 0.2523569039482236 4 2
18 0.3641481142230623 4 2
19 0.3428452823876183 4 2
20 0.31964881102491743 4 2
21 0.35406790958213574 4 2
22 0.3742547766189985 4 2
23 0.3958139610058616 4 2
24 0.45956205167638847 4 2
25 0.4175681361738838 4 2
26 0.4410068105870306 4 2
27 0.4614576328550102 4 2
28 0.4226953338348364 4 2
29 0.3734947736112916 4 2
30 0.43371523064840617 4 2
31 0.25461871690480414 4 2
32 0.2094246210003424 4 2
33 0.20275254290195024 4 2
34 0.29486155885524423 4 2
35 0.30541122839116464 4 2
36 0.25317524961354987 4 2
37 0.373860543821475 4 2
38 0.4357629452383088 4 2
39 0.5865827976361301 4 2
40 0.6268974239471659 4 2
41 0.5113018961769593 4 2
42 0.27274371374227874 4 2
43 0.4757568309938466 4 2
44 0.47816171709317273 4 2
45 0.4977273666996056 4 2
46 0.5985954080697417 4 2
47 0.5705700600029984 4 2
48 0.35100503045842457 4 2
49 0.6053155982595697 4 2
50 0.6092549128207654 4 2
51 0.5061111396678334 4 2
52 0.4373273927381563 4 2
53 0.34742082128497276 4 2
54 0.23576761799825774 4 2
55 0.21512006305146114 4 2
56 0.24527167264715485 4 2
57 0.2826075539887655 4 2
58 0.34767098872342556 4 2
59 0.4078015143450595 4 2
60 0.5402693816387473 4 2
61 0.5378405691746014 4 2
62 0.3684385339868008 4 2
63 0.5308928207271271 4 2
64 0.39463383118946815 4 2
65 0.25035771556073905 4 2
66 0.16391064736638164 4 2
67 0.12012419548671281 4 2
68 0.09127696777387483 4 2
69 0.06553709771334694 4 2
70 0.1000874933001894 4 2
71 0.13674817242566759 4 2
72 0.18919230123038175 4 2
73 0.2463347364517554 4 2
74 0.24970592166473007 4 2
75 0.2566791512929939 4 2
76 0.25145017109380435 4 2
77 0.26442039738261086 4 2
78 0.3047309413898956 4 2
79 0.3329625382758409 4 2
80 0.42407882430148935 4 2
81 0.4982719905626725 3 2
82 0.4720149482862348 4 2
83 0.4727299784330804 4 2
84 0.4092096563343411 4 2
85 0.41409406337135063 4 2
86 0.44960389249113186 4 2
87 0.48771369967547773 4 2
88 0.5479731154837697 4 2
89 0.6049541667217792 4 2
90 0.6529056729037361 4 2
91 0.6394107269683437 4 2
92 0.6434482361158869 4 2
93 0.4061380166783827 4 1
94 0.410589780439461 4 1
95 0.4124280414431582 4 1
