13 0.5112433346013131 0 1
14 0.34786744908340106 1 1
15 0.24659922268790493 2 1
16 0.2712730351922287 2 2
17 0.3182957137390972 2 2
18 0.2717830057576374 3 2
19 0.24585113867268266 3 2
20 0.20491527501748327 3 2
21 0.16127032999647517 3 2
22 0.14515202107894756 3 1
23 0.5037809263630941 3 2
24 0.5691043815575924 3 2
25 0.24252561538883896 3 1
26 0.25886077293913773 3 1
27 0.2236243644236931 3 1
28 0.21981484731436837 3 1
29 0.2660183202860009 3 2
30 0.25177291458790574 3 2
31 0.2949167274902903 3 2
32 0.27299282364008043 3 2
33 0.38946762424385284 3 2
34 0.3437215391734268 3 2
35 0.38674348927887114 3 2
36 0.3209368901404521 3 2
37 0.24630368134848582 3 2
38 0.4160668175132951 3 2
39 0.3028030719319419 3 1
40 0.24329172356566295 3 1
41 0.20771942091848913 3 1
42 0.4251439637246773 3 2
43 0.42514605946493966 3 2
44 0.48415416186253046 3 2
45 0.21524620832773972 3 1
46 0.44396507590378176 3 2
47 0.539896250902728 3 2
48 0.6743535525466918 3 2
49 0.5084294764571518 3 2
50 0.5512859900881448 3 2
51 0.4789907095115797 3 2
52 0.5621251721714486 3 2
53 0.41856778455063964 3 1
54 0.39998383264050685 3 1
55 0.4393163687466936 3 2
56 0.332516579182776 3 2
57 0.23761654758809286 3 1
58 0.27638978605125464 3 2
59 0.13685284184809804 3 2
60 0.11546258535524027 3 2
61 0.21335344518650262 3 2
62 0.1462105798439424 3 2
63 0.31786429314114845 3 2
64 0.5090593677144952 3 2
65 0.3576073908505898 3 2
66 0.3312352186700032 3 2
67 0.4435250505529844 3 2
68 0.4843612903956162 3 2
69 0.39293496480045786 3 1
70 0.3564000394876828 3 1
71 0.10182362797601456 3 2
72 0.13784106109032174 3 2
73 0.12318739348229694 2 2
74 0.21621305434546376 2 2
75 0.29440999600347795 2 2
76 0.30467214714638907 3 2
77 0.18054467597382706 3 2
78 0.3717921038696682 3 2
79 0.1782421618168972 3 2
80 0.18095861127362498 3 1
81 0.18061534798109136 3 1
82 0.4305759208733074 3 2
83 0.5468677761898822 3 2
84 0.5900112168165188 3 2
85 0.3753370684192411 3 1
86 0.37808418423161005 3 1
87 0.5919125671807559 3 2
88 0.6380263805209255 3 2
89 0.734429891372099 3 2
90 0.6607177554143977 3 2
91 0.6410326351163694 3 2
92 0.7090655784831003 3 2
93 0.4767792249804315 3 1
94 0.48966309739144814 3 1
95 0.47259201635430825 3 1
