13 0.5438373125156494 0 1
14 0.3938372351708367 1 1
15 0.3685349437345386 2 1
16 0.36900572197696013 2 1
17 0.3869630080189706 3 2
18 0.36224365155013044 3 2
19 0.19537859367308155 3 1
20 0.20115698742442872 3 1
21 0.47683825406909147 3 2
22 0.24460523293779984 3 1
23 0.2634693452198478 3 1
24 0.2738752889236372 3 1
25 0.292051061889948 3 1
26 0.4658192033714094 3 2
27 0.4423364670841723 3 2
28 0.46746003742806364 3 2
29 0.19770644602633713 3 1
30 0.1595321404364432 3 2
31 0.2505507728930665 3 1
32 0.25341362886310514 3 1
33 0.2909967598193349 3 1
34 0.32043315493520924 3 2
35 0.28337503488206434 3 2
36 0.3755880671692895 3 2
37 0.2500739589788205 3 1
38 0.48821353435806714 3 2
39 0.35700718110490437 3 1
40 0.4025229355361125 3 1
41 0.3128092986579799 3 1
42 0.33541462471774797 3 1
43 0.45165550293738943 3 2
44 0.34512983884450354 3 2
45 0.1570658868900372 3 1
46 0.11909458833438456 3 1
47 0.11526747845046152 3 2
48 0.08594566424638264 3 2
49 0.16848641788746718 3 1
50 0.20110585156452807 3 1
51 0.4408181637026235 3 2
52 0.2627537086880992 3 2
53 0.2530065137436122 3 1
54 0.22821257074897644 3 1
55 0.25253698767122945 3 1
56 0.2775673997175235 3 1
57 0.21688515329604757 3 1
58 0.1973378161444234 3 1
59 0.19408001323235127 3 1
60 0.17172092978810735 3 2
61 0.2305412305596806 3 2
62 0.19300855246350707 3 1
63 0.2187381299233731 3 1
64 0.24977826205758197 3 1
65 0.28803064144634555 3 1
66 0.15383596585888892 3 2
67 0.12066685000320791 3 2
68 0.19745464727683829 3 2
69 0.16196449696510418 3 1
70 0.12070095976111735 3 2
71 0.30746393672176264 3 1
72 0.4598675651704013 3 2
73 0.4498196979578718 3 2
74 0.3792307472390896 3 2
75 0.2374492699313028 3 1
76 0.19962754153072051 3 1
77 0.24611905185165642 3 1
78 0.31678861247607953 3 1
79 0.28280430501812914 3 2
80 0.2840893203373899 3 1
81 0.4329677725668455 3 2
82 0.47511844226773803 3 2
83 0.3660277754223193 3 2
84 0.23004790285807913 3 2
85 0.22831013911213757 3 1
86 0.23744020123755216 3 1
87 0.323689014725488 3 1
88 0.4186022226244875 3 2
89 0.5011320483856192 3 2
90 0.23856261459088934 3 1
91 0.3240240126257738 3 2
92 0.5532147029764439 2 2
93 0.4675895792678131 2 1
94 0.4952814622120467 2 1
95 0.5387285413317157 1 1
