8 0.3651184141105976 0 1
9 0.4056507227942906 1 1
10 0.38892440076485724 2 1
11 0.472598582362765 2 1
12 0.5003203914463422 3 2
13 0.4278462672060545 4 2
14 0.20156737065901217 4 2
15 0.14062790598855682 4 2
16 0.14956130365420342 4 2
17 0.1397171981021534 4 2
18 0.21363796255930476 4 2
19 0.2871552795952046 4 2
20 0.3414906623152235 4 2
21 0.5112859985534778 4 2
22 0.24977164570123858 4 2
23 0.17541525068829933 4 2
24 0.18068013734664182 3 2
25 0.18046075502499834 3 2
26 0.21022209709032993 4 2
27 0.40384039484034967 4 2
28 0.4134646286765088 4 2
29 0.36040913585119183 4 2
30 0.3696507462015166 4 2
31 0.4831927539895934 4 2
32 0.4461882934883021 4 2
33 0.43213345098806905 4 2
34 0.5569813847476291 4 2
35 0.5782711864392003 4 2
36 0.559910795335012 4 2
37 0.46305806342550565 4 2
38 0.420829069049745 4 2
39 0.3753912993857936 4 2
40 0.4717907883032264 4 2
41 0.5227985019624014 4 2
42 0.4925945097775921 4 2
43 0.4795800254082571 4 2
44 0.4905384786595285 4 2
45 0.494212737961831 4 2
46 0.5738132194785636 4 2
47 0.4091234950386 4 2
48 0.45446573433374143 4 2
49 0.5151025042234898 4 2
50 0.6021990863087082 4 2
51 0.6136839734963091 4 2
52 0.36738549818394145 4 2
53 0.2717675170133608 4 2
54 0.42560210119738867 4 2
55 0.5016741953900523 4 2
56 0.5451914034715565 4 2
57 0.49450202332942694 4 2
58 0.6001955385057686 4 2
59 0.6176597398600262 4 2
60 0.5428963023262584 3 2
61 0.5791844038587864 2 2
62 0.5849933776738898 2 2
63 0.5637671691549352 3 2
64 0.5203767052015893 3 2
65 0.553033752972815 4 2
66 0.5999129959739732 4 2
67 0.6135900105162857 4 2
68 0.5682299844974691 4 2
69 0.6492740766180368 4 2
70 0.6193173542481605 4 2
71 0.5739946670305504 4 2
72 0.6570887478719799 3 2
73 0.4927581619946774 3 2
74 0.308039777329414 2 2
75 0.4229246813581004 2 2
76 0.6262517854696126 2 2
77 0.5023364111506119 2 2
78 0.5833254721160693 2 2
79 0.6649526515699559 2 2
80 0.6648764222310586 2 2
81 0.5983810656225427 2 2
82 0.5523146259979064 2 2
83 0.5542943397000792 3 2
84 0.4217761325100171 3 2
85 0.335376584537048 4 2
86 0.4558887629988211 4 2
87 0.4874801839661699 4 2
88 0.6381578452185667 4 2
89 0.6697973429829683 4 2
90 0.5360131854597885 4 2
91 0.523992707862357 4 2
92 0.577768905913866 4 2
93 0.34300385321232535 4 1
94 0.3960721674563667 4 1
95 0.42440423407621336 4 1
