2 0.5057965599201284 0 1
3 0.6105322356183177 1 1
4 0.158892328200895 2 1
5 0.09793214437125193 2 1
6 0.0721373269624052 3 2
7 0.10533646921027381 3 2
8 0.22364339698696226 3 2
9 0.22351103668851793 4 2
10 0.2302113383622985 4 2
11 0.20665631680018556 4 2
12 0.2165854605234448 4 2
13 0.22456061342492104 4 2
14 0.32272013302619984 4 2
15 0.20582947931159679 4 2
16 0.20531857033847703 4 2
17 0.7119990438047038 4 2
18 0.3252824578397692 4 2
19 0.3445687238858171 4 2
20 0.2456231912340854 4 2
21 0.2814462279229997 4 2
22 0.39468642660139464 4 2
23 0.3049902798462746 4 2
24 0.2260558225610093 4 2
25 0.3590996824557749 4 2
26 0.24996389633044808 4 2
27 0.37837426826002013 4 2
28 0.4564649502879319 4 2
29 0.4249130529593676 4 2
30 0.30767358438860015 4 2
31 0.24968046696931973 4 2
32 0.2297451184658799 4 2
33 0.05425341596308504 4 2
34 0.08040506139823651 4 2
35 0.1327695671791821 4 2
36 0.17564482821662236 4 2
37 0.25485391507250893 4 2
38 0.27951144858428123 4 2
39 0.3510021062835337 4 2
40 0.31185578889886084 4 2
41 0.33500480565176566 4 2
42 0.32033717056609584 4 2
43 0.3293285763005554 4 2
44 0.3615046577334464 4 2
45 0.3855220433922746 4 2
46 0.3695194729838998 4 2
47 0.38044620720988037 4 2
48 0.35934441304848097 4 2
49 0.2838302648741911 4 2
50 0.3468777267804438 4 2
51 0.3149151269942019 4 2
52 0.280034067080501 4 2
53 0.38999106787026594 4 2
54 0.4256788173918339 4 2
55 0.3434766943721636 4 2
56 0.3570115203477499 4 2
57 0.2634826066196584 4 2
58 0.23637117757314788 4 2
59 0.3177767933027786 4 2
60 0.46851784029248644 4 2
61 0.17660715701851218 4 2
62 0.19112076343206694 4 2
63 0.1570937392173318 4 2
64 0.2522096262217924 4 2
65 0.3061704369303306 4 2
66 0.28295141421801473 4 2
67 0.13625136369303462 4 2
68 0.21101039892933038 4 2
69 0.12791773712110585 4 2
70 0.12973146433338095 4 2
71 0.18659119155573645 4 2
72 0.22404309696640617 4 2
73 0.36176200640024225 4 2
74 0.36121343645667636 4 2
75 0.28058998596243173 4 2
76 0.1913012056356638 4 2
77 0.31682513238625276 4 2
78 0.2484163507937781 4 2
79 0.38881173998700996 4 2
80 0.4274575013135554 4 2
81 0.35746580274198175 4 2
82 0.19612104072913103 4 2
83 0.1488541019516422 4 2
84 0.12957556617292337 4 2
85 0.21860563687668658 4 2
86 0.34192362457194436 4 2
87 0.5074604099140946 4 2
88 0.4986484637185954 4 2
89 0.44194768913034194 4 2
90 0.3507192476369725 4 2
91 0.1918936295283461 4 2
92 0.43264182579095556 4 2
93 0.3278521054882428 4 1
94 0.38437060814346385 3 1
95 0.21646606369225507 3 1
