13 0.3701065377093106 0 1
14 0.2797205875017108 1 1
15 0.25339482321963697 2 1
16 0.32703888746485305 2 1
17 0.5732137008248472 2 2
18 0.5892655532628965 3 2
19 0.5842154390318667 3 2
20 0.48823874673599627 3 2
21 0.38192688715970624 3 2
22 0.1598790928421049 3 1
23 0.21300718711007838 3 1
24 0.2630425918800688 3 1
25 0.31656093750397274 3 1
26 0.34603085265418393 3 1
27 0.3346062786230393 3 1
28 0.34951962173935763 3 1
29 0.6134501197264469 3 2
30 0.7023204813807888 3 2
31 0.3627929626102217 3 1
32 0.17220034165118422 3 2
33 0.19324122436440688 3 2
34 0.25913927023212463 3 2
35 0.2867903985167497 3 1
36 0.2862688398493546 3 1
37 0.40784379941452453 3 2
38 0.4526644200742405 3 2
39 0.45147484198720883 3 2
40 0.5114967476945999 3 2
41 0.5095052781488721 3 2
42 0.4981627744950962 3 2
43 0.489490683714224 3 2
44 0.5219491932176127 3 2
45 0.5312808894041022 3 2
46 0.5143925691156319 3 2
47 0.4768817025943159 3 2
48 0.6858543472412026 3 2
49 0.31962067715586717 3 1
50 0.6066876233509989 3 2
51 0.5517772017353334 3 2
52 0.6447410061088173 3 2
53 0.364101055184236 3 1
54 0.5290724136514459 3 2
55 0.41652123016491244 3 2
56 0.5281205309423352 3 2
57 0.20027841312440023 3 1
58 0.15927726843058257 3 1
59 0.16768226105202308 3 2
60 0.14682475237490122 3 2
61 0.16552637862424108 3 2
62 0.2734818709773047 3 1
63 0.292020058187394 3 2
64 0.36095717184297454 3 2
65 0.2941477294505934 3 2
66 0.4171428690766028 3 2
67 0.5192970602817994 3 2
68 0.3247859165364016 3 2
69 0.29840547938284306 3 1
70 0.28457694063798433 3 1
71 0.4654778073931323 3 2
72 0.4369048927951999 3 2
73 0.39305806254639414 2 2
74 0.397998138773681 2 2
75 0.42116617697417813 2 2
76 0.33052035637621846 3 2
77 0.2536001861952619 3 1
78 0.3121240305900316 3 2
79 0.22264526002738466 3 2
80 0.1539129663781476 3 1
81 0.16665855348289552 3 1
82 0.12284730606381496 3 2
83 0.1309703965960072 3 2
84 0.21206857933282938 3 2
85 0.46798212683282003 3 1
86 0.2511874765506161 3 1
87 0.32866250379387796 3 2
88 0.28431155904091354 3 2
89 0.3781574253960777 3 2
90 0.23386906451275188 3 1
91 0.40856638910232157 3 1
92 0.6281315724052212 3 2
93 0.4169013498724905 3 1
94 0.41751807760806237 3 1
95 0.3628147738738861 3 1
