8 0.23300854459604162 0 1
9 0.1932722331511554 1 1
10 0.21447195455693888 1 1
11 0.34667748798119113 2 2
12 0.3434602278529048 2 2
13 0.28158180935057897 3 2
14 0.26655896431341364 3 2
15 0.26286228081911966 4 2
16 0.28565665687141206 4 2
17 0.2903133231149945 4 2
18 0.2598293656105005 4 2
19 0.25565881573717053 4 2
20 0.3530821829680929 4 2
21 0.4562624392617442 4 2
22 0.3087895874430438 4 2
23 0.38873736292016103 4 2
24 0.4286093132427281 4 2
25 0.3420776817075319 4 2
26 0.30066081701991193 4 2
27 0.542078901474125 4 2
28 0.47896426253283375 4 2
29 0.47652031966718955 4 2
30 0.3492316983103977 4 2
31 0.27784860410554824 4 2
32 0.2813306354911167 4 2
33 0.34680165562834314 4 2
34 0.45593726643340027 4 2
35 0.12280241732826654 4 2
36 0.24168421339358992 3 2
37 0.3875408564888497 3 2
38 0.45247895243249736 4 2
39 0.42627021258514824 4 2
40 0.625727960982594 4 2
41 0.40611143382383325 4 2
42 0.20228394684323275 4 2
43 0.1744516453280235 4 2
44 0.16851591248660366 4 2
45 0.26642885708172315 4 2
46 0.21888149266629386 4 2
47 0.45458685918613007 4 2
48 0.3182305031547009 4 2
49 0.5266486649948476 4 2
50 0.4874834563465995 4 2
51 0.26579928403480263 4 2
52 0.3714738587966528 4 2
53 0.24674388702840946 4 2
54 0.2356533431832392 4 2
55 0.21810971595381415 4 2
56 0.34851009785564996 4 2
57 0.3407291757280038 4 2
58 0.40885005898281185 4 2
59 0.15323093788722802 4 2
60 0.09540786533232173 4 2
61 0.1643593072337658 4 2
62 0.22209773715177084 4 2
63 0.3668647328976208 4 2
64 0.5012116698021095 4 2
65 0.3821927019777469 4 2
66 0.2631503408061624 4 2
67 0.12640454960244246 4 2
68 0.09602690842304909 4 2
69 0.11588813772235566 4 2
70 0.10991507041527712 4 2
71 0.14420176866142226 4 2
72 0.3103142312351772 4 2
73 0.2612583655512696 4 2
74 0.24243049114060544 4 2
75 0.1978185959132335 4 2
76 0.2282515321681764 4 2
77 0.17565415281019708 4 2
78 0.15187321228954473 4 2
79 0.31037187628741064 4 2
80 0.36580357173956823 4 2
81 0.38753423453958036 4 2
82 0.4589889015066211 4 2
83 0.4364452653928326 4 2
84 0.43849997898692017 4 2
85 0.5242597129082992 4 2
86 0.558189309648758 4 2
87 0.5924122892874603 4 2
88 0.6783729793770316 3 2
89 0.7058147135060332 3 2
90 0.6239934073881528 3 2
91 0.5022438143400926 2 2
92 0.5408771315263846 3 2
93 0.48659297775365007 3 1
94 0.31717367685184256 4 1
95 0.17949832831704188 4 1
