18 0.3409768890614715 0 1
19 0.24954063119837352 1 1
20 0.26465600710307063 2 1
21 0.31949611545930245 2 1
22 0.28022680250876725 2 1
23 0.3487584405061489 2 1
24 0.3167263263987195 2 1
25 0.3092681801349901 2 1
26 0.3223095171261155 2 1
27 0.3771320893895766 1 1
28 0.408854384896897 1 1
29 0.44652681876395217 1 1
30 0.38134276342734025 2 1
31 0.5243681718071251 2 1
32 0.38470978804093786 2 1
33 0.32327099581315144 2 1
34 0.23175130566450614 2 1
35 0.16199499476241092 2 1
36 0.15689820651156347 2 1
37 0.2585313803194182 2 1
38 0.2127652093994888 2 1
39 0.24571070987939603 2 1
40 0.23812331976010814 2 1
41 0.28600603921864204 2 1
42 0.3951900146967211 2 1
43 0.3998656055668027 2 1
44 0.3112292677095112 2 1
45 0.2823843688825271 2 1
46 0.349281881697442 2 1
47 0.4294855243481471 2 1
48 0.31607287278873364 2 1
49 0.3112116258040484 2 1
50 0.26324736602300497 2 1
51 0.35896694035868437 2 1
52 0.26440640087804423 2 1
53 0.269974965654221 2 1
54 0.31785031854766765 2 1
55 0.3656966199398412 2 1
56 0.3924916791009243 2 1
57 0.5091888154430924 2 1
58 0.23318931659026645 2 1
59 0.13936692337451817 2 1
60 0.22998162547033793 2 1
61 0.5425205817770995 2 1
62 0.4579111597138145 2 1
63 0.2610694862943585 2 1
64 0.20252605022273204 2 1
65 0.10600818297133911 2 1
66 0.12060780832455201 2 1
67 0.20381230048970847 2 1
68 0.21096823271752008 2 1
69 0.19933205639264143 2 1
70 0.1946668323176752 2 1
71 0.3978723845791692 2 1
72 0.27380244309647817 2 1
73 0.26975415283527215 2 1
74 0.23595012241618296 2 1
75 0.28291503676351765 2 1
76 0.2375458260104579 2 1
77 0.21611091273661065 2 1
78 0.30256728941959166 2 1
79 0.4224035966532817 2 1
80 0.39563671993226945 2 1
81 0.35307157602308026 2 1
82 0.40449928224888637 2 1
83 0.4378888391142694 2 1
84 0.4956894260690434 2 1
85 0.451995082546566 2 1
86 0.5024037303534357 2 1
87 0.4995226096461872 2 1
88 0.4386416609403438 2 1
89 0.4231890405385101 2 1
90 0.47046437093360916 2 1
91 0.5241965944906246 2 1
92 0.5151572909946764 2 1
93 0.4114036228488215 2 1
94 0.33360136158666925 2 1
95 0.33490677330294244 2 1
