1 0.0
2 45.74213061355639
3 46.29304556455155
4 47.4599429923733
5 46.97176486668344
6 46.08141578039544
7 46.13834154631704
8 47.59429856131016
9 49.044727953160155
10 47.497481123160945
11 48.66126908243177
12 48.29631653391321
13 48.68689982415004
14 47.908781093982206
15 47.119946525486675
16 47.59458760237276
17 46.72056185357129
18 44.37275523985541
19 44.978408222099006
20 44.03663353486107
21 44.474770892455744
22 46.56850317301343
23 48.31744329469711
24 48.203797859689956
25 48.90358024595099
26 46.559346520295655
27 49.00038099329965
28 49.953129353042186
29 49.921685018874506
30 50.16909089504263
31 50.87759314892706
32 49.726788224035374
33 51.069189239370345
34 51.07592476001838
35 48.24422923238967
36 46.426509051857465
37 45.64510140964285
38 44.24329855481924
39 48.82454938613997
40 49.199407532214664
41 48.82905119469922
42 49.48565661565449
43 49.50323937275638
44 48.52253383899616
45 49.925542009457466
46 49.824329068477766
47 50.017814755324764
48 49.67724268636146
49 48.910520243343356
50 48.49580509153063
51 48.704373597194
52 46.18130638646474
53 44.015523623803496
54 45.654448441154955
55 46.51663110539379
56 45.300199356301604
57 46.92925954125125
58 49.914454931639014
59 50.145870688509774
60 50.738811066649646
61 51.334937431806
62 47.36240973271557
63 48.56160947599511
64 50.40519831482928
65 49.408193180235095
66 48.40929281644026
67 44.196669221214705
68 39.379450050443204
69 39.44707312155693
70 40.21834790082686
71 42.46621563835352
72 43.75810320120922
73 45.211268757243936
74 42.847039093347725
75 40.676892885589744
76 39.82637639862274
77 41.371844435085634
78 46.075266047881186
79 48.7210222871295
80 49.9630484253299
81 48.61252219944467
82 48.49155084515055
83 48.16279521181651
84 47.29072308665921
85 48.683103892183446
86 49.44153907233005
87 49.231723756197006
88 49.52756972485666
89 49.782101742015094
90 50.22866657900275
91 51.09415616924668
92 50.55033805279745
93 49.864677698988466
94 46.012262733762164
95 42.81720823933039
