12 0.0
13 41.67055056452636
14 40.14700117692857
15 39.73436842260934
16 41.236437633620156
17 43.98715149389659
18 44.15962341898955
19 44.46938963206915
20 42.00878006349432
21 41.06176770965975
22 39.659023677169905
23 42.11809122974458
24 43.1233763639453
25 43.37883858290281
26 42.4486971953836
27 44.390967002366
28 44.53503587842648
29 45.08138844790452
30 45.36003917863354
31 39.5786351582437
32 36.28134744522542
33 40.769254231750296
34 45.26056361391076
35 54.37996285367162
36 52.6492959238817
37 50.7815048682881
38 48.84691611046206
39 49.16873748974551
40 49.66696331352071
41 49.9140691029172
42 46.949497068157086
43 47.32492042730548
44 48.821936590789385
45 49.59310147514997
46 48.70342386544212
47 49.23992142399095
48 47.42092310590351
49 47.29407720117141
50 47.22834849175788
51 47.02564936779406
52 47.46428349892887
53 48.58955664193961
54 48.56898443730398
55 39.814733779485984
56 37.97511632354313
57 36.678521732913815
58 38.20456801348204
59 38.35427324688597
60 38.908472643764426
61 39.86681555410886
62 35.7362881496618
63 38.211635769559884
64 43.17206077386083
65 43.11510183063105
66 43.84781819476116
67 45.12262440372592
68 46.06062892362158
69 43.20905573044798
70 43.25672106553657
71 44.118665692112295
72 42.31894896981036
73 42.513703262891326
74 42.80425735725054
75 43.90309463470049
76 43.41026692050305
77 42.526143985704756
78 41.49315991209067
79 36.850312532488005
80 28.887716524423094
81 39.53760973020828
82 41.14831950911774
83 43.84574071804233
84 43.44030184982716
85 42.60876704301391
86 46.262106437719794
87 46.3991820443763
88 46.48593736331557
89 45.2893196230389
90 51.023187236211335
91 51.2707791108445
92 51.868605631283884
93 51.50068164827896
94 50.39890547618601
95 49.49569055437899
