17 0.0
18 38.249717856572666
19 41.8104694301455
20 34.41058400855627
21 37.14872555899003
22 39.167419127043644
23 35.69876413828638
24 40.940684967669604
25 42.94175796781059
26 47.01184546066211
27 48.62844703842812
28 48.761022667508435
29 46.11603256437863
30 49.67809824935723
31 50.89688800561586
32 49.02123726612346
33 50.17335113090256
34 49.32019169359191
35 45.513403023394616
36 45.850502680249114
37 47.769427806110734
38 48.10373383542224
39 46.78159267393772
40 43.681508535288586
41 45.19274058421821
42 49.11686789620525
43 43.22638620817416
44 41.58968942822067
45 40.66409287233798
46 41.19425502592974
47 40.21464624752798
48 38.793429788125756
49 40.53225919641551
50 49.54159603277116
51 45.81558546981997
52 43.886960693342274
53 46.313496680314195
54 47.73560343889538
55 49.27933556531071
56 49.737188330764994
57 49.77438800673153
58 47.88075281658446
59 45.204600434982794
60 47.203755169930304
61 48.12837533954651
62 47.79020951400586
63 47.38987816999263
64 46.15108323687464
65 37.337190527885916
66 30.155412631236686
67 45.883064381397624
68 46.30437496648805
69 44.872940899245705
70 46.40518654321324
71 46.97618939155343
72 47.87441953764996
73 46.62102528807959
74 44.59760756649322
75 47.84401055846734
76 46.77202506396079
77 45.675319496168825
78 43.838827533994994
79 41.50717185683018
80 39.5317681101599
81 33.941887143608696
82 27.71583119080303
83 26.021032410919997
84 33.608929119669455
85 38.811062232848194
86 39.8967031521992
87 41.777476587183735
88 42.64236843089381
89 43.01712052767873
90 43.5490685661735
91 42.739868324599286
92 40.29382997436784
93 44.01138751156574
94 44.59898572260532
95 43.14783812207235
