12 1.8386565772244259
13 45.85546388043144
14 38.75083526864111
15 37.22042464850807
16 38.27397975701444
17 38.5577898066525
18 41.06584914879518
19 42.61437677344574
20 43.16870041686674
21 42.865268169511594
22 43.65462458113222
23 42.32758987421358
24 39.99070610819599
25 41.94901541680019
26 41.83710389710447
27 40.51213657577795
28 42.10620773188697
29 43.66670705373261
30 43.862264918735264
31 36.70412740915961
32 34.65314334814781
33 34.56977403742716
34 37.97673289389232
35 47.62037430169663
36 49.93401383134752
37 49.475471757851054
38 51.803102444633005
39 46.700818983093676
40 41.355771195090036
41 40.635244068345415
42 37.195623415312824
43 36.79164312741483
44 46.01385726353069
45 48.26736189189455
46 43.304143352860265
47 35.02331536889268
48 30.132862982384424
49 43.18108349443217
50 46.129834957587725
51 44.10612894510793
52 44.65745489801192
53 40.08188781667834
54 40.20838161609175
55 39.36866717088506
56 35.8121138165257
57 38.18726753480951
58 41.27445769443566
59 42.81819374528583
60 44.755503425042946
61 43.38952085142561
62 42.97139158866443
63 46.3951939358806
64 47.95543614412561
65 49.91226600520609
66 50.66054272050792
67 42.147022722511565
68 32.48038887341279
69 28.73356587710239
70 39.944904290621515
71 42.96275206610402
72 42.468017801014206
73 47.23335079642196
74 42.65066996250302
75 45.706678408595856
76 44.656515328856734
77 40.850685005005865
78 49.14407176209559
79 53.1139695074652
80 48.590976716265025
81 50.64889760226618
82 52.213228398400034
83 53.274298505804154
84 50.86598372854363
85 51.179912383323774
86 43.15817483910678
87 49.56419721800524
88 51.54991552666608
89 49.9239297303833
90 48.5451565621213
91 50.42711151838621
92 51.460698017658416
93 51.32795425369699
94 49.80700685895947
95 49.581810545419685
