1 0.0
2 39.725637775116724
3 40.82625747061755
4 39.718455931514534
5 41.576870428364586
6 41.027266123852094
7 41.18747417357603
8 41.880023052078016
9 42.42794575955658
10 44.03337487562638
11 40.849099153456926
12 41.97102641817906
13 43.814289784407514
14 44.690813217811794
15 43.60235404010842
16 43.85653450675789
17 49.39921633255861
18 49.37205218648205
19 45.312520482673364
20 45.411186714139006
21 43.46368927571481
22 45.259308869528525
23 44.36645849755646
24 47.36252441031661
25 44.93861424580734
26 42.632723187282664
27 42.02302459470456
28 42.01757807271782
29 42.18287289406406
30 41.89101982049889
31 44.86569481329939
32 45.01983775512707
33 43.31844571079572
34 43.71009464930807
35 43.81652342982417
36 43.59570966737847
37 43.80012811755145
38 44.10824528581662
39 45.14243306778971
40 44.80685272956801
41 44.63297452254124
42 45.69344994694809
43 45.79545652428333
44 45.34916460691397
45 42.2791233174226
46 42.651229980081055
47 42.68374033841714
48 42.576654117866944
49 42.282346034147025
50 44.72672698173158
51 47.48199796634624
52 44.56568131074415
53 44.836002384421526
54 45.53601369017291
55 45.852075699103615
56 46.06420419093531
57 48.12878109550302
58 49.11283424063464
59 48.679408880945694
60 48.45768742692618
61 47.680944765709846
62 48.11915542896181
63 48.346859584594114
64 47.90494910510844
65 47.55622045805535
66 47.53148219944446
67 44.05441907943314
68 39.81425212764699
69 39.65265922948457
70 40.553754200254446
71 41.45517421469191
72 44.8611617366302
73 46.570903486932494
74 44.99388412850531
75 45.50754535157167
76 45.2133474824905
77 44.43252517726557
78 45.81511694841452
79 46.187043280833116
80 46.290819796787844
81 45.85439781237372
82 46.37611545340861
83 46.82596141379076
84 46.572718043018234
85 46.564664287715814
86 46.51428023478569
87 46.3689050655594
88 46.51920396068789
89 47.03140792178145
90 45.4150507965406
91 46.09470648632822
92 48.66535222813944
93 49.03955746444358
94 46.62709405455301
95 43.900427847022414
