1 0.0
2 39.82932763917073
3 39.810660100233875
4 39.46403303328889
5 40.25711463268568
6 40.51496170494081
7 41.437867014232616
8 41.040671581517266
9 41.197684566813294
10 41.451965468573434
11 43.07226286584839
12 44.31946509461762
13 45.66070548803427
14 43.95305128669652
15 40.80036670488205
16 41.772249027922975
17 43.83651692877514
18 47.45180091961814
19 49.1958522548649
20 48.64373981815893
21 45.44489119630521
22 44.22130766131715
23 42.74819491944913
24 42.72186368912561
25 42.12659413767548
26 42.348371856336136
27 46.95955721511139
28 48.22082524558446
29 47.55329426774776
30 47.552549440072674
31 47.58049589113004
32 47.98459806820182
33 48.87202051422371
34 48.52810308620029
35 47.90409378100736
36 47.4521092675822
37 46.913932014162064
38 47.02494927645556
39 47.73019638129417
40 47.50282374442245
41 47.79468161124002
42 47.16157869340395
43 46.679930129202916
44 46.27516374111635
45 46.07699343568749
46 47.250856663383004
47 47.415788150972794
48 47.26831087636153
49 47.18465090360645
50 47.457527892742384
51 46.468025625969794
52 44.022895071844395
53 43.809657409584254
54 45.4183633755283
55 45.929323625725054
56 46.115788372826714
57 45.6233059175594
58 46.39037185260212
59 46.764042042231694
60 47.10480182616601
61 44.58435825865678
62 45.48243713583426
63 45.81328438159939
64 46.92341766766078
65 47.586998197856246
66 48.276463036995764
67 47.83825007341357
68 46.94722985460797
69 47.307771611983306
70 46.36917517438651
71 45.552418320650304
72 46.392957737238994
73 45.17673562309923
74 44.662238582614556
75 43.87730032820572
76 43.51818279909603
77 46.25894680042541
78 46.01784487845423
79 45.205903954686875
80 45.464819662794966
81 44.295861297168614
82 44.2369445800149
83 45.69429271528497
84 44.81938616595305
85 43.57195955875437
86 44.11832915520112
87 44.97855419347223
88 48.61160273032732
89 48.25934780770921
90 46.55066611503606
91 47.12797877699858
92 47.33521228394601
93 47.20775994949795
94 47.12839266302146
95 47.0311981925524
