17 0.0
18 41.48408585353714
19 40.77260360823552
20 42.85063247474444
21 44.159399853390404
22 43.50670009500945
23 43.024229244785545
24 44.24994970377772
25 47.09227538046795
26 48.07219171646658
27 48.37303212036025
28 48.128576477343685
29 48.66515989854117
30 49.83626634263009
31 50.29515447439508
32 48.88648111072234
33 48.59826768969464
34 49.41902559857618
35 49.14084804724929
36 49.16249573129212
37 49.558786545931774
38 49.44046736370426
39 49.37166195945996
40 49.521149640278985
41 48.95422498470001
42 48.777742643111715
43 48.9239070129986
44 49.26966381211127
45 49.98121394483123
46 49.73405048966779
47 48.68168916259236
48 50.04591995215211
49 50.2444935909939
50 47.97753148768404
51 40.736340631132975
52 40.804792435225025
53 46.83156312828301
54 49.148051974854226
55 48.94210252143375
56 49.22368639668974
57 50.04016553599779
58 50.445378733839206
59 50.20573350295016
60 50.224198958853314
61 50.313350476944734
62 50.87265213468578
63 50.769977848113925
64 50.97642711206576
65 51.20750325151919
66 47.03808413445667
67 47.31410628976444
68 50.00171811842381
69 48.185222384698825
70 48.016002423867214
71 46.757391413841525
72 46.75128784518391
73 46.34968036489219
74 45.978193792482955
75 46.34463609905248
76 45.82785903787627
77 44.7659178075768
78 43.99014784378501
79 43.97759743570876
80 44.20765567022083
81 44.5670497862037
82 44.27373687087655
83 40.98156616509096
84 39.24872035904982
85 40.35908254878613
86 41.340121833198104
87 42.95589902131944
88 43.863353933889414
89 44.66339861211646
90 46.6117230450844
91 49.89239269081446
92 50.60931134363479
93 50.446225481776665
94 49.17088753806679
95 48.8234813531566
