12 2.267503651591692
13 40.318672362117525
14 41.61340263321569
15 40.94006774365791
16 42.638964218236495
17 46.86596694241432
18 44.76343681094018
19 45.178078283167935
20 45.06911920284956
21 43.67511912168422
22 42.57357364069273
23 43.958099459199346
24 44.44738862769675
25 42.918160162377944
26 42.81761230548387
27 47.20839453157219
28 47.721213467958194
29 45.74285974840405
30 44.798588861086394
31 45.15314328153224
32 44.18161600536374
33 47.95911001393187
34 51.077319452940756
35 47.013061800546055
36 43.74869784187601
37 41.89348023507269
38 45.20738680092382
39 45.786708010729505
40 46.96540070853811
41 47.019856833148886
42 39.25733913355182
43 47.57406492306327
44 47.41218865224431
45 43.56287716710958
46 43.84098297108315
47 39.16188844839378
48 45.58102686467768
49 48.53641347159434
50 48.10188333901176
51 37.718310292218256
52 40.620054486192146
53 42.99275341233013
54 43.79225298727989
55 43.92323586519702
56 43.53216867214431
57 41.689258546468245
58 41.579782139605285
59 39.586774892597575
60 42.08132338108089
61 44.73119332894319
62 42.648754926282486
63 39.89900106102065
64 40.889464204394784
65 49.71382870538049
66 44.33553297005192
67 39.68254113329923
68 33.63390219897473
69 36.556185751500344
70 40.53392801512393
71 42.29850160173598
72 43.33549661204751
73 43.31657121128199
74 48.86747748392345
75 42.69794489720406
76 50.03540075941464
77 50.76940929217036
78 53.748826730535036
79 51.51846509389075
80 51.03356580108987
81 47.89086645438672
82 46.110585082227615
83 50.43604250512105
84 48.19384734745985
85 46.10022417330148
86 47.045968532192454
87 43.56469443584232
88 48.796167547892544
89 47.679824832327206
90 50.390729283086486
91 50.04044072458333
92 51.57454469287942
93 51.74432008928364
94 51.83039432587938
95 51.98607101003425
