12 0.0
13 43.68989387451724
14 42.252169600268175
15 39.9342766749619
16 40.20831800456565
17 41.11178849250001
18 44.37878580482577
19 41.20804806293563
20 41.576779039709336
21 41.61321266104665
22 41.06688769078046
23 40.90430200993958
24 42.09654737187377
25 44.030026887661045
26 44.13823997951808
27 44.40139555944968
28 45.69210670049577
29 46.12140123650721
30 45.088676798937094
31 45.78078704159339
32 44.58386180746791
33 46.833762043074806
34 47.60237330596647
35 44.674944954233816
36 41.8236811324584
37 42.711678321207145
38 43.18641081543781
39 41.624263604106694
40 41.90142626149219
41 46.31919242612541
42 46.1100891302351
43 45.13121979670739
44 45.32674166219275
45 45.68336699973273
46 44.99382217557445
47 45.339469863391166
48 46.532346583120116
49 47.140408639860205
50 48.06237312144923
51 48.342059009833065
52 48.584780402286704
53 48.079042219997575
54 43.19947436216349
55 42.05974522496993
56 41.13006443455146
57 42.149737441843975
58 45.70370303252639
59 46.68161014756827
60 45.26071538056985
61 46.04819471566955
62 46.55994307169057
63 48.843386620549985
64 48.49419552852341
65 49.18076879005593
66 49.0119648122937
67 47.84698711267203
68 47.56210302642512
69 46.61760057436745
70 46.077285261275456
71 42.10204533188354
72 38.10700836664194
73 39.68397723649646
74 41.65705848628021
75 43.29379464965164
76 43.84590371056516
77 45.182570086134604
78 46.17283057156447
79 46.747491828674036
80 47.97617438500813
81 48.583851619684246
82 49.14188926025712
83 49.94097122447789
84 50.16720535661599
85 51.03645962786345
86 51.71167737036694
87 51.92948267845176
88 51.65027145827173
89 50.875782082525674
90 50.95501284243626
91 51.3530806008537
92 48.12147659979057
93 48.11509275184104
94 47.187075196797416
95 47.051974019280905
