1 0.0
2 39.96733717607311
3 40.32140207980427
4 40.86955978641409
5 41.16160734993272
6 42.260630831348266
7 42.43420650453416
8 42.28970306566712
9 41.80354244279951
10 42.14631000372706
11 41.60948989593056
12 40.89567225561806
13 41.12579078829177
14 41.27430674314739
15 41.540765765815365
16 40.90407657385197
17 38.21870067809075
18 35.44943985470942
19 35.5161621252924
20 36.47636381104908
21 38.7784650879645
22 38.97809930418278
23 41.17205106899347
24 41.02250755525648
25 44.276441731448124
26 42.85204777908319
27 32.380457930391515
28 37.502148706110226
29 44.950717520507645
30 46.480426963764934
31 46.10785716623273
32 44.241885610789616
33 42.931910696636216
34 40.680947315136635
35 36.77233678686986
36 40.570487125090025
37 43.525470828979934
38 42.13398867688566
39 41.55536639544039
40 40.035901420144505
41 40.92207530687163
42 35.95361100784445
43 32.38600561098688
44 42.745960130327184
45 43.45319936849024
46 41.69784900542206
47 41.496484695145455
48 41.11616719132281
49 43.0964984205935
50 44.08451589359384
51 41.46599505678842
52 38.6045095713519
53 38.98798715163593
54 40.92033938101749
55 42.43024435861986
56 41.25063348417093
57 44.80172534510092
58 41.32700151074244
59 38.548336221103945
60 39.4413686591637
61 41.9367712339993
62 44.0026981723473
63 43.85438369014792
64 44.038228389372925
65 42.91017466253578
66 41.31075172356256
67 38.26161586816216
68 38.90867228366813
69 40.44995933875685
70 42.94421960301324
71 43.89627072703988
72 43.89163767761442
73 46.832357968699775
74 44.64642390202558
75 41.87592441266076
76 42.70387280019492
77 38.858470837824896
78 40.1942436350308
79 41.33237321614898
80 44.24470325566799
81 46.68927765975325
82 45.23049132106045
83 43.20606707596578
84 42.75430563080593
85 41.69532228607937
86 40.54491113643284
87 40.31562729096937
88 40.43835993256112
89 42.401410405124565
90 44.634456361444
91 44.54579496886497
92 43.81925353846551
93 43.44267268380268
94 44.2964653754604
95 44.02562933642247
