1 0.0
2 38.98543233827563
3 41.005100787100766
4 45.12117203122062
5 43.904578027082714
6 42.957916974240256
7 42.61453111351272
8 40.23306271150421
9 40.605220050627935
10 40.578169375632484
11 39.983549164662065
12 39.691605682116
13 39.3010543596186
14 39.96065381934012
15 40.04881128980085
16 40.00241206416828
17 39.80216318495751
18 41.28156870514975
19 40.22485922105268
20 40.326688931928615
21 40.76757037407244
22 41.53145259601439
23 41.822427358275135
24 42.58819386354794
25 44.28294553918529
26 44.95998931261651
27 46.60278009905715
28 47.86026427978667
29 48.32402341476787
30 48.35531854296428
31 46.68574604761523
32 47.462606887360636
33 47.1820548833443
34 48.51969179252598
35 47.556928710961124
36 48.25840028442115
37 49.332927345212966
38 47.25108182558957
39 47.9422321233578
40 47.85922617347192
41 46.08111081963194
42 42.457066523180366
43 46.58683704925076
44 48.16737476565703
45 48.93125840756182
46 48.46420387294607
47 48.26960907360739
48 47.303105602500565
49 48.997180685454694
50 47.28896086415636
51 45.54179038150649
52 44.255376561243665
53 43.41274593223937
54 41.25561250181248
55 41.42368816105129
56 42.16642718149284
57 42.55897864420445
58 44.253388355703635
59 45.75493952239116
60 47.256130287060444
61 46.26709150749047
62 44.9114565434714
63 47.03040412484398
64 48.96523338169384
65 47.94790904518208
66 46.0131501294407
67 45.81750289702472
68 46.048029355755844
69 44.7891334703012
70 46.80774019809393
71 47.86173330711235
72 49.43909367376478
73 49.344703922491966
74 49.724411225417136
75 49.25935778086324
76 48.57982376109952
77 48.26046146303018
78 47.77545771882501
79 47.094374849893164
80 47.74753234716399
81 48.79358222397889
82 47.80182040563445
83 47.39701465446247
84 46.07746200546438
85 47.04866366264001
86 47.922882910564184
87 47.92371608663282
88 48.395162255431046
89 48.83564880321391
90 49.24188159945365
91 49.42880064363791
92 49.40858108824653
93 49.6575242847989
94 47.97793661660067
95 47.95107423777177
