1 0.0
2 47.699920477028584
3 50.38817887186032
4 46.67957770777602
5 45.75279906846663
6 34.18553621441643
7 42.95351917366894
8 46.72467004491647
9 44.704381491787125
10 44.08262879225776
11 44.711849355271326
12 45.960385180869544
13 46.6606218538302
14 46.91814658142726
15 44.842099717265
16 44.71942121722613
17 44.43223755990882
18 42.938570413710785
19 44.24728594133594
20 42.27755855946048
21 44.51665159556661
22 44.957953972909465
23 41.442881479171945
24 44.09891017386166
25 42.275524869969196
26 45.76728153614014
27 45.938268949396615
28 47.59044743742563
29 47.670620240488915
30 41.36655935631346
31 39.686998591863734
32 37.53815668837262
33 34.754655653355655
34 36.80276422186384
35 41.557308906021774
36 49.75527638523863
37 50.4465778758834
38 51.62604983229765
39 50.63996583331283
40 51.24046261228728
41 51.597805074471665
42 51.142138186200654
43 52.00655395458293
44 53.055538551049175
45 50.864212630625126
46 51.384706155274564
47 51.68098714299991
48 51.46840886436338
49 51.464571266962714
50 50.27721440904221
51 47.169029574138506
52 44.59696569553764
53 47.576962186539006
54 50.14671416392429
55 47.73233407267386
56 35.419250991172206
57 41.08578176446738
58 43.0536440226007
59 41.66342933741528
60 44.38629072899072
61 40.15042138273802
62 37.981691790718585
63 38.385502815602756
64 42.84909498067875
65 39.85008438111339
66 33.195491184837095
67 33.63882681304815
68 35.128578210252094
69 33.86318211426494
70 29.962317110410385
71 36.14441553556725
72 42.55208484488302
73 43.84756126577774
74 41.82232607514878
75 35.086673432558385
76 30.567357505367944
77 39.85882805969606
78 44.13782547638305
79 43.444741402174536
80 41.75092661043979
81 42.19406036308487
82 35.118818518135626
83 32.92652777427134
84 37.0434293999458
85 41.597583845741326
86 49.771536845085166
87 49.895263852268585
88 46.978217290468855
89 45.83851534884493
90 45.700272720355024
91 34.50039597120913
92 39.88592418017592
93 43.400532217031824
94 43.78370361732537
95 43.273989410038624
