20.8238954194 0.0 0 0.0
21.8301445117 14996.6666667 302 0.0
22.824592811 34060.0 696 0.0
23.8239302252 50466.6666667 1080 0.0
24.8240861341 64440.0 1564 0.0
25.8255801751 74773.3333333 1892 0.0
26.8250904945 83503.3333333 2162 0.0
27.8269353157 90680.0 2368 0.0
28.8243659194 98193.3333333 2600 0.0
29.8266252027 104056.666667 2752 0.0
30.8242007297 109396.666667 2896 0.0
31.8240609995 117060.0 3106 0.0
32.8267332802 122816.666667 3245 0.0
33.8240950218 129216.666667 3410 0.0
34.8243539327 135476.666667 3551 0.0
35.8240818764 141213.333333 3696 0.0
36.8245075159 147240.0 3854 0.0
37.8251972021 153386.666667 4019 0.0
38.8253173795 159170.0 4159 0.0
39.8240787804 164030.0 4278 0.0
40.8242478458 169833.333333 4432 0.0
41.8243523922 175733.333333 4572 0.0
42.8244545223 182006.666667 4714 0.0
43.8255454871 188320.0 4869 0.0
44.8239068971 193880.0 5002 0.0
45.8245210829 199860.0 5142 0.0
46.8239242384 206120.0 5295 0.0
47.8246027387 211516.666667 5435 0.0
48.8243541252 217466.666667 5595 0.0
49.8248345984 223526.666667 5748 0.0
50.8260506039 229530.0 5887 0.0
51.8270765972 235210.0 6024 0.0
52.8240257301 241310.0 6170 0.0
53.8304479057 247850.0 6330 0.0
54.8240351371 253563.333333 6460 0.0
55.824568883 259733.333333 6610 0.0
56.8255423188 264686.666667 6756 0.0
57.824908618 270996.666667 6921 0.0
58.8240746764 277010.0 7068 0.0
59.8259587222 283286.666667 7233 0.0
60.824413311 289020.0 7383 0.0
61.8242069411 294930.0 7533 0.0
62.8241313529 301096.666667 7696 0.0
63.8260367164 306796.666667 7839 0.0
64.8250885944 311973.333333 7960 0.0
65.8260427525 318230.0 8107 0.0
66.8248601344 323616.666667 8236 0.0
67.8241039425 329400.0 8393 0.0
68.8259047163 334886.666667 8526 0.0
69.8241956312 340216.666667 8666 0.0
70.824245534 346020.0 8817 0.0
71.8251068729 351876.666667 8965 0.0
72.8248662056 357643.333333 9098 0.0
73.8249636258 364013.333333 9244 0.0
74.8239452192 370640.0 9397 0.0
75.8243813252 377420.0 9545 0.0
76.824267597 382536.666667 9670 0.0
77.8244775001 387736.666667 9788 0.0
78.8247648524 392923.333333 9921 0.0
79.8244466542 398953.333333 10069 0.0
80.8245313956 405120.0 10209 0.0
81.8272564484 410096.666667 10321 0.0
82.8261082593 415070.0 10455 0.0
83.8244990759 420173.333333 10585 0.0
84.8243684363 425466.666667 10707 0.0
85.8249970327 431086.666667 10858 0.0
86.8243343467 436380.0 10974 0.0
87.825737709 441806.666667 11097 0.0
88.825507345 447650.0 11230 0.0
89.8260696594 453366.666667 11364 0.0
90.8257027591 458873.333333 11492 0.0
91.8246849493 464076.666667 11614 0.0
92.8263921875 469700.0 11742 0.0
93.8245676168 475443.333333 11873 0.0
94.825417701 481560.0 12028 0.0
95.82441076 487266.666667 12169 0.0
96.8282330918 492423.333333 12314 0.0
97.8239525031 497813.333333 12430 0.0
98.824395268 503293.333333 12561 0.0
99.8246545623 509343.333333 12712 0.0
100.824157708 514900.0 12853 0.0
101.8247031 520096.666667 12991 0.0
102.823923413 526013.333333 13130 0.0
103.824005384 531853.333333 13280 0.0
104.823969163 537443.333333 13419 0.0
105.825862769 543136.666667 13557 0.0
106.827296363 548873.333333 13711 0.0
107.824418267 553626.666667 13829 0.0
108.825177101 557993.333333 13944 0.0
109.824340135 563700.0 14078 0.0
110.824154392 568750.0 14213 0.0
111.825646524 573233.333333 14344 0.0
112.826800401 578156.666667 14474 0.0
113.824243098 583093.333333 14601 0.0
114.824284911 589310.0 14749 0.0
115.824679521 594236.666667 14873 0.0
116.82400027 600203.333333 15017 0.0
117.824652852 606250.0 15162 0.0
118.824027844 611593.333333 15287 0.0
119.823932615 617256.666667 15425 0.0
120.825348678 622533.333333 15552 0.0
121.8254503 627646.666667 15682 0.0
122.823981117 632320.0 15794 0.0
123.826220355 636966.666667 15902 0.0
124.824021161 642400.0 16048 0.0
125.829015662 648106.666667 16189 0.0
126.823973998 653456.666667 16330 0.0
127.824474982 658973.333333 16462 0.0
128.8259337 664950.0 16612 0.0
129.824041728 670060.0 16743 0.0
130.827891692 674893.333333 16862 0.0
131.825507174 679643.333333 16994 0.0
132.824681253 684576.666667 17124 0.0
133.824149933 689440.0 17245 0.0
134.828517329 695036.666667 17416 0.0
135.825446754 700286.666667 17549 0.0
136.823906854 704443.333333 17663 0.0
137.824819918 709346.666667 17786 0.0
138.823934937 714766.666667 17910 0.0
139.823981696 720203.333333 18052 0.0
140.825362797 725900.0 18203 0.0
141.824535139 730156.666667 18321 0.0
142.824403871 735040.0 18454 0.0
143.824804186 739860.0 18577 0.0
144.824732666 744086.666667 18704 0.0
145.824799603 749543.333333 18845 0.0
146.825064727 755390.0 18995 0.0
147.826509522 760790.0 19135 0.0
148.824220694 766420.0 19283 0.0
149.823923705 771360.0 19408 0.0
150.825855851 775356.666667 19503 0.0
151.824068378 781140.0 19652 0.0
152.824822633 786186.666667 19782 0.0
153.825387747 790933.333333 19898 0.0
154.824038661 795990.0 20030 0.0
155.826414472 801813.333333 20168 0.0
156.82871374 806843.333333 20304 0.0
157.826905535 812666.666667 20451 0.0
158.82481784 817950.0 20584 0.0
159.823914344 822506.666667 20707 0.0
160.823975135 828066.666667 20855 0.0
161.824481129 834560.0 21009 0.0
162.824617524 840416.666667 21150 0.0
163.824320072 845850.0 21289 0.0
164.823925087 851000.0 21421 0.0
165.826330341 855870.0 21542 0.0
166.824499551 860690.0 21658 0.0
167.823973349 865946.666667 21789 0.0
168.824321602 871446.666667 21926 0.0
169.825231127 876840.0 22069 0.0
170.823981884 881930.0 22190 0.0
171.823898844 886173.333333 22290 0.0
172.824173335 890690.0 22411 0.0
173.825418371 895953.333333 22559 0.0
174.827866886 899776.666667 22662 0.0
175.824061213 903556.666667 22772 0.0
176.824528023 908606.666667 22901 0.0
177.824750601 914216.666667 23061 0.0
178.824007419 919860.0 23192 0.0
179.825262224 924503.333333 23327 0.0
180.824790522 929763.333333 23468 0.0
181.823995796 934793.333333 23605 0.0
182.825586732 939540.0 23741 0.0
183.824094307 943610.0 23848 0.0
184.824238048 948016.666667 23956 0.0
185.824101126 953053.333333 24083 0.0
186.823898066 958573.333333 24207 0.0
187.824390465 964130.0 24355 0.0
188.825706059 970253.333333 24506 0.0
189.824325108 975753.333333 24645 0.0
190.825523762 980510.0 24789 0.0
191.824392589 985153.333333 24905 0.0
192.82662317 989476.666667 25025 0.0
193.824869741 994880.0 25172 0.0
194.824908347 999663.333333 25300 0.0
195.824851543 1005360.0 25453 0.0
196.825251754 1010580.0 25590 0.0
197.826857417 1015076.66667 25701 0.0
198.824498668 1019723.33333 25844 0.0
199.825664272 1024740.0 25981 0.0
200.824749128 1028723.33333 26088 0.0
201.825057326 1033703.33333 26211 0.0
202.824282389 1038443.33333 26336 0.0
203.826764737 1043140.0 26459 0.0
204.824419354 1047953.33333 26595 0.0
205.82451831 1052113.33333 26715 0.0
206.829855837 1056993.33333 26847 0.0
207.824612651 1061240.0 26960 0.0
208.824624835 1065786.66667 27083 0.0
209.824161209 1071476.66667 27240 0.0
210.823936299 1075670.0 27358 0.0
211.8254145 1080026.66667 27478 0.0
212.824830664 1084700.0 27613 0.0
213.825520579 1089603.33333 27763 0.0
214.825418966 1094100.0 27885 0.0
215.824322881 1099620.0 28038 0.0
216.824505101 1104400.0 28176 0.0
217.824049123 1108690.0 28290 0.0
218.824682422 1113940.0 28421 0.0
219.824132961 1118490.0 28549 0.0
220.824258622 1122173.33333 28645 0.0
221.824384565 1126143.33333 28755 0.0
222.825917569 1130706.66667 28887 0.0
223.824667244 1134523.33333 28988 0.0
224.825111392 1139246.66667 29125 0.0
225.82519693 1143006.66667 29231 0.0
226.824361428 1147356.66667 29343 0.0
227.824595246 1152610.0 29489 0.0
228.826113182 1158596.66667 29649 0.0
229.82432589 1164063.33333 29799 0.0
230.824651047 1168023.33333 29929 0.0
231.824407981 1173606.66667 30067 0.0
232.824200782 1177810.0 30192 0.0
233.824274417 1182733.33333 30315 0.0
234.824455889 1187163.33333 30425 0.0
235.824825532 1191156.66667 30534 0.0
236.824297442 1195923.33333 30657 0.0
237.825162126 1200470.0 30776 0.0
238.824537878 1205366.66667 30909 0.0
239.825140336 1210130.0 31046 0.0
240.827492282 1214133.33333 31155 0.0
241.824727935 1218090.0 31264 0.0
242.824231441 1222363.33333 31384 0.0
243.826312875 1226716.66667 31498 0.0
244.824647362 1231550.0 31622 0.0
245.823976485 1236166.66667 31754 0.0
246.82393442 1240906.66667 31899 0.0
247.825269825 1246630.0 32042 0.0
248.825233751 1251613.33333 32192 0.0
249.824935869 1256470.0 32312 0.0
250.824478073 1261383.33333 32433 0.0
251.8248287 1265263.33333 32550 0.0
252.824434008 1269606.66667 32674 0.0
253.824863625 1273493.33333 32785 0.0
254.824189504 1277893.33333 32921 0.0
255.824434977 1282660.0 33057 0.0
256.82394258 1287193.33333 33182 0.0
257.825067958 1291723.33333 33290 0.0
258.82453324 1296060.0 33418 0.0
259.824070414 1300630.0 33545 0.0
260.824319284 1305606.66667 33667 0.0
261.825014905 1311276.66667 33809 0.0
262.825624304 1317203.33333 33982 0.0
263.824443854 1321913.33333 34111 0.0
264.824151428 1326913.33333 34247 0.0
265.825021727 1331933.33333 34370 0.0
266.828587275 1337606.66667 34526 0.0
267.8245363 1342126.66667 34643 0.0
268.824310148 1347080.0 34768 0.0
269.826035234 1350940.0 34857 0.0
270.82501965 1354313.33333 34937 0.0
271.823897178 1358790.0 35071 0.0
272.824350692 1364003.33333 35202 0.0
273.824672295 1369033.33333 35334 0.0
274.824183405 1373296.66667 35451 0.0
275.824664084 1378160.0 35610 0.0
276.824951551 1381926.66667 35728 0.0
277.826260012 1385046.66667 35834 0.0
278.82439427 1389286.66667 35968 0.0
279.823986834 1393873.33333 36114 0.0
280.82565257 1398320.0 36255 0.0
281.824325462 1402906.66667 36370 0.0
282.824151839 1406653.33333 36458 0.0
283.823972472 1411136.66667 36578 0.0
284.824453069 1415616.66667 36700 0.0
285.826434999 1419433.33333 36810 0.0
286.824235607 1423640.0 36930 0.0
287.823967456 1427946.66667 37051 0.0
288.824959881 1432550.0 37166 0.0
289.82449961 1436506.66667 37272 0.0
290.824897543 1440656.66667 37389 0.0
291.825585187 1444756.66667 37499 0.0
292.824004695 1449386.66667 37622 0.0
293.826081262 1453430.0 37733 0.0
294.824191477 1458143.33333 37860 0.0
295.824579677 1463086.66667 38002 0.0
296.825929598 1467300.0 38112 0.0
297.824464458 1471083.33333 38232 0.0
298.82416281 1474583.33333 38326 0.0
299.824950462 1479636.66667 38445 0.0
300.826214433 1485323.33333 38594 0.0
301.824501642 1490533.33333 38722 0.0
302.828340058 1494783.33333 38838 0.0
303.825123117 1499006.66667 38961 0.0
304.824008188 1503873.33333 39106 0.0
305.824238694 1508866.66667 39247 0.0
306.824112824 1512483.33333 39359 0.0
307.825141175 1516843.33333 39485 0.0
308.828843737 1521676.66667 39621 0.0
309.824110322 1525846.66667 39745 0.0
310.824205049 1530596.66667 39868 0.0
311.824300785 1535543.33333 39995 0.0
312.825477678 1540236.66667 40126 0.0
313.825031948 1544206.66667 40233 0.0
314.825980486 1548793.33333 40355 0.0
315.824100162 1553473.33333 40495 0.0
316.823896898 1558376.66667 40622 0.0
317.824448896 1563480.0 40740 0.0
318.823993543 1568616.66667 40866 0.0
319.825062714 1573243.33333 41007 0.0
320.825006745 1578360.0 41137 0.0
321.826301999 1582913.33333 41282 0.0
322.825327971 1588060.0 41414 0.0
323.825118734 1592466.66667 41530 0.0
324.824959732 1596813.33333 41668 0.0
325.824897337 1601500.0 41797 0.0
326.82452576 1605570.0 41904 0.0
327.826515148 1609766.66667 42029 0.0
328.824333793 1614033.33333 42154 0.0
329.823939958 1618353.33333 42270 0.0
330.824585879 1622906.66667 42370 0.0
331.825622565 1626346.66667 42453 0.0
332.823970027 1629566.66667 42545 0.0
333.824172228 1633016.66667 42647 0.0
334.824275736 1636146.66667 42732 0.0
335.824238323 1640310.0 42849 0.0
336.824619139 1644306.66667 42963 0.0
337.824795987 1649243.33333 43088 0.0
338.823981406 1654446.66667 43232 0.0
339.824312152 1658770.0 43343 0.0
340.824167898 1662840.0 43455 0.0
341.824045425 1667760.0 43582 0.0
342.826674114 1672510.0 43696 0.0
343.82574261 1676693.33333 43821 0.0
344.826019546 1681123.33333 43941 0.0
345.825568503 1685596.66667 44058 0.0
346.82437975 1690746.66667 44195 0.0
347.824426124 1695826.66667 44337 0.0
348.824275184 1700530.0 44457 0.0
349.824521119 1704973.33333 44584 0.0
350.827329615 1709783.33333 44705 0.0
351.824548189 1714973.33333 44837 0.0
352.826884178 1719860.0 44969 0.0
353.825303499 1724260.0 45105 0.0
354.826145631 1728600.0 45222 0.0
355.825240276 1732633.33333 45339 0.0
356.825901806 1737700.0 45482 0.0
357.826906572 1741926.66667 45597 0.0
358.825700505 1746736.66667 45724 0.0
359.825326537 1752133.33333 45868 0.0
360.824335723 1757866.66667 46046 0.0
361.824044666 1764180.0 46218 0.0
362.824981203 1768880.0 46350 0.0
363.824784837 1773440.0 46487 0.0
364.825123432 1778206.66667 46604 0.0
365.82414785 1782010.0 46718 0.0
366.824251179 1784316.66667 46790 0.0
367.830556175 1787043.33333 46870 0.0
368.824467215 1789826.66667 46945 0.0
369.824129937 1793063.33333 47042 0.0
370.824565011 1795536.66667 47126 0.0
371.8262131 1797956.66667 47208 0.0
372.824358381 1800393.33333 47276 0.0
373.82415029 1801870.0 47321 0.0
374.82430787 1803080.0 47354 0.0
375.824257428 1804473.33333 47392 0.0
376.829241984 1805310.0 47420 0.0
377.824396726 1806413.33333 47455 0.0
378.824096483 1807210.0 47476 0.0
379.82449091 1807550.0 47485 0.0
380.826173631 1807816.66667 47492 0.0
381.827444192 1808453.33333 47507 0.0
382.83661487 1809243.33333 47532 0.0
383.82405261 1809516.66667 47542 0.0
384.826583419 1809583.33333 47549 0.0
385.824998684 1809683.33333 47557 0.0
386.824728013 1809986.66667 47563 0.0
387.826192819 1810273.33333 47568 0.0
388.824790325 1810286.66667 47572 0.0
389.828590635 1810453.33333 47574 0.0
390.823902434 1810453.33333 47574 0.0
391.824026133 1810606.66667 47578 0.0
392.828192985 1810743.33333 47582 0.0
393.824323571 1810843.33333 47585 0.0
394.82722167 1810993.33333 47587 0.0
395.827253499 1811096.66667 47591 0.0
396.824899486 1811296.66667 47601 0.0
397.837720109 1811496.66667 47607 0.0
398.827416256 1811550.0 47609 0.0
399.835814838 1811553.33333 47610 0.0
400.83872333 1811553.33333 47610 0.0
401.825937712 1811560.0 47612 0.0
402.831761639 1811646.66667 47616 0.0
403.851832976 1811683.33333 47619 0.0
404.849182539 1811683.33333 47619 0.0
405.867918147 1811753.33333 47622 0.0
406.868328195 1811753.33333 47622 0.0
