20.8238954194 0.0 0 0.0
21.8301445117 20000.0 240 591.0
22.824592811 37500.0 450 1054.0
23.8239302252 47500.0 570 1586.0
24.8240861341 52500.0 630 2656.0
25.8255801751 55000.0 660 3803.0
26.8250904945 57500.0 690 4878.0
27.8269353157 60000.0 720 5990.0
28.8243659194 62500.0 750 7101.0
29.8266252027 65000.0 780 8131.0
30.8242007297 67500.0 810 9178.0
31.8240609995 70000.0 840 10281.0
32.8267332802 72500.0 870 11315.0
33.8240950218 75000.0 900 12477.0
34.8243539327 77500.0 930 13531.0
35.8240818764 80000.0 960 14637.0
36.8245075159 82500.0 990 15672.0
37.8251972021 85000.0 1020 16738.0
38.8253173795 87500.0 1050 17736.0
39.8240787804 90000.0 1080 18760.0
40.8242478458 92500.0 1110 19797.0
41.8243523922 95000.0 1140 20724.0
42.8244545223 97500.0 1170 21741.0
43.8255454871 100000.0 1200 22849.0
44.8239068971 102500.0 1230 23873.0
45.8245210829 105000.0 1260 24855.0
46.8239242384 107500.0 1290 25803.0
47.8246027387 110000.0 1320 26763.0
48.8243541252 112500.0 1350 27777.0
49.8248345984 115000.0 1380 28791.0
50.8260506039 117500.0 1410 29769.0
51.8270765972 120000.0 1440 30732.0
52.8240257301 122500.0 1470 31627.0
53.8304479057 125000.0 1500 32596.0
54.8240351371 127500.0 1530 33546.0
55.824568883 130000.0 1560 34521.0
56.8255423188 132500.0 1590 35538.0
57.824908618 135000.0 1620 36547.0
58.8240746764 137500.0 1650 37523.0
59.8259587222 140000.0 1680 38569.0
60.824413311 142500.0 1710 39599.0
61.8242069411 145000.0 1740 40588.0
62.8241313529 147500.0 1770 41663.0
63.8260367164 150000.0 1800 42669.0
64.8250885944 152500.0 1830 43626.0
65.8260427525 155000.0 1860 44562.0
66.8248601344 157500.0 1890 45478.0
67.8241039425 160000.0 1920 46451.0
68.8259047163 162500.0 1950 47326.0
69.8241956312 165000.0 1980 48361.0
70.824245534 167500.0 2010 49347.0
71.8251068729 170000.0 2040 50363.0
72.8248662056 172500.0 2070 51294.0
73.8249636258 175000.0 2100 52224.0
74.8239452192 177500.0 2130 53210.0
75.8243813252 180000.0 2160 54160.0
76.824267597 182500.0 2190 55105.0
77.8244775001 185000.0 2220 55930.0
78.8247648524 187500.0 2250 56815.0
79.8244466542 190000.0 2280 57732.0
80.8245313956 192500.0 2310 58617.0
81.8272564484 195000.0 2340 59503.0
82.8261082593 197500.0 2370 60425.0
83.8244990759 200000.0 2400 61328.0
84.8243684363 202500.0 2430 62156.0
85.8249970327 205000.0 2460 63011.0
86.8243343467 207500.0 2490 63849.0
87.825737709 210000.0 2520 64667.0
88.825507345 212500.0 2550 65533.0
89.8260696594 215000.0 2580 66425.0
90.8257027591 217500.0 2610 67254.0
91.8246849493 220000.0 2640 68037.0
92.8263921875 222500.0 2670 68802.0
93.8245676168 225000.0 2700 69639.0
94.825417701 227500.0 2730 70477.0
95.82441076 230000.0 2760 71254.0
96.8282330918 232500.0 2790 72093.0
97.8239525031 235000.0 2820 72856.0
98.824395268 237500.0 2850 73572.0
99.8246545623 240000.0 2880 74338.0
100.824157708 242500.0 2910 75066.0
101.8247031 245000.0 2940 75781.0
102.823923413 247500.0 2970 76497.0
103.824005384 250000.0 3000 77314.0
104.823969163 252500.0 3030 78218.0
105.825862769 255000.0 3060 79011.0
106.827296363 257500.0 3090 79860.0
107.824418267 260000.0 3120 80670.0
108.825177101 262500.0 3150 81496.0
109.824340135 265000.0 3180 82323.0
110.824154392 267500.0 3210 83219.0
111.825646524 270000.0 3240 84154.0
112.826800401 272500.0 3270 85085.0
113.824243098 275000.0 3300 85955.0
114.824284911 277500.0 3330 86797.0
115.824679521 280000.0 3360 87616.0
116.82400027 282500.0 3390 88354.0
117.824652852 285000.0 3420 89158.0
118.824027844 287500.0 3450 89963.0
119.823932615 290000.0 3480 90850.0
120.825348678 292500.0 3510 91634.0
121.8254503 295000.0 3540 92439.0
122.823981117 297500.0 3570 93191.0
123.826220355 300000.0 3600 93986.0
124.824021161 302500.0 3630 94841.0
125.829015662 305000.0 3660 95672.0
126.823973998 307500.0 3690 96529.0
127.824474982 310000.0 3720 97437.0
128.8259337 312500.0 3750 98286.0
129.824041728 315000.0 3780 99092.0
130.827891692 317500.0 3810 99891.0
131.825507174 320000.0 3840 100688.0
132.824681253 322500.0 3870 101495.0
133.824149933 325000.0 3900 102418.0
134.828517329 327500.0 3930 103315.0
135.825446754 330000.0 3960 104297.0
136.823906854 332500.0 3990 105167.0
137.824819918 335000.0 4020 106037.0
138.823934937 337500.0 4050 106961.0
139.823981696 340000.0 4080 107835.0
140.825362797 342500.0 4110 108850.0
141.824535139 345000.0 4140 109766.0
142.824403871 347500.0 4170 110592.0
143.824804186 350000.0 4200 111507.0
144.824732666 352500.0 4230 112366.0
145.824799603 355000.0 4260 113220.0
146.825064727 357500.0 4290 114079.0
147.826509522 360000.0 4320 114919.0
148.824220694 362500.0 4350 115764.0
149.823923705 365000.0 4380 116636.0
150.825855851 367500.0 4410 117508.0
151.824068378 370000.0 4440 118411.0
152.824822633 372500.0 4470 119263.0
153.825387747 375000.0 4500 120040.0
154.824038661 377500.0 4530 120867.0
155.826414472 380000.0 4560 121671.0
156.82871374 382500.0 4590 122525.0
157.826905535 385000.0 4620 123365.0
158.82481784 387500.0 4650 124190.0
159.823914344 390000.0 4680 125169.0
160.823975135 392500.0 4710 126000.0
161.824481129 395000.0 4740 126889.0
162.824617524 397500.0 4770 127740.0
163.824320072 400000.0 4800 128692.0
164.823925087 402500.0 4830 129646.0
165.826330341 405000.0 4860 130492.0
166.824499551 407500.0 4890 131303.0
167.823973349 410000.0 4920 132146.0
168.824321602 412500.0 4950 133044.0
169.825231127 415000.0 4980 133852.0
170.823981884 417500.0 5010 134706.0
171.823898844 420000.0 5040 135462.0
172.824173335 422500.0 5070 136313.0
173.825418371 425000.0 5100 137230.0
174.827866886 427500.0 5130 138120.0
175.824061213 430000.0 5160 139009.0
176.824528023 432500.0 5190 139893.0
177.824750601 435000.0 5220 140816.0
178.824007419 437500.0 5250 141714.0
179.825262224 440000.0 5280 142720.0
180.824790522 442500.0 5310 143567.0
181.823995796 445000.0 5340 144353.0
182.825586732 447500.0 5370 145118.0
183.824094307 450000.0 5400 145947.0
184.824238048 452500.0 5430 146786.0
185.824101126 455000.0 5460 147632.0
186.823898066 457500.0 5490 148520.0
187.824390465 460000.0 5520 149450.0
188.825706059 462500.0 5550 150393.0
189.824325108 465000.0 5580 151330.0
190.825523762 467500.0 5610 152270.0
191.824392589 470000.0 5640 153115.0
192.82662317 472500.0 5670 153993.0
193.824869741 475000.0 5700 154837.0
194.824908347 477500.0 5730 155602.0
195.824851543 480000.0 5760 156408.0
196.825251754 482500.0 5790 157210.0
197.826857417 485000.0 5820 158038.0
198.824498668 487500.0 5850 159010.0
199.825664272 490000.0 5880 159884.0
200.824749128 492500.0 5910 160709.0
201.825057326 495000.0 5940 161493.0
202.824282389 497500.0 5970 162312.0
203.826764737 500000.0 6000 163156.0
204.824419354 502500.0 6030 163971.0
205.82451831 505000.0 6060 164771.0
206.829855837 507500.0 6090 165536.0
207.824612651 510000.0 6120 166360.0
208.824624835 512500.0 6150 167086.0
209.824161209 515000.0 6180 167889.0
210.823936299 517500.0 6210 168678.0
211.8254145 520000.0 6240 169438.0
212.824830664 522500.0 6270 170252.0
213.825520579 525000.0 6300 171145.0
214.825418966 527500.0 6330 171944.0
215.824322881 530000.0 6360 172743.0
216.824505101 532500.0 6390 173631.0
217.824049123 535000.0 6420 174471.0
218.824682422 537500.0 6450 175309.0
219.824132961 540000.0 6480 176170.0
220.824258622 542500.0 6510 176986.0
221.824384565 545000.0 6540 177854.0
222.825917569 547500.0 6570 178747.0
223.824667244 550000.0 6600 179632.0
224.825111392 552500.0 6630 180593.0
225.82519693 555000.0 6660 181446.0
226.824361428 557500.0 6690 182321.0
227.824595246 560000.0 6720 183199.0
228.826113182 562500.0 6750 184020.0
229.82432589 565000.0 6780 184857.0
230.824651047 567500.0 6810 185689.0
231.824407981 570000.0 6840 186505.0
232.824200782 572500.0 6870 187293.0
233.824274417 575000.0 6900 188125.0
234.824455889 577500.0 6930 188964.0
235.824825532 580000.0 6960 189841.0
236.824297442 582500.0 6990 190719.0
237.825162126 585000.0 7020 191575.0
238.824537878 587500.0 7050 192476.0
239.825140336 590000.0 7080 193350.0
240.827492282 592500.0 7110 194162.0
241.824727935 595000.0 7140 195011.0
242.824231441 597500.0 7170 195820.0
243.826312875 600000.0 7200 196629.0
244.824647362 602500.0 7230 197634.0
245.823976485 605000.0 7260 198660.0
246.82393442 607500.0 7290 199598.0
247.825269825 610000.0 7320 200417.0
248.825233751 612500.0 7350 201317.0
249.824935869 615000.0 7380 202098.0
250.824478073 617500.0 7410 202864.0
251.8248287 620000.0 7440 203635.0
252.824434008 622500.0 7470 204455.0
253.824863625 625000.0 7500 205266.0
254.824189504 627500.0 7530 206131.0
255.824434977 630000.0 7560 206997.0
256.82394258 632500.0 7590 207942.0
257.825067958 635000.0 7620 208795.0
258.82453324 637500.0 7650 209698.0
259.824070414 640000.0 7680 210578.0
260.824319284 642500.0 7710 211531.0
261.825014905 645000.0 7740 212465.0
262.825624304 647500.0 7770 213470.0
263.824443854 650000.0 7800 214372.0
264.824151428 652500.0 7830 215247.0
265.825021727 655000.0 7860 216118.0
266.828587275 657500.0 7890 216937.0
267.8245363 660000.0 7920 217655.0
268.824310148 662500.0 7950 218526.0
269.826035234 665000.0 7980 219397.0
270.82501965 667500.0 8010 220244.0
271.823897178 670000.0 8040 221162.0
272.824350692 672500.0 8070 222046.0
273.824672295 675000.0 8100 222862.0
274.824183405 677500.0 8130 223692.0
275.824664084 680000.0 8160 224518.0
276.824951551 682500.0 8190 225424.0
277.826260012 685000.0 8220 226310.0
278.82439427 687500.0 8250 227271.0
279.823986834 690000.0 8280 228201.0
280.82565257 692500.0 8310 229122.0
281.824325462 695000.0 8340 229986.0
282.824151839 697500.0 8370 230841.0
283.823972472 700000.0 8400 231720.0
284.824453069 702500.0 8430 232654.0
285.826434999 705000.0 8460 233484.0
286.824235607 707500.0 8490 234350.0
287.823967456 710000.0 8520 235252.0
288.824959881 712500.0 8550 236113.0
289.82449961 715000.0 8580 236836.0
290.824897543 717500.0 8610 237622.0
291.825585187 720000.0 8640 238432.0
292.824004695 722500.0 8670 239308.0
293.826081262 725000.0 8700 240147.0
294.824191477 727500.0 8730 241039.0
295.824579677 730000.0 8760 241928.0
296.825929598 732500.0 8790 242737.0
297.824464458 735000.0 8820 243486.0
298.82416281 737500.0 8850 244206.0
299.824950462 740000.0 8880 245054.0
300.826214433 742500.0 8910 246017.0
301.824501642 745000.0 8940 246882.0
302.828340058 747500.0 8970 247725.0
303.825123117 750000.0 9000 248647.0
304.824008188 752500.0 9030 249517.0
305.824238694 755000.0 9060 250313.0
306.824112824 757500.0 9090 251175.0
307.825141175 760000.0 9120 251978.0
308.828843737 762500.0 9150 252856.0
309.824110322 765000.0 9180 253681.0
310.824205049 767500.0 9210 254558.0
311.824300785 770000.0 9240 255452.0
312.825477678 772500.0 9270 256390.0
313.825031948 775000.0 9300 257311.0
314.825980486 777500.0 9330 258160.0
315.824100162 780000.0 9360 259090.0
316.823896898 782500.0 9390 260015.0
317.824448896 785000.0 9420 260873.0
318.823993543 787500.0 9450 261670.0
319.825062714 790000.0 9480 262546.0
320.825006745 792500.0 9510 263438.0
321.826301999 795000.0 9540 264345.0
322.825327971 797500.0 9570 265189.0
323.825118734 800000.0 9600 266065.0
324.824959732 802500.0 9630 267069.0
325.824897337 805000.0 9660 267957.0
326.82452576 807500.0 9690 268820.0
327.826515148 810000.0 9720 269704.0
328.824333793 812500.0 9750 270576.0
329.823939958 815000.0 9780 271427.0
330.824585879 817500.0 9810 272245.0
331.825622565 820000.0 9840 273069.0
332.823970027 822500.0 9870 273942.0
333.824172228 825000.0 9900 274894.0
334.824275736 827500.0 9930 275796.0
335.824238323 830000.0 9960 276676.0
336.824619139 832500.0 9990 277563.0
337.824795987 835000.0 10020 278456.0
338.823981406 837500.0 10050 279342.0
339.824312152 840000.0 10080 280254.0
340.824167898 842500.0 10110 281103.0
341.824045425 845000.0 10140 281986.0
342.826674114 847500.0 10170 282907.0
343.82574261 850000.0 10200 283821.0
344.826019546 852500.0 10230 284662.0
345.825568503 855000.0 10260 285495.0
346.82437975 857500.0 10290 286408.0
347.824426124 860000.0 10320 287206.0
348.824275184 862500.0 10350 288141.0
349.824521119 865000.0 10380 289075.0
350.827329615 867500.0 10410 289934.0
351.824548189 870000.0 10440 290800.0
352.826884178 872500.0 10470 291679.0
353.825303499 875000.0 10500 292571.0
354.826145631 877500.0 10530 293413.0
355.825240276 880000.0 10560 294280.0
356.825901806 882500.0 10590 295178.0
357.826906572 885000.0 10620 295985.0
358.825700505 887500.0 10650 296890.0
359.825326537 890000.0 10680 297799.0
360.824335723 892500.0 10710 298698.0
361.824044666 895000.0 10740 299658.0
362.824981203 897500.0 10770 300651.0
363.824784837 900000.0 10800 301630.0
364.825123432 900000.0 10800 302548.0
365.82414785 900000.0 10800 303399.0
366.824251179 900000.0 10800 304299.0
367.830556175 900000.0 10800 305127.0
368.824467215 900000.0 10800 306027.0
369.824129937 900000.0 10800 306908.0
370.824565011 900000.0 10800 307780.0
371.8262131 900000.0 10800 308674.0
372.824358381 900000.0 10800 309516.0
373.82415029 900000.0 10800 310330.0
374.82430787 900000.0 10800 311163.0
375.824257428 900000.0 10800 311990.0
376.829241984 900000.0 10800 312686.0
377.824396726 900000.0 10800 313352.0
378.824096483 900000.0 10800 313952.0
379.82449091 900000.0 10800 314516.0
380.826173631 900000.0 10800 315076.0
381.827444192 900000.0 10800 315583.0
382.83661487 900000.0 10800 316041.0
383.82405261 900000.0 10800 316415.0
384.826583419 900000.0 10800 316792.0
385.824998684 900000.0 10800 317139.0
386.824728013 900000.0 10800 317481.0
387.826192819 900000.0 10800 317854.0
388.824790325 900000.0 10800 318228.0
389.828590635 900000.0 10800 318574.0
390.823902434 900000.0 10800 318927.0
391.824026133 900000.0 10800 319237.0
392.828192985 900000.0 10800 319530.0
393.824323571 900000.0 10800 319759.0
394.82722167 900000.0 10800 319956.0
395.827253499 900000.0 10800 320150.0
396.824899486 900000.0 10800 320464.0
397.837720109 900000.0 10800 320688.0
398.827416256 900000.0 10800 320862.0
399.835814838 900000.0 10800 320961.0
400.83872333 900000.0 10800 321019.0
401.825937712 900000.0 10800 321102.0
402.831761639 900000.0 10800 321256.0
403.851832976 900000.0 10800 321359.0
404.849182539 900000.0 10800 321397.0
405.867918147 900000.0 10800 321438.0
406.868328195 900000.0 10800 321442.0
