20771.320643266747 47 44 31 46
25784.20193411277 11 35 23 37
30788.89218816972 11 35 23 37
35789.14572944442 35 23 11 9
40792.10036337645 35 11 23 6
45797.7440434827 35 11 23 6
50819.43256570492 35 23 11 6
55849.04204970329 11 23 46 6
60878.91442573345 11 23 33 42
65893.92162885545 11 23 33 42
70923.13667484422 11 33 46 42
75924.8708003475 11 22 45 42
80925.5398178453 11 46 22 42
86005.99318702593 46 11 22 42
91007.13784113021 22 11 32 42
96016.83857995053 11 46 32 42
101032.9012508396 11 33 42 42
106034.31257135092 11 45 33 42
111051.84080822342 20 30 32 42
116052.00413645922 10 17 42 46
121060.66524329303 46 10 33 46
126074.45358752247 46 33 37 46
131101.54076955022 11 46 18 46
136104.02929536693 45 33 18 46
141110.0263660651 18 45 10 46
146115.12052992286 46 18 35 46
151223.29005513244 33 18 45 46
156237.97371488257 35 45 11 46
161257.02070049054 45 33 23 3
166266.02001438403 35 23 33 46
171296.42800860465 34 22 45 46
176305.83183577989 34 18 33 46
181309.32192220617 34 29 22 3
186309.32192220617 33 40 16 3
191332.21834508318 33 39 32 46
196352.74199626967 33 32 36 26
201376.73232739224 33 22 38 3
206402.21301092574 37 21 33 46
211413.74191902584 33 21 37 6
216471.6706002864 32 37 21 39
221473.19728032613 37 33 46 10
226502.7945071117 46 37 42 10
231659.654160515 45 38 22 10
