20771.320643266747 8 1 0 3
25784.20193411277 12 36 24 33
30788.89218816972 12 36 24 33
35789.14572944442 36 24 12 43
40792.10036337645 36 12 24 33
45797.7440434827 36 12 24 35
50819.43256570492 36 24 12 33
55849.04204970329 12 24 47 43
60878.91442573345 12 24 34 33
65893.92162885545 12 24 34 33
70923.13667484422 12 34 47 33
75924.8708003475 12 23 46 33
80925.5398178453 12 47 23 33
86005.99318702593 47 12 23 33
91007.13784113021 23 12 33 45
96016.83857995053 12 47 33 8
101032.9012508396 12 34 43 12
106034.31257135092 12 46 34 45
111051.84080822342 21 31 33 13
116052.00413645922 11 18 43 13
121060.66524329303 47 11 34 8
126074.45358752247 47 34 38 13
131101.54076955022 12 47 19 13
136104.02929536693 46 34 19 8
141110.0263660651 19 46 11 28
146115.12052992286 47 19 36 8
151223.29005513244 34 19 46 8
156237.97371488257 36 46 12 28
161257.02070049054 46 34 24 13
166266.02001438403 36 24 34 8
171296.42800860465 35 23 46 28
176305.83183577989 35 19 34 28
181309.32192220617 35 30 23 28
186309.32192220617 34 41 17 8
191332.21834508318 34 40 33 8
196352.74199626967 34 33 37 8
201376.73232739224 34 23 39 8
206402.21301092574 38 22 34 8
211413.74191902584 34 22 38 47
216471.6706002864 33 38 22 38
221473.19728032613 38 34 47 38
226502.7945071117 47 38 43 2
231659.654160515 46 39 23 2
