2.0 8.7445
3.0 9.574
4.0 9.0035
5.0 9.051
6.0 8.7965
7.0 9.1995
8.0 9.7005
9.0 9.6295
10.0 7.34
11.0 5.548
12.0 8.69
13.0 8.642
14.0 8.161
15.0 8.8905
16.0 9.2905
17.0 8.676
18.0 9.308
19.0 8.8665
20.0 3.4115
21.0 3.4115
22.0 8.1625
23.0 8.7335
24.0 8.4965
25.0 8.7255
26.0 8.21
27.0 8.3715
28.0 9.2285
29.0 13.9405
30.0 34.699
31.0 3.152
32.0 8.474
33.0 8.621
34.0 8.4095
35.0 8.6555
36.0 8.783
37.0 8.381
38.0 11.001
39.0 32.9325
40.0 37.271
41.0 27.1235
42.0 5.7615
43.0 8.0495
44.0 8.359
45.0 9.0725
46.0 8.7695
47.0 8.8155
48.0 8.979
49.0 8.6805
50.0 1.8595
51.0 9.2115
52.0 20.089
53.0 23.6955
54.0 24.8595
55.0 21.57
56.0 23.1645
57.0 24.2365
58.0 23.2025
59.0 24.4265
60.0 10.8275
61.0 10.8275
62.0 9.716
63.0 17.0385
64.0 10.464
65.0 16.572
66.0 15.223
67.0 17.1025
68.0 15.1725
69.0 17.8745
70.0 18.758
71.0 3.364
72.0 3.364
73.0 21.641
74.0 20.044
75.0 20.6125
76.0 22.8605
77.0 22.5305
78.0 21.9005
79.0 21.506
80.0 20.632
81.0 20.147
82.0 15.305
83.0 15.305
84.0 11.2925
85.0 17.029
86.0 21.516
87.0 19.274
88.0 20.779
89.0 23.676
90.0 19.1035
91.0 15.9205
92.0 19.432
93.0 15.3275
94.0 15.3275
95.0 20.5465
96.0 20.17
97.0 20.051
98.0 17.681
99.0 19.6325
100.0 3.695
101.0 8.7445
102.0 9.574
103.0 9.0035
104.0 9.051
105.0 8.7965
106.0 9.1995
107.0 9.7005
108.0 9.6295
109.0 7.34
110.0 5.548
111.0 8.69
112.0 8.642
113.0 8.161
114.0 8.8905
115.0 9.2905
116.0 8.676
117.0 9.308
118.0 8.8665
119.0 3.4115
120.0 3.4115
121.0 8.1625
122.0 8.7335
123.0 8.4965
124.0 8.7255
125.0 8.21
126.0 8.3715
127.0 9.2285
128.0 13.9405
129.0 34.699
130.0 3.152
131.0 8.474
132.0 8.621
133.0 8.4095
134.0 8.6555
135.0 8.783
136.0 8.381
137.0 11.001
138.0 32.9325
139.0 37.271
140.0 27.1235
141.0 5.7615
142.0 8.0495
143.0 8.359
144.0 9.0725
145.0 8.7695
146.0 8.8155
147.0 8.979
148.0 8.6805
149.0 1.8595
150.0 9.2115
151.0 20.089
152.0 23.6955
153.0 24.8595
154.0 21.57
155.0 23.1645
156.0 24.2365
157.0 23.2025
158.0 24.4265
159.0 10.8275
160.0 10.8275
161.0 9.716
162.0 17.0385
163.0 10.464
164.0 16.572
165.0 15.223
166.0 17.1025
167.0 15.1725
168.0 17.8745
169.0 18.758
170.0 3.364
171.0 3.364
172.0 21.641
173.0 20.044
174.0 20.6125
175.0 22.8605
176.0 22.5305
177.0 21.9005
178.0 21.506
179.0 20.632
180.0 20.147
181.0 15.305
