2 
8.177151476105413 
10.874145158982856 
11.69438203046103 
12.019054171619391 
12.118949588349727 
8.121158787031654 
10.73794549142534 
11.492472713130871 
11.80538597164004 
11.896483090081933 
8.108929273507522 
10.69579248433287 
11.425460765899295 
11.728065897015373 
11.81576738611088 
4 
2.9848581881600404 
7.926893329252389 
11.201102496864088 
12.914287720100281 
13.974758834271944 
2.842734095159177 
7.787557743636699 
11.073718337795697 
12.792480344876818 
13.856662259556957 
2.8146347987461633 
7.751649683280148 
11.032280772187045 
12.749030817986 
13.814192681849805 
