2 
7.252559067934507 
9.885936246895302 
10.849198291679736 
11.32565944965578 
11.558002632597525 
7.191619582242818 
9.747476479952319 
10.649118360770185 
11.102199043822944 
11.324366396258002 
7.161579541647933 
9.667586245739779 
10.538550842325552 
10.977844533821798 
11.18994157686368 
4 
2.3280826041047096 
6.643437886828708 
9.730084814779286 
11.46889900116527 
12.550962140862481 
2.1842698939821608 
6.49953323067676 
9.588154473583025 
11.332614730025048 
12.417003732677843 
2.138858088323294 
6.4440876318635025 
9.523449950310141 
11.26183647566755 
12.343748011627342 
