2 
0.6266712403618921 
0.5442437945601168 
0.5078417141164093 
0.49154408752103146 
0.48705846872499176 
0.6287979827798192 
0.5525664431446278 
0.5237454452126442 
0.51237934991336 
0.5097112207091465 
0.6292896142778347 
0.5547155686621775 
0.5268696580155708 
0.5167594051149601 
0.5154138455559079 
4 
0.8039963825556747 
0.6262116197235351 
0.48371937965676515 
0.4098391299869499 
0.3700187467371177 
0.818844386315929 
0.6432186362873747 
0.4983450724689462 
0.4216029425865849 
0.3831262976532986 
0.8210570640747661 
0.6452507026804941 
0.5002928932537032 
0.42404138260864843 
0.3860125185927068 
