2 
0.6637251193248683 
0.5920872220935813 
0.558974529347714 
0.5471394421547578 
0.543243885682787 
0.665027492178684 
0.5971780822536126 
0.5695075106737902 
0.5603569434532765 
0.5577755576046789 
0.6657609410241185 
0.5996995679331164 
0.5745039125752106 
0.5656399907300659 
0.5648954705912481 
4 
0.7884100006434567 
0.6169741483824981 
0.5048441376735178 
0.4349749284637077 
0.39200789209301373 
0.8002183456777272 
0.6300054698769121 
0.5142350442942071 
0.44412498871210737 
0.4017015891861439 
0.8037927926389469 
0.6340820004661759 
0.5192040086772824 
0.44841271158638346 
0.4060442293471183 
