2 
0.6673578203175631 
0.5882145710091764 
0.5483641440938685 
0.5327231477187211 
0.525323217684257 
0.6686659335718728 
0.5931794127095528 
0.5576117340611132 
0.5442129227295595 
0.538926491159849 
0.669282763890308 
0.5949969780331321 
0.5616367253539314 
0.5479875003809375 
0.5430745054615946 
4 
0.7739672461712533 
0.6094897175163186 
0.5082267275855086 
0.4491540397689577 
0.40877600731614366 
0.7850832958831181 
0.6215007539947097 
0.5183051449834095 
0.45668109327750933 
0.4161191213091061 
0.788263399782592 
0.6238274450092498 
0.5197460001978802 
0.45912445442132116 
0.4170835124902774 
