2 
8.656470317268365 
11.205399642141657 
12.03154403889107 
12.41032976586986 
12.553746659379357 
8.563196394372083 
10.97039399015217 
11.697540181107517 
12.042087942035444 
12.164905932145327 
8.54365589972477 
10.917044652547265 
11.623201087593559 
11.95533725532501 
12.067910358614379 
4 
2.3185797913100967 
7.966082341743793 
11.729896315619118 
13.417122813341201 
14.209589474669368 
2.125894990386085 
7.754565119792602 
11.514377941121348 
13.21188913134179 
14.005541425023806 
2.0962673725376026 
7.717357768221377 
11.467619877869044 
13.162234187922373 
13.95697397998565 
