2 
7.783409080950778 
10.380017986158297 
11.252673027014744 
11.66918249700876 
11.85476639507799 
7.708443614059381 
10.214494975736962 
11.02375876646017 
11.428739848644312 
11.601252734788424 
7.689887518099065 
10.160897854389635 
10.952933348320304 
11.356997754691571 
11.532897120763694 
4 
4.135426316860978 
8.606510861950648 
11.12308306878549 
12.439028136231482 
13.341638125863403 
3.99272914119488 
8.457658694238505 
10.975485493848105 
12.297636396853472 
13.196938513894729 
3.952849111915311 
8.411547192495263 
10.928346519893122 
12.245215742551226 
13.144923853878053 
