12 0.0
13 30.341031098117153
14 20.82310841631145
15 1.2300245590567196
16 16.893115934882804
17 46.10091390807644
18 44.11748603956429
19 40.03433619415282
20 44.2336974592473
21 43.005823757577026
22 27.91414929295253
23 7.063165803520184
24 27.858002995388343
25 30.927838082422927
26 31.144974848409166
27 46.91839377866364
28 46.32890914155469
29 36.30589740693778
30 17.132604669245694
31 0.0008445432662794869
32 10.573826375889182
33 0.06848793876551425
34 22.079269369490866
35 18.862526476859273
36 40.9242128702304
37 46.66709301923866
38 42.76336302391112
39 47.687767130139164
40 0.0
41 11.624310186889156
42 21.39738836029954
43 32.28837590533181
44 35.66981541120287
45 0.052922216333134486
46 0.0
47 7.656672317975677
48 36.42641109659286
49 15.719753747737668
50 1.1665453020060634
51 3.325855840188749
52 5.574216055457157
53 19.644121327976183
54 0.0
55 14.132966450499556
56 44.145705221717066
57 0.0
58 0.0
59 0.0
60 9.812918118938478
61 5.09774172156728
62 13.041393913316515
63 0.0
64 31.67717714855124
65 36.819027802349986
66 43.000960293928664
67 47.17660712178873
68 4.931450754638158
69 44.680719080691645
70 41.309862735942964
71 9.919703077926128
72 0.5593913436228113
73 31.784969771873158
74 0.0
75 0.0
76 8.044029591907664
77 11.760912173463941
78 30.81029300042529
79 6.885837199588905
80 12.027489787922182
81 52.138466119044715
82 52.897677788631526
83 44.19446849094797
84 1.9262549380636458
85 44.35137893734417
86 14.840672311345703
87 24.432046639565634
88 3.3128239532854
89 0.4955952572603062
90 40.87969551818903
91 51.03757225942769
92 44.344387478312505
93 2.187652583130576
94 26.575178388756978
95 37.82152123626292
