7 0.19660223725149442
8 38.314083073386456
9 29.62858388939829
10 28.639604740904485
11 35.07109400442106
12 38.6885974412045
13 40.963813820726216
14 42.89597365984503
15 40.53591866894403
16 38.58976398528907
17 42.6513294790767
18 43.09667830727071
19 42.21568403368918
20 42.78128950151569
21 41.8691077618177
22 42.66972375166141
23 42.046190291950246
24 41.768736323747866
25 40.55441616721702
26 42.040734779004055
27 44.684678798643425
28 45.40162700270832
29 41.91076076080648
30 32.50058445282158
31 42.91634496424805
32 51.53023383661405
33 49.84231849640511
34 45.55987699861358
35 4.369958810801864
36 23.15750033897335
37 47.864532506602345
38 48.06385597459591
39 50.744279869588226
40 43.4046960838023
41 39.14464879105839
42 45.621698499172645
43 36.96046518662932
44 34.14029682718047
45 43.79549051985443
46 29.10164187459448
47 41.496028562825074
48 41.5726039753987
49 41.01385633235629
50 38.644016927445186
51 35.35912552700598
52 33.155082507589036
53 37.830877524917916
54 37.78339153020242
55 40.634866207312065
56 41.75781246371622
57 32.389179452221605
58 11.811358405576694
59 22.048334533287463
60 17.09826501583625
61 47.365764434693645
62 47.00897298206161
63 49.45000392215933
64 45.60797191123154
65 49.13690055256154
66 21.82642801775476
67 20.430796141449143
68 10.024614419495734
69 13.34676707097534
70 51.81867110215073
71 55.31724547451372
72 32.74289116415289
73 34.214079191546745
74 46.24516893664282
75 49.66528668210257
76 46.14229147065255
77 48.45099617932181
78 51.06567479310608
79 50.11840772969243
80 46.236918941491474
81 47.35622325261557
82 47.16008031030728
83 47.2427926932537
84 47.66331605659336
85 47.90070226349705
86 48.30541628886072
87 48.65700125913924
88 49.55883584736862
89 50.13327778832727
90 50.92471744603844
91 52.13368939574333
92 42.88599273864087
93 46.10079226796851
94 21.464472038907275
95 0.0
