11 0.0
12 44.76751296099003
13 37.09013327244855
14 19.74868541160769
15 21.876586063784362
16 43.85316160669573
17 47.77914562473194
18 41.54888234770204
19 17.702776895816616
20 39.091762408898816
21 48.553758795847045
22 0.0011830569324806212
23 38.72288720935738
24 31.857370269995247
25 34.75842843157256
26 5.893695167330797
27 1.6905653250379016
28 0.7195658712213765
29 5.892522617980976
30 4.617958502341391
31 28.60073810552636
32 48.23596050227519
33 33.31033751774531
34 27.795619691353373
35 11.868480870505847
36 42.79239931805404
37 56.26092492758295
38 53.55561388827528
39 48.88372735547083
40 7.741200195715692
41 53.2067014642348
42 52.37551980894637
43 6.50767395071281
44 35.665121237010155
45 38.61897588819012
46 21.802679456063352
47 3.1405444082812544
48 21.263135688901485
49 42.801339149119656
50 43.06764334336707
51 42.74336776777885
52 44.54934753284596
53 40.05073632432192
54 38.51439044971275
55 43.64997129713123
56 21.413266971345987
57 37.05535859692602
58 2.6343560506000863
59 10.861529753438527
60 29.69732254700139
61 2.8454935681377704
62 4.052569882207297
63 7.63400961070855
64 6.755685030270165
65 6.2443306354918136
66 12.53238464587599
67 31.973742773406435
68 17.343019461129764
69 0.0
70 0.11809940968476129
71 54.53685904094988
72 30.011472645242563
73 42.56576510064249
74 0.7523571092662126
75 41.161920987425304
76 3.992311844271091
77 0.0
78 0.009534615570622906
79 6.434829877613493
80 3.9323392533422625
81 0.0
82 35.30956350668555
83 23.308868206693123
84 33.298845785608094
85 48.88514670572082
86 42.15184237346105
87 43.291049008519195
88 47.44529423288083
89 43.705620566365376
90 48.61342200731776
91 50.12123292573467
92 49.23258210684701
93 53.06909317671746
94 33.2571520962708
95 45.695793407530594
