7 0.0
8 15.906771940004626
9 4.084963363474869
10 18.608187447132664
11 13.812356447654839
12 38.68278710753414
13 38.49020592995873
14 36.10580195355032
15 35.4049415054649
16 36.49058975676099
17 39.57443646429909
18 40.883725470870246
19 38.30650303295948
20 40.945764546968
21 38.979194302934225
22 39.53281844031843
23 32.72894194909808
24 39.61385784603442
25 40.01539716471783
26 46.749564382092125
27 49.18582211592416
28 44.189259719100896
29 42.14618343022899
30 46.48343017790057
31 38.28228975848412
32 42.007717796779936
33 52.307201655898766
34 52.11933388651108
35 48.89925244360555
36 47.30572164750057
37 40.69286834909122
38 37.56917691797162
39 45.407703065988954
40 41.38482664470649
41 42.63618644221242
42 41.20528211023634
43 42.990920646088036
44 47.32472678145873
45 49.64043253697676
46 39.2593554869295
47 47.08325558993292
48 47.71854466329579
49 48.658339844275396
50 49.38869072185901
51 43.72662420202625
52 41.523281456500634
53 44.39584031480145
54 44.48500242667222
55 49.36308830073048
56 46.223935223946945
57 44.20858742107933
58 45.08443966514314
59 46.264903245505096
60 40.76914143348725
61 47.79108625967132
62 39.733708450474346
63 46.415119770265996
64 46.39292233965583
65 47.45626565279442
66 32.55781202692661
67 43.767234914626336
68 42.06341927184319
69 48.03527821388906
70 49.76346777182367
71 47.453909272793524
72 40.311166614107044
73 40.79920332883063
74 46.993035532306834
75 39.82991099739285
76 41.19263958442785
77 48.966978341507705
78 48.94571189943238
79 48.74345613728919
80 48.248592890593955
81 44.95051792218215
82 46.948782323853564
83 44.281807101474946
84 45.112806245091605
85 46.04237150500238
86 46.185353940502544
87 46.93632917934675
88 49.521482617504915
89 44.2639514302699
90 41.17753991825045
91 41.67864890901771
92 46.07307253020408
93 31.404201068584303
94 21.054907273731978
95 37.888857569028026
