1 0.0
2 21.674890780394232
3 8.842500936434373
4 15.125231779196689
5 36.93470704483822
6 39.80197455761584
7 43.2532567797431
8 50.0353146053795
9 37.1134738445549
10 35.52584236468577
11 35.888469569266725
12 36.21053389303159
13 37.03140264893111
14 36.63844396728688
15 42.56268714824745
16 42.15339276951245
17 46.92846979789144
18 37.98176377563916
19 42.14795147566517
20 42.17151873027903
21 38.60758141849984
22 38.51404607394708
23 38.01240953985397
24 42.77972614135706
25 45.75383412316751
26 44.08829661900781
27 48.26487642774031
28 35.34058484751556
29 32.127927575502326
30 37.26093482341803
31 41.57999306117578
32 46.224253231279626
33 48.391340958891746
34 48.20554584008497
35 43.20327811177085
36 43.318941493876004
37 47.176290364725496
38 44.38170211121214
39 40.13346458909246
40 42.28110625627761
41 45.31443314856886
42 48.288485610951106
43 54.594802737535105
44 44.83712743694277
45 42.81728121288257
46 33.11397553951707
47 37.36535964009487
48 39.464707153806124
49 38.296248913609226
50 36.973866725525426
51 38.81250842026266
52 36.5991835185233
53 40.92846698287571
54 40.46655114648927
55 39.41395377356058
56 50.996006121154245
57 44.89597821243854
58 47.23063022627428
59 48.892286566146204
60 48.21796216310394
61 50.03449401600495
62 49.30717017896719
63 48.81443061785017
64 45.43310468970236
65 43.521538596409385
66 43.68177789470348
67 40.614026174857656
68 45.215225841704125
69 41.73228770684006
70 48.94535127391269
71 49.10522036924751
72 49.98201416630422
73 48.97440006809985
74 50.283181851434584
75 44.95550465052103
76 51.001863956545314
77 49.41924894218137
78 49.73254910229787
79 42.402901068128735
80 37.62520979122679
81 38.264060424716405
82 39.92621430455051
83 45.81287136652808
84 46.30473324644352
85 43.34617650087174
86 41.252505194580756
87 43.293618397769336
88 38.63883432060144
89 46.47571885994928
90 42.994907618058534
91 40.30702215484979
92 41.23411829500476
93 13.667178981101815
94 9.376342332914842
95 16.897226905874668
