17 0.0
18 41.84774528004735
19 6.385069530376455
20 1.7972465771558728
21 0.0
22 40.72447372660158
23 0.09977067835855706
24 24.242325757949697
25 8.637917450760686
26 42.93072083122177
27 0.4436788412914535
28 0.0
29 13.588111445190348
30 15.541330544272615
31 28.0116922236072
32 18.58200297590915
33 40.38197857965413
34 33.36313967830005
35 3.2702292166208498
36 0.4034187973208716
37 47.41461963128572
38 27.76720978599823
39 0.2558600173066742
40 29.212339059549656
41 25.005424628759137
42 14.97112982668902
43 5.818517379443745
44 5.536619370267434
45 0.21473005904875692
46 0.0
47 15.953890789624264
48 0.0
49 37.20658495824197
50 3.8891016964672533
51 0.022378651682869847
52 37.444259286242875
53 0.23197556746943765
54 18.20369674170241
55 19.321495508536405
56 47.226035622821584
57 17.321228398427767
58 1.1926695330104335
59 0.48188274605567677
60 22.979360478224205
61 0.0
62 0.6610080172531742
63 8.559659478986038
64 6.85372095748904
65 3.259579197670183
66 0.15376316583787894
67 0.2576348020769589
68 44.68205293338956
69 34.40859633197313
70 46.22648687054269
71 35.154158910822154
72 47.17538688104076
73 32.033086861107265
74 20.54577036335329
75 1.0850610477570868
76 0.0
77 26.695091702942232
78 55.21338146155513
79 41.7962250745578
80 39.16250998997238
81 34.782054955465505
82 31.00709069844652
83 16.545944553672424
84 42.446071803335975
85 32.58707719273341
86 15.997513395035485
87 40.99056613961062
88 15.333041360359694
89 39.75877578483544
90 7.196606300794177
91 30.548943756160348
92 34.281419578160055
93 23.361173483122485
94 20.63654280836061
95 2.690807794463878
