12 0.0
13 31.771210448302345
14 4.77538700082443
15 0.0
16 7.081765813352174
17 40.195119093854665
18 39.05785779470876
19 41.62066068569123
20 0.0
21 5.9124174470145405
22 0.5955065071752259
23 7.312288367065585
24 25.375401560696066
25 21.83584591765136
26 0.018046575664269385
27 8.037346652903102
28 40.49453874667095
29 0.0
30 39.98693333577603
31 0.014918596134557482
32 13.368287084819011
33 0.0
34 36.74576408070817
35 45.73405837173092
36 55.5177842390293
37 51.00659762639888
38 32.186427433464736
39 0.0
40 0.0
41 0.0
42 9.43337061629781
43 0.09276504148138717
44 27.550106504903997
45 0.0
46 0.0
47 3.503064600132375
48 0.37491815643775267
49 43.882759128888495
50 0.0
51 5.499873249017179
52 42.38226735301233
53 43.90393603338172
54 47.47323931804189
55 10.465873956420026
56 0.3753177199803273
57 33.098340256732634
58 47.11649296329436
59 33.257273526414245
60 22.482255523851126
61 0.0
62 29.364611544870012
63 19.309633266062708
64 17.18552689255972
65 26.395822094970683
66 8.65115928028018
67 44.32184220826797
68 48.26181766599481
69 53.40986926782051
70 62.13981635571576
71 53.82411677812832
72 53.53371869801983
73 56.12592324370587
74 58.95414880223552
75 51.93762201521144
76 56.33834799721743
77 0.0
78 45.399370102063706
79 24.866155922207394
80 17.282891709570603
81 38.81088715381258
82 38.799135781447156
83 29.767291969859627
84 15.512895713381063
85 42.02252707588047
86 28.93737298881478
87 17.361634211743095
88 44.80256203057077
89 0.45477808771236683
90 48.48491319719397
91 51.416292309500875
92 30.56533031417262
93 35.80655219768911
94 42.753701299202504
95 7.539448240626103
