1 0.0
2 34.93025804587173
3 20.873904878580962
4 19.4732136464322
5 43.1940000310786
6 45.29253852900601
7 43.431481786208685
8 45.79201804919596
9 45.7219080438361
10 44.47172157445747
11 41.72682967491147
12 38.04196813735975
13 35.84062557588828
14 34.31718120229281
15 35.934721994944155
16 39.886501291703716
17 36.489301923732576
18 36.085461941089456
19 44.14013454617588
20 38.233237326878246
21 39.2186937832111
22 38.06360715872811
23 37.83010450315429
24 37.93178528983541
25 40.430246790546974
26 47.206781060414116
27 35.110684039437736
28 35.40027622214335
29 40.053456490871255
30 39.39398358209388
31 38.84778000268836
32 42.25551250091014
33 42.79309348691856
34 47.51675127949815
35 22.768967905867953
36 35.796670215319786
37 38.8027291793777
38 37.57288387052117
39 40.63395040855954
40 46.43745838250732
41 42.255855427520196
42 40.446543016245556
43 45.662181582485545
44 42.06116680019996
45 41.2771771669305
46 48.81571912910359
47 43.38219371868595
48 41.044661838147626
49 41.53878981439627
50 44.02670112618563
51 38.6054229766337
52 36.65028389164556
53 36.17180537621658
54 43.523977165924634
55 44.404861290313654
56 40.709542917617505
57 38.45115779738428
58 41.702721514759126
59 49.30582561605258
60 42.75362774093158
61 38.28081951891935
62 35.99018014818414
63 38.33885540981288
64 46.42352185858391
65 43.31125043922312
66 45.09519297884202
67 43.94091516281517
68 44.58532413146676
69 40.83369245367728
70 51.984076871058406
71 43.49048953992934
72 52.38234799915688
73 52.11060474057078
74 56.76933751472369
75 50.69976439558051
76 47.90754088201714
77 48.285635512659205
78 44.71037406133807
79 50.65264475197782
80 46.061903510341764
81 47.54736565222706
82 44.84970140184721
83 45.52030031851455
84 44.44503878426839
85 45.04475422245764
86 48.766996371532585
87 45.59296180602358
88 50.209871433320366
89 46.36757296893814
90 43.696189843919676
91 48.31583740248548
92 49.25494290053812
93 40.04350483883465
94 39.56598772554219
95 47.25620067927147
