2 0.0
3 50.756389059308596
4 18.47715696834798
5 0.5564441160787876
6 0.0
7 3.1739190629234275
8 49.070682035708835
9 45.50683817450268
10 51.300839330545685
11 48.56323706203478
12 47.60227629309775
13 47.84017084744846
14 42.342037334641354
15 40.00300123046179
16 39.4767479513444
17 41.62699841475433
18 48.09533584986127
19 42.621636689912165
20 45.16110041935711
21 44.99573820276088
22 43.89193440070574
23 34.49705686385477
24 39.806396796428196
25 41.447390439225195
26 44.71755117096299
27 47.708032068467055
28 46.92145714423291
29 46.2232817338117
30 46.94870421100943
31 36.831722614724335
32 20.62399384279175
33 36.91021462777931
34 45.95635318303438
35 43.44916318709169
36 43.49055081409153
37 41.571267096806245
38 39.609275913309126
39 39.89431849132951
40 42.955186271949344
41 43.26828449298413
42 42.94063093577909
43 42.296036933072635
44 40.38207887114259
45 42.07136035404977
46 44.98722861218931
47 45.61322773085663
48 45.37417443378088
49 43.72868561665029
50 46.02707994874231
51 46.257654398643425
52 46.840050931555055
53 45.4897749295334
54 44.83619298518358
55 44.80759973378703
56 45.9657668343147
57 48.58495624592658
58 44.1470328149743
59 46.164177106602715
60 46.19100354554456
61 47.002838222016685
62 43.51167213612654
63 40.7394623391643
64 40.6343469287449
65 36.67672198655503
66 33.105864603587854
67 34.64703152207405
68 41.92818036228001
69 42.93952377097673
70 42.67812092255827
71 43.36387845341022
72 45.05068252455803
73 42.34894872611678
74 36.812123645242266
75 47.75526074325992
76 48.43327811674967
77 48.41912705249924
78 48.32752056864399
79 47.600744335837554
80 44.053699635165565
81 42.115718026679865
82 45.539207622260875
83 44.05954272836804
84 44.957459081331436
85 45.73348805074249
86 46.358589958176175
87 46.96898071657067
88 47.643143442418506
89 47.83766270923965
90 47.091213362973384
91 48.38272053544136
92 48.98436427461364
93 49.35464012344142
94 47.42615321906886
95 48.55794797697192
