7 1.143310377519107
8 51.402789320147356
9 39.81739813253672
10 43.192504343203346
11 16.82893186626308
12 0.14262293719739155
13 0.0
14 40.41027855651625
15 40.41926764651294
16 38.66669177222138
17 41.15593139194588
18 43.485259088493244
19 42.71665836578569
20 42.75690410872311
21 36.95798992611874
22 32.48182282684279
23 42.93972548676763
24 42.92302182258924
25 38.40735771710502
26 24.364447689464523
27 16.009132266989976
28 37.11019660008915
29 35.2541676299988
30 34.80282468060927
31 47.37521293051071
32 52.58668178104228
33 57.34541609644261
34 55.82644895504064
35 56.056641479813386
36 54.892849607452675
37 50.33550301952375
38 39.350164767984644
39 43.849315125751446
40 49.930500482154095
41 49.76645769569395
42 40.58250876923989
43 38.2880265044798
44 40.26143624682282
45 42.74782191445184
46 43.496870638108525
47 41.04661627428924
48 41.30402107829068
49 39.12539216849188
50 47.10208419135974
51 45.44344959821409
52 36.39097186094593
53 12.288870558551285
54 26.15244828945504
55 41.04389193470573
56 44.54997826865386
57 40.750186132690395
58 24.379524657542913
59 34.741229654762684
60 36.32870540306523
61 36.22461950443566
62 51.94333497653569
63 54.37360639465401
64 49.00487445506681
65 52.1775012421725
66 50.02647352978464
67 23.26446607387241
68 48.85718760771687
69 48.01822135635384
70 32.63934843033674
71 33.40195530392341
72 34.72051236574602
73 39.74373855015532
74 40.17124721315293
75 38.21840010467143
76 43.19639626097584
77 44.05630805231268
78 46.62710440162311
79 47.25828252898679
80 45.781451521299225
81 47.73666895867326
82 49.01904617590611
83 52.89399553674203
84 44.05181435834911
85 46.00485847052492
86 49.45656491656072
87 46.17392792752183
88 43.5507353287166
89 41.074127737095985
90 31.148206336209384
91 48.006951849319684
92 51.01932548139013
93 47.0388169859797
94 4.632256009583144
95 39.849250523294025
