11 0.0
12 18.81246773393205
13 37.92300217876561
14 23.044472492142397
15 17.22628791333768
16 39.28328097183471
17 0.0006636074132463529
18 37.609592535032206
19 0.0
20 1.8188341477901926
21 0.0
22 13.74604161873981
23 28.097597224013143
24 6.057607165496247
25 7.390978464442898
26 35.295077708422525
27 0.0
28 9.861810754281324
29 19.46675370402423
30 40.01183674360118
31 28.63175996898389
32 9.598642349680198
33 11.372495738903247
34 38.8057986407741
35 33.90848228498907
36 43.44270624174295
37 17.514466204501336
38 28.747118248987494
39 36.72971734737185
40 0.0
41 0.0
42 8.167227110250131
43 0.5510585314957686
44 1.0329282876585106
45 12.410348379039835
46 39.28857366603752
47 0.0
48 24.018129691193217
49 7.40333188707772
50 48.59295096745323
51 26.58147825733444
52 46.95566444113718
53 3.5483722111052622
54 39.69090361301818
55 27.638163305879054
56 5.75079191180538
57 0.0
58 0.712104372059446
59 0.0
60 0.0
61 0.0
62 0.2774062134533944
63 4.132969153764576
64 0.0
65 20.731893503616206
66 34.249415063997084
67 0.0
68 20.126500989502777
69 17.727365902931716
70 0.0
71 0.0
72 0.0
73 51.502290382485306
74 2.4372521336711515
75 29.44015549942981
76 38.751695406366714
77 0.0
78 35.72635707627568
79 21.83336296304554
80 47.22046433907758
81 34.93060047722194
82 36.81228713556655
83 8.311871963942908
84 43.90775589226433
85 16.50852939246052
86 35.0472903779425
87 16.77876425445907
88 10.892695914444023
89 4.777725803139104
90 48.55264865976684
91 50.361699534510436
92 49.520154910902924
93 48.293352219738615
94 48.69841786338483
95 48.52171665078666
