17 0.0
18 28.656610363464182
19 11.205518875049746
20 3.670929014389843
21 2.537935190281214
22 27.0010508655847
23 48.274135279840365
24 2.3334164154608494
25 18.04761963051122
26 10.393563184840016
27 42.67036877520954
28 44.11992988613957
29 39.08527356903146
30 44.61352025153753
31 44.80908617751264
32 46.28236523870538
33 39.38534619120789
34 25.2331721235702
35 1.8352018627759605
36 0.13300628989451646
37 0.0
38 1.3958246567063313
39 37.240776041146454
40 29.100698326864542
41 36.85918111248631
42 61.41575170393811
43 0.0
44 14.0088853918696
45 16.63870848775476
46 15.94713860662236
47 34.25114405605897
48 42.521678438318624
49 40.58612100840984
50 39.07210275153846
51 42.63304798551978
52 50.470206586631974
53 43.325230863837454
54 14.93713794962398
55 0.07806241719113262
56 0.0
57 32.33804306233854
58 27.67155699869658
59 33.18036456473303
60 0.15140036839453583
61 3.755981965849709
62 24.213961846871907
63 19.51285341928037
64 28.511255791854875
65 40.27602455356943
66 23.737129751533768
67 42.9410274462619
68 1.225326914275779
69 0.0
70 4.554399299679256
71 0.97048224809931
72 10.346898790199866
73 20.302925563466026
74 36.77498698316651
75 13.950499012172259
76 6.786721878562446
77 42.69641709614412
78 38.31832514334814
79 47.34625346818272
80 51.28940423451132
81 30.27155571607595
82 38.01954197240472
83 41.532468406392795
84 47.31244456045748
85 18.459236005865773
86 16.141524910778973
87 48.124993275280985
88 49.759380732893014
89 35.58494037090238
90 30.488117596006283
91 26.19561867082273
92 47.47865158161364
93 0.07894944384448611
94 12.51831125793972
95 43.962313606815044
