17 0.0
18 17.922857398152846
19 0.0
20 1.8457347644977957
21 11.819406337260352
22 9.372279965311424
23 39.92648606490218
24 25.17380421937738
25 28.786179738675028
26 1.0017642246812783
27 0.2857624345346698
28 8.75244877643456
29 12.017890232845412
30 4.471574503902826
31 20.240020805930282
32 8.743033902415076
33 29.15056012660977
34 13.908956856408551
35 4.017838953555793
36 1.6217011276564257
37 0.29603738880822017
38 10.781764108691263
39 0.0
40 0.0
41 0.0
42 34.797135656181155
43 14.377884206088304
44 3.178920258394206
45 17.022039259864908
46 18.855905084012445
47 46.1425169328356
48 9.381457366742529
49 0.0
50 17.207806791694185
51 35.29082165052741
52 19.61288732276119
53 22.908143375174454
54 35.13096875585268
55 14.310467445726195
56 0.0
57 21.917691399740367
58 4.358744876292473
59 14.832071069936847
60 12.347258180726195
61 41.600085511735045
62 24.163815176906333
63 12.476071305985315
64 0.0
65 0.0
66 0.010968786097620854
67 9.796382298024069
68 21.709454960068975
69 33.38175935493152
70 38.748791496808316
71 6.319642235150395
72 0.004359550855999582
73 0.0
74 0.5445092865830329
75 7.090053003142406
76 39.59700947910876
77 15.352092934782089
78 1.9654160991856942
79 45.24803859696702
80 10.314212809891679
81 15.60151070178099
82 24.64249833582797
83 36.35394870251003
84 34.34437189071213
85 9.370362467689688
86 44.42427429307985
87 47.726604424261815
88 46.770897370587925
89 11.636906179502285
90 2.5904400017496325
91 12.770242973126306
92 27.645612757452927
93 5.576012017585848
94 0.10484767032900968
95 8.312939902691012
