7 0.0
8 19.10980556656529
9 0.4312437707041882
10 0.0
11 19.106390770073318
12 4.031325797187283
13 36.711092748028356
14 40.592941876638626
15 36.69909619157484
16 29.69802729452851
17 32.453233355079746
18 41.218104713281164
19 43.30657534203201
20 41.86559079828775
21 23.70960432142801
22 40.481044370005776
23 27.736721578001163
24 27.774098525104595
25 39.79022845332642
26 40.91238442046249
27 43.406382785827226
28 44.40738305272693
29 44.01165180314666
30 44.91212858574915
31 43.87623799755602
32 43.45609749363974
33 42.40326793560572
34 36.70631385750579
35 40.13160409299608
36 41.24275175809589
37 43.4194022495035
38 45.54857237638072
39 43.89753898607816
40 41.08310985521829
41 41.09219575932137
42 46.30522537336268
43 45.27619707788488
44 45.393553755221596
45 45.10769343627242
46 46.36712716702641
47 47.890793652087666
48 47.28990323459907
49 47.69712206495529
50 48.76366835652151
51 47.4920568085757
52 44.787803743513706
53 43.701009763518044
54 45.46455252678264
55 43.69037930630653
56 41.50929426431051
57 42.46232894633603
58 42.590626233054564
59 35.84647486135817
60 26.460488742160397
61 31.139845361187437
62 41.82374780855284
63 52.93985108358487
64 54.151645055126174
65 56.219982827189874
66 50.05743571160031
67 49.6118915061085
68 38.48075066329306
69 45.443043466603584
70 47.150223235042795
71 43.18369872522144
72 43.68381613203651
73 42.320814821723474
74 46.02948495298698
75 40.07093481755895
76 39.47540113014712
77 46.95842172689492
78 45.71568321432466
79 49.086632168946885
80 50.19058206903592
81 48.264649448251866
82 48.51428713036854
83 49.46957366374456
84 49.27150831389656
85 49.786142247765206
86 49.43810587692979
87 49.35846153634649
88 49.561424736651
89 48.54071302882596
90 51.19941957412425
91 52.16615281323248
92 51.16656238077526
93 50.74749268896779
94 36.62160550770166
95 43.43306335891749
