15 0.0
16 0.33062977888056155
17 3.3578896973912817
18 26.98052330059572
19 16.40019859804984
20 43.83758497847994
21 42.25499275754837
22 25.057337674202135
23 0.0
24 6.082168369504349
25 11.661064276795734
26 44.36974854066564
27 21.03146490712137
28 26.353042426712328
29 44.213914899233494
30 13.269632897831714
31 19.942589527158752
32 28.899002261050892
33 8.66224836340771
34 47.545853568506985
35 34.17942116509595
36 45.723588338824975
37 4.620360565767087
38 0.10713084995722286
39 29.410965532004358
40 6.407326523721081
41 4.653837521335273
42 0.0
43 2.556254496723343
44 14.066573216400888
45 17.102895173281855
46 23.64616059532696
47 25.062328487130177
48 38.61611959680461
49 0.8907473780830781
50 49.73328874421109
51 0.0
52 45.89381273715739
53 2.825774053362294
54 0.0
55 17.279203018538396
56 2.2635485506445234
57 30.434024109690927
58 8.082793872554351
59 26.04501096309741
60 9.424466169824639
61 0.7621295304146252
62 34.04382457926581
63 12.57833064703584
64 19.048095948794373
65 0.0005574857136437435
66 47.57614441405217
67 9.082046075844723
68 0.36611498801895354
69 25.100700263824915
70 15.003391952143447
71 15.678849400118036
72 0.0
73 4.362661199394291
74 23.035895022086503
75 6.418918190350923
76 35.32897008961088
77 31.880607689509436
78 23.21558164563999
79 20.17608751201677
80 14.925070768086703
81 24.991722806374757
82 45.94554748715651
83 28.0144965782774
84 31.460384551786184
85 7.555492433829462
86 23.529169385398824
87 0.04688842309664014
88 25.450475192545998
89 35.549198035710795
90 39.32695837564535
91 37.90296309338619
92 51.53033405549388
93 50.91156621228975
94 50.0249050865727
95 51.55371273610194
