20771.320643266747 14 27 30 37 39 41 42 46
25776.269802795945 46 6 42 27 10 14 9 37
30787.60010306329 42 46 27 9 10 3 14 37
35794.54488188865 30 46 41 10 9 14 37 27
40803.95828142651 14 10 9 3 42 37 27 6
45807.23916217146 10 14 37 41 42 9 27 6
50819.43256570493 46 41 30 9 42 37 27 6
55852.4505468443 10 26 9 14 37 27 42 6
60855.2215086111 39 14 9 27 37 26 42 6
65869.6563006382 39 9 41 27 37 26 6 42
70903.17934233972 9 14 39 27 37 26 6 42
75950.34910721083 14 3 9 27 37 26 6 42
80952.12082428506 46 27 14 37 26 41 6 42
85954.949467733 30 37 27 26 46 6 41 42
90967.33247736661 14 27 10 26 46 6 42 41
95971.11256588502 14 26 39 46 6 10 41 42
100980.74383179443 7 39 26 46 6 41 10 42
106032.90125083964 3 7 6 39 46 41 42 10
111032.90125083967 3 7 6 39 46 41 42 10
116052.00413645906 3 7 41 39 6 42 10 46
121092.93347939693 7 3 30 41 39 42 10 46
126093.7503860156 30 7 41 39 26 10 42 46
131098.59817599924 30 41 3 42 26 10 39 46
136138.89401720843 3 39 41 30 26 10 42 46
141147.15336629227 3 30 41 39 26 42 10 46
146195.78143437672 41 30 39 3 10 26 42 46
151229.29814978267 30 41 39 26 42 10 3 46
156257.56443357805 39 27 10 42 3 30 46 26
161280.6186891166 39 27 42 10 3 30 46 26
166314.534722673 27 39 42 3 30 10 26 46
171315.97265118116 27 6 42 3 30 10 46 26
176318.8423072921 27 3 42 30 10 46 6 26
181322.3642421243 42 27 3 30 10 6 46 26
186326.0634485524 27 42 3 46 10 6 30 26
191332.39589850575 42 9 3 30 10 46 6 26
196334.9956492138 15 3 9 30 10 46 6 26
201355.42652404422 39 3 9 30 10 46 6 26
206360.67718601984 9 30 39 10 46 6 27 26
211373.92517251443 9 30 27 39 46 26 6 10
216433.30454382114 9 30 27 39 46 6 26 10
221437.09537131235 9 30 27 39 46 26 6 10
226517.48020271727 9 27 30 39 6 46 26 10
231545.64216849554 39 41 27 9 6 26 46 10
