2 0.8546944720189344 1.5 3
3 0.4105095236999821 2.5 3
4 0.004704803800664243 2.9053128422405172 3
5 0.0 3.323493900707568 3
6 0.03638957753043359 3.742608712557456 4
7 0.15063214767186556 4.080198707580213 4
8 0.12523649519912228 4.3466266811739 4
9 0.05998734328149472 4.7139072343598185 4
10 0.10638293834483617 5.098486958670477 4
11 0.030693397791095388 5.438573046530788 4
12 0.03654790298425414 5.771655822478166 4
13 0.0573179649182482 6.04752464870125 4
14 0.19397023589888424 6.412800449022536 4
15 0.20012589245624884 6.296470018778771 4
16 0.19213423043382166 5.928211493773968 4
17 0.37767162788165076 5.857633531018491 4
18 0.07989532752036486 5.993117995430523 4
19 0.07915810270032535 5.956283247829038 4
20 0.2544451269107081 6.247140133542329 4
21 0.692958131656884 6.5 4
22 0.29290164418595493 6.5 4
23 0.5682120837969237 6.5 4
24 0.21199241922916062 6.5 4
25 0.10108943321205996 6.5 4
26 0.23133965262647715 5.7889056249354365 4
27 0.1300439324948299 5.857922075676142 4
28 0.21382361478673184 6.416252796745233 4
29 0.10546525590362943 6.5 4
30 0.1021148817518829 6.5 4
31 0.37734572226393615 6.5 4
32 0.08132391166276541 6.5 4
33 0.7078456362444399 6.5 4
34 0.452907684489895 6.5 4
35 0.09088986280722239 6.5 4
36 0.6940198235373203 6.5 4
37 0.36849988902418845 6.5 4
38 0.1018875736181103 6.5 4
39 0.30741983657609007 6.338955747458625 4
40 0.46306494146155064 6.5 4
41 0.3349334022435635 6.5 4
42 0.7259453681415473 6.5 4
43 0.6734527640775793 6.5 4
44 0.4756601384006425 6.5 4
45 0.3224099280360838 6.5 4
46 0.22968921849564536 6.5 4
47 0.41573880166311433 6.5 4
48 0.3729183649906141 6.5 4
49 0.8078588613128218 6.5 4
50 0.7139750775901235 6.5 4
51 0.22317760966762604 6.5 4
52 0.14069522086896225 6.5 4
53 0.3695455773406383 6.5 4
54 0.6362874531521334 6.5 4
55 0.2590516366987064 5.6096645161566485 4
56 0.04389860727695374 5.356571342345181 4
57 0.08939894473297834 5.151812273711126 4
58 0.15985945684528657 5.056450797594814 4
59 0.28692672062907854 5.10798275812553 4
60 0.535615834236437 5.199833093059525 4
61 0.34673452348066147 5.255116281202034 4
62 0.6541734304969419 5.443812958013688 4
63 0.19084143480119756 5.635772759715881 4
64 0.08057382934202115 5.8805716169530715 4
65 0.4713495172403261 6.093255456557279 4
66 0.5192446650675697 5.77299387260637 4
67 0.6504133679139552 6.031209020914248 4
68 0.0689911958094186 6.273178938297409 4
69 0.7541782596664419 6.349179591882108 4
70 0.05056488994617975 6.5 4
71 0.7985658811438617 6.5 4
72 0.3480222772202204 6.5 4
73 0.1537060351803192 6.5 4
74 0.18410529509790727 6.5 4
75 0.07950745837202547 6.5 4
76 0.0079945059010433 6.5 4
77 0.11899143964129077 6.5 4
78 0.04108770189501351 6.5 4
79 0.07763775789952848 6.5 4
80 0.33020694829983943 6.5 4
81 0.1122724126450249 6.5 4
82 0.06967829684554018 6.5 4
83 0.6141690241145964 6.5 4
84 0.6446735955732733 6.5 4
85 0.18893461006488182 6.5 4
86 0.1036325372760564 6.5 4
87 0.3425563117167949 6.5 4
88 0.175189528675604 5.937458413781103 4
89 0.1791967247128059 5.527356037202102 4
90 0.12121303311900075 4.926005781192042 4
91 0.06970229334261596 4.557530242676949 4
92 0.12706604586246012 4.40996265919604 4
93 0.0 4.494369198435917 3
94 0.332228879065393 4.462201469764113 3
95 0.6193007201263815 4.480335654149924 3
