8 0.6729223842200117 1.5 3
9 0.4283851978653551 2.5 3
10 0.35990906085802804 2.853853254289076 3
11 0.32608723736881595 3.2106885001755674 3
12 0.0006216671476768327 4.084903043955494 3
13 0.26934587562273093 4.952615068732505 4
14 0.04672446138151616 5.5 4
15 0.039322531968260736 5.5 4
16 0.05335961933265447 5.5 4
17 0.22191428854420148 5.5 4
18 0.14698691910969058 5.5 4
19 0.11205763159139163 5.5 4
20 0.2655150258872333 5.5 4
21 0.08445044232283626 5.5 4
22 0.33348067437395873 5.5 4
23 0.23954106325602695 5.169603756765435 4
24 0.3323857712433223 4.073481869343166 4
25 0.16849109615701205 4.228396380801703 4
26 0.0288306522274724 4.649101210669364 4
27 0.17105856517525733 5.094354349480847 4
28 0.23084474965193733 5.5 4
29 0.015653930543332074 5.5 4
30 0.5034397900930191 5.5 4
31 0.08462935691120646 5.5 4
32 0.5030177505781991 5.5 4
33 0.6077832692293427 5.5 4
34 0.5198554939110571 5.5 4
35 0.49637387759494644 5.5 4
36 0.7143302969334983 5.361494874635449 4
37 0.46705187006644017 4.886048250117812 4
38 0.18350428922278986 5.366285577729111 4
39 0.40219539268786714 5.5 4
40 0.5747113858730795 5.5 4
41 0.6876381984336127 5.5 4
42 0.7929619630639207 5.5 4
43 0.6555301509643972 5.5 4
44 0.5180119784918278 5.5 4
45 0.21693012929854033 5.5 4
46 0.07532964827318601 5.5 4
47 0.054801663880863556 5.5 4
48 0.028138699396492585 5.378647236064702 4
49 0.09127258087865292 4.929737588439005 4
50 0.10570837379889592 4.935062582405095 4
51 0.3465606817841275 5.389558653001404 4
52 0.011039374727061764 5.5 4
53 0.3069972853358651 5.5 4
54 0.19695835759959587 5.5 4
55 0.08134991107201199 5.5 4
56 0.14137204073417872 5.5 4
57 0.04133658572862761 5.5 4
58 0.3481268395961489 5.5 4
59 0.1126645660429433 5.5 4
60 0.3190539796156002 5.5 4
61 0.7405664264712207 5.5 4
62 0.8139429831384083 4.6783735406843405 4
63 0.7245856420063634 4.208573244574559 4
64 0.6869577881554042 3.7637037810595064 4
65 0.6977560053542101 3.511096511104588 4
66 0.7447901696037461 3.384428032408039 4
67 0.29303252205161956 3.2864755820670544 4
68 0.4713081219590551 2.855534861633598 4
69 0.5437980973633743 2.5592573970919767 4
70 0.3076847784240742 2.708856982562793 4
71 0.16181463702018584 2.9119750755505227 4
72 0.47718889461279107 3.1464253167816496 4
73 0.5767149604683798 3.4149173078249295 4
74 0.5325693405446391 3.696513069922614 4
75 0.5749846018905674 3.970448602478922 4
76 0.6563688386628419 4.181419256549271 4
77 0.18568764293136772 4.408517336583798 4
78 0.15146814709476564 4.726326010660123 4
79 0.5815081364370097 4.812905036887096 4
80 0.7580172326695033 4.095426546379574 4
81 0.5638965392760336 4.404118148600741 4
82 0.4854229863982682 4.719933107741425 4
83 0.09089150517393205 5.070564169367688 4
84 0.730051003187447 5.394399339844851 4
85 0.5341979075501955 5.5 4
86 0.5497395409503235 5.5 4
87 0.6836906451471808 5.5 4
88 0.7690129278974845 5.5 4
89 0.8405078031797836 5.5 4
90 0.2454676969342824 5.5 4
91 0.4268902351465317 5.5 4
92 0.6663339550526141 5.487091952134826 4
93 0.7693938043519053 5.5 3
94 0.849302910720234 5.5 3
95 0.2483535599179825 5.5 3
