18 0.5199605089479978 1.5 3
19 0.22316730489944872 2.5 3
20 0.06075114782240825 3.030485779204024 3
21 0.3232508360646559 3.5 3
22 0.05607708525580687 3.5 3
23 0.19383071300204396 3.5 3
24 0.0 3.5 3
25 0.5986379938488533 3.5 3
26 0.09130727546269105 3.5 3
27 0.12979710893819735 2.3886861995754956 3
28 0.5677260234461973 1.7822389094585234 3
29 0.5607057799275588 2.2751039448434494 3
30 0.07096276594992788 2.7686324812187557 3
31 0.002336288574964261 3.2926415747905087 3
32 0.29276823454266643 3.5 3
33 0.20930617090629197 3.5 3
34 0.018645540208245315 3.5 3
35 0.7951063354048529 3.5 3
36 0.5444115626666443 3.5 3
37 0.7053869353933272 3.5 3
38 0.0 3.5 3
39 0.0 3.4827682188533506 3
40 0.13177860866645344 3.5 3
41 0.07140604200469984 3.5 3
42 0.46353079225796334 3.5 3
43 0.0016113020798746444 3.5 3
44 0.10921819608885738 3.5 3
45 0.019905013605858262 3.5 3
46 0.05065377228515036 3.5 3
47 0.001981134447835487 3.5 3
48 0.5945088719576435 3.5 3
49 0.09959703966064655 3.5 3
50 0.014920227736004626 3.3919746749792976 3
51 0.5111313481581011 3.4959202458555954 3
52 0.009252001253540046 3.5 3
53 0.36329046224618705 3.5 3
54 0.0 3.5 3
55 0.0 3.5 3
56 1.107030201911217e-06 3.5 3
57 0.0076246275855674835 3.5 3
58 0.19408139646082043 3.5 3
59 0.06565353752535162 3.5 3
60 0.03150813241055265 3.5 3
61 0.006502941876128498 3.027331399799812 3
62 0.0007763441844402244 3.1066442033702986 3
63 0.12748786194621162 3.362464519852467 3
64 0.06378962277921835 3.5 3
65 0.7108151600947149 3.5 3
66 0.0036400975748274848 3.5 3
67 0.13503706725400536 3.5 3
68 0.4320489019636454 3.5 3
69 0.04184265142489368 2.8460443201009182 3
70 0.18608222442809644 3.294894371061833 3
71 0.013874285439994775 3.5 3
72 0.15513847459070712 3.5 3
73 0.0 3.5 3
74 0.010475418996467199 3.5 3
75 0.001220331007582461 3.5 3
76 0.06832970591466331 3.5 3
77 0.5689776943978021 3.5 3
78 0.739682066602701 3.5 3
79 0.21085874646514557 3.357523473150635 3
80 0.011163097443554017 3.1251017321410908 3
81 0.027205562572282713 3.33174069757323 3
82 0.21433366631666118 3.362527884109033 3
83 0.8051314806824461 3.5 3
84 0.3843552368708426 3.5 3
85 0.10376117049194834 3.5 3
86 0.052998253323960735 3.5 3
87 0.74748071128734 3.5 3
88 0.0 3.5 3
89 0.1445320253637254 3.5 3
90 0.37036130974647596 2.7759612953001196 3
91 0.6656685498776437 3.3554078673416807 3
92 0.4708894016089307 3.5 3
93 0.8938405478824587 3.5 3
94 0.930698760943908 3.5 3
95 0.9261425874689637 3.5 3
