18 0.4943506580416127 1.5 3
19 0.38667475239101023 2.5 3
20 0.17563367545715305 2.842530357718144 3
21 0.0 3.2331730264201908 3
22 0.0 3.5 3
23 0.012215336737654903 3.5 3
24 0.00699944388137735 3.5 3
25 0.027041657747484585 3.5 3
26 0.42965001932723235 3.5 3
27 0.9558722333170708 3.5 3
28 0.8043543196601611 3.5 3
29 0.5083150740620433 3.353587867616501 3
30 0.0002338688483288381 3.159569571677697 3
31 0.0 3.4515618843967677 3
32 0.09754511223625925 3.4281710710338773 3
33 0.0004358507164067396 3.5 3
34 0.6607313322019199 3.5 3
35 0.0 3.5 3
36 0.010134745756283406 3.5 3
37 0.043132203942539984 3.5 3
38 0.009576436798583991 3.5 3
39 0.09606856396722822 2.6470570071972834 3
40 0.593811751416476 2.9428190953152225 3
41 0.033701789021258394 3.5 3
42 0.517774496052011 3.5 3
43 0.2698959854930848 3.5 3
44 0.25532721963349925 3.5 3
45 0.6277889402716759 3.5 3
46 0.6612306033553287 3.5 3
47 0.6092348373632727 3.5 3
48 0.7346653090711871 3.5 3
49 0.04635552064965822 3.5 3
50 0.6389196330563263 3.5 3
51 0.5246315915084896 3.5 3
52 0.27539949960395843 3.4478553164625048 3
53 0.08147566558678003 3.5 3
54 0.14351052492058358 3.5 3
55 0.6847188355142781 3.5 3
56 0.37989379736030227 3.5 3
57 0.0667111734864652 3.5 3
58 0.05099310665298159 3.5 3
59 0.4283720701633341 3.5 3
60 0.013470239367974963 3.5 3
61 0.02369567947968101 3.5 3
62 0.11185202799804063 3.5 3
63 0.03956946265806976 3.5 3
64 0.0 3.5 3
65 0.14740467368372492 3.5 3
66 0.28781483611167663 3.5 3
67 0.5806005369989212 3.5 3
68 0.6331165083313477 3.5 3
69 0.7591634177649175 3.5 3
70 0.7681633284623514 2.0919810200673528 3
71 0.18382342186926592 2.687231973169808 3
72 0.09752480854916469 3.2736690762773653 3
73 0.12421566210672459 3.5 3
74 0.0022467505178653583 3.5 3
75 0.0 3.5 3
76 0.0 3.5 3
77 0.01570138482389018 3.5 3
78 0.023867397990235975 3.5 3
79 0.3725338407241591 3.5 3
80 0.03985620535290508 3.5 3
81 0.0 3.5 3
82 0.023963061879223656 3.083982489543749 3
83 0.11092399345509349 2.7392727750665946 3
84 0.7888787414417928 3.08659630570421 3
85 0.25394442699476055 3.5 3
86 0.16175958943420335 3.5 3
87 0.6848970864620492 3.5 3
88 0.1357356229833187 3.5 3
89 0.13197145756156053 3.5 3
90 0.3757160161142547 3.5 3
91 0.8853280515510757 3.5 3
92 0.7645468839872407 3.5 3
93 0.9342039487482556 3.5 3
94 0.6251360712277021 3.5 3
95 0.9791708849790598 3.052285521340644 3
