8 0.2704229509838606 1.5 3
9 0.07187773644802929 2.5 3
10 0.20861377549049295 2.807493302877896 3
11 0.15375210597268857 3.165483496692017 3
12 0.16641288842828 4.024524694511276 4
13 0.11004378604074272 4.85412051893552 4
14 0.1033274168025463 5.5 4
15 0.06408977384880717 5.5 4
16 0.09466035246187327 5.5 4
17 0.12468387336035092 5.5 4
18 0.0962817598625912 5.5 4
19 0.0708725211941719 5.5 4
20 0.053622756512884284 5.5 4
21 0.3740642946237543 5.5 4
22 0.07934605443379047 5.5 4
23 0.048708639810486384 4.8732463390801275 4
24 0.12078413680710844 4.018385148247606 4
25 0.18124121084840572 4.231697166444413 4
26 0.48937985995247024 4.628649789214764 4
27 0.6223407532147648 5.055058746679882 4
28 0.16647414416031872 5.5 4
29 0.12894847996527986 5.5 4
30 0.3129686590311382 5.5 4
31 0.13094910660613918 5.5 4
32 0.14544193757723414 5.5 4
33 0.6906602791049743 5.5 4
34 0.8361697492715319 5.5 4
35 0.6897815616332633 5.5 4
36 0.5855178048057476 5.407813979301023 4
37 0.10659891208775918 4.909473723823252 4
38 0.042503359322646095 5.425989220723306 4
39 0.4860024754127366 5.5 4
40 0.16510941204308038 5.5 4
41 0.23878201241963845 5.5 4
42 0.4188821736785337 5.5 4
43 0.40159542853065855 5.5 4
44 0.5963461010235455 5.5 4
45 0.767384275633627 5.5 4
46 0.1544161521508598 5.5 4
47 0.31409984585723416 5.5 4
48 0.4613141964431922 5.3689983500155725 4
49 0.6431495804211755 4.892198318206967 4
50 0.7604057960239368 4.832143713013611 4
51 0.4756013326809623 5.231884186138683 4
52 0.11672231511556305 5.5 4
53 0.367723513311957 5.5 4
54 0.22915554071994132 5.5 4
55 0.77365599751125 5.5 4
56 0.5572432377825772 5.5 4
57 0.2792205464919546 5.5 4
58 0.4668396433395778 5.5 4
59 0.49424319518364135 5.5 4
60 0.1820323081612353 4.528503948709331 4
61 0.7373834528974905 3.287692447460315 4
62 0.2677549894701392 2.963367065871149 4
63 0.6998522859483282 3.49869916291003 4
64 0.7027884727280364 4.074366763942395 4
65 0.7497885330004087 4.660780462566741 4
66 0.14260282892810808 5.23559338232554 4
67 0.4236277465919434 5.5 4
68 0.5976007864062705 5.5 4
69 0.7493925700932708 5.5 4
70 0.8102732081065993 5.5 4
71 0.5797033849187034 5.5 4
72 0.10761197768328656 4.327649168396544 4
73 0.04987909027079628 3.583625019526342 4
74 0.3386066521379731 3.126298715421246 4
75 0.11117243545742518 2.7157906119667894 4
76 0.14162261540851823 2.5020267135622416 4
77 0.7682489440144441 2.157749093640974 4
78 0.8473468125445651 1.5739002946638794 4
79 0.8608573550011913 1.5928071358650924 4
80 0.8504319518668628 1.7237675493965654 4
81 0.6590855345892606 1.8526726907152333 4
82 0.828792730604212 2.047510488126325 4
83 0.569480253088869 2.259196976323321 4
84 0.5873246771272631 2.602066587252164 4
85 0.54222496836884 3.090871048693487 4
86 0.4300250675610911 3.783819234198221 4
87 0.6447394139538664 4.491308566253909 4
88 0.8312078914179001 5.202779349783028 4
89 0.5003820771147964 5.5 4
90 0.15480987647187325 5.5 4
91 0.14933457041879053 5.5 4
92 0.4565701924200813 5.5 4
93 0.4769533857563736 5.5 3
94 0.19202738917119877 4.662653373135327 3
95 0.600954657645483 4.817859149515512 3
