13 0.5529853053713135 1.5 3
14 0.055965967630730085 2.5 3
15 0.0 2.9252840517619716 3
16 0.04708203917502839 3.3015927729727683 3
17 0.2912468742008778 3.6303645937790936 4
18 0.12439101304918204 3.9464560067610273 4
19 0.06917719887366751 4.305977819761667 4
20 0.0 4.5 3
21 0.07343232991840855 4.5 4
22 0.005694289793723968 4.5 3
23 0.06673955863466029 4.5 3
24 0.36497724938113674 4.5 3
25 0.35348340533733313 4.5 3
26 0.0005484704333393335 4.5 4
27 0.0649016173876172 4.5 3
28 0.6642064443168915 4.5 3
29 0.00012067897693937172 4.5 3
30 0.1653536889726215 4.5 4
31 0.0002771903022176412 4.5 3
32 0.10798616579817931 4.5 3
33 0.0 4.5 3
34 0.11179060264462774 4.5 4
35 0.4831751797747923 4.018525201718017 4
36 0.7612677021705722 4.3785520471455746 4
37 0.847772710773416 4.5 3
38 0.41919568147063346 4.5 3
39 0.0 4.5 4
40 0.0 4.5 3
41 0.0 4.5 3
42 0.10932375191267912 4.5 3
43 0.002761389149775414 4.5 3
44 0.03392078882988986 4.5 4
45 0.0 4.5 3
46 0.0 4.5 3
47 0.01802063328409746 4.5 3
48 0.006583093696424769 4.5 3
49 0.6626198448330418 4.5 4
50 0.0 4.5 3
51 0.051848910199015386 4.5 3
52 0.727876865202889 4.5 3
53 0.7281826033511369 4.5 4
54 0.7673673932705409 4.5 3
55 0.16456705772359004 4.5 3
56 0.004664915018357436 4.5 3
57 0.1525938630131205 4.3986329735821705 4
58 0.32677603044499437 4.5 4
59 0.30197542935767585 4.5 3
60 0.1920983410864678 4.5 3
61 0.0 4.5 3
62 0.2139889168387568 4.5 4
63 0.2991906141425801 4.5 3
64 0.23368370656605664 4.5 3
65 0.22491643016096557 4.5 3
66 0.05909610528160801 4.5 3
67 0.7531987178050482 4.5 3
68 0.773352762269429 4.5 3
69 0.702794572284242 4.5 4
70 0.8069207740772942 4.5 4
71 0.7190223042449426 4.5 3
72 0.8253556504729173 4.5 3
73 0.5552950115359837 3.5901245517294154 4
74 0.7164555596820058 3.032232217329263 4
75 0.6283010423128651 3.490970428023356 4
76 0.6585101515066817 3.9773543933572366 4
77 0.0 4.5 3
78 0.6618513064754307 4.5 3
79 0.2715311364843588 4.5 3
80 0.15976652881014342 4.5 3
81 0.30750367509660304 4.5 4
82 0.32793604571893686 4.5 4
83 0.35033825204846536 4.5 3
84 0.20955286370496937 4.5 3
85 0.2577079478686249 4.320586992395692 4
86 0.32553692474949913 4.5 3
87 0.15774277218268565 4.5 3
88 0.7258424783956183 4.5 3
89 0.0029287498320139074 4.5 3
90 0.8214304783919233 4.5 3
91 0.5182492098605888 4.5 4
92 0.41102319950871036 4.5 3
93 0.5027366852683547 4.5 3
94 0.6811102134971718 4.5 3
95 0.057713497309628846 4.4625118689201475 3
