8 0.3590085640941387 1.5 3
9 0.13019447030975267 2.5 3
10 0.16638177974677446 2.8992941974673796 3
11 0.06315727905252494 3.302940331685628 3
12 0.07412827367691258 3.6752259124947195 4
13 0.17942756012661376 3.9143872344467217 4
14 0.32381010449523356 4.22830625114222 4
15 0.2887005717032798 4.529973996650191 4
16 0.3521589720987705 4.897466782894888 4
17 0.22289574697462747 5.209537899313997 4
18 0.07776322707500091 5.5 4
19 0.21078698590809136 5.5 4
20 0.06373035227866822 5.5 4
21 0.13831586475441293 5.5 4
22 0.06470457062366312 5.5 4
23 0.6314999695595483 5.5 4
24 0.07470677188951647 5.5 4
25 0.3261647531494581 5.5 4
26 0.5257891075273131 5.5 4
27 0.011774189083589915 5.5 4
28 0.3103281970164861 5.5 4
29 0.7887821419689974 5.5 4
30 0.643850569205814 5.242473673346911 4
31 0.4774033768879989 4.936549042566268 4
32 0.48151589318021204 5.277985843646169 4
33 0.344231013833433 5.5 4
34 0.41624103622478903 5.5 4
35 0.5514301182105378 5.5 4
36 0.06323873224386657 5.5 4
37 0.08490401620956013 5.5 4
38 0.05924891243738711 5.5 4
39 0.028689484160532495 5.5 4
40 0.01056429342595611 5.5 4
41 0.049457679195615174 5.5 4
42 0.06429627299558575 5.430137107336966 4
43 0.06551468522272606 5.5 4
44 0.04939351165738531 5.5 4
45 0.3552699023665941 5.5 4
46 0.05915036691364915 5.5 4
47 0.053867696371184055 5.5 4
48 0.03282623386333947 5.5 4
49 0.3572807370311893 5.5 4
50 0.142126184209117 5.5 4
51 0.2229086397222017 5.5 4
52 0.6998967833459921 5.5 4
53 0.0896831736383892 5.34583850756126 4
54 0.2620647086995097 5.403475257945814 4
55 0.12506159410290654 5.490007984370576 4
56 0.12436309410524243 5.5 4
57 0.08307264728786436 5.5 4
58 0.19309685102469498 5.5 4
59 0.08052582693001173 5.5 4
60 0.33887205583078567 4.835904123013017 4
61 0.0829155284444802 5.134074080051236 4
62 0.5860841064037985 5.5 4
63 0.46233745476949606 5.5 4
64 0.058158618795114386 5.5 4
65 0.2250357777741055 5.5 4
66 0.21467595982453952 5.5 4
67 0.01211247918368382 5.5 4
68 0.16820779813433548 5.5 4
69 0.3614304437402229 5.5 4
70 0.01905035196760173 5.5 4
71 0.046782298811658685 5.176307315797486 4
72 0.0847826115317593 4.993821026688398 4
73 0.18691298048300212 5.286372617084547 4
74 0.1495794254944951 5.255254902066663 4
75 0.1230304701784451 5.5 4
76 0.025842864569384456 5.5 4
77 0.02850619574834533 5.5 4
78 0.06345270892187464 5.5 4
79 0.11748633910371407 5.5 4
80 0.49528196682284825 5.5 4
81 0.14327547811367478 4.843294745210515 4
82 0.21826325776397293 4.867694672640966 4
83 0.22894893302802938 5.478714946311287 4
84 0.12903519455482404 5.5 4
85 0.8866275247580411 5.5 4
86 0.48390825017555583 5.5 4
87 0.7743071101879003 5.5 4
88 0.8534957467493183 5.5 4
89 0.6437291454811395 5.5 4
90 0.6381904868035044 5.5 4
91 0.8833311318979121 5.5 4
92 0.558339871350704 5.5 4
93 0.5647831929818293 5.5 3
94 0.04340019878321414 5.4391760143092975 3
95 0.17157307901889216 5.5 3
