13 0.9005838216165223 1.5 3
14 0.4656134329513383 2.5 3
15 0.0425456883431504 3.0421008883939775 3
16 0.0 3.5290135241452645 3
17 0.02256362715247607 4.011650432779443 3
18 0.0025960977777320666 4.5 3
19 0.13079571369457374 4.5 3
20 0.5101620450943972 4.5 3
21 0.8532331721598287 4.5 3
22 0.1297269605810379 4.5 3
23 0.10323043558917132 4.384384780342658 3
24 0.47999977220014706 3.256152128824935 4
25 0.14830165937238843 3.5057339788132778 3
26 0.1377336512773845 3.9686897746683973 4
27 0.1098307897161754 4.486411895719692 3
28 0.1595416458469176 4.5 3
29 0.803216347943424 4.5 3
30 0.7853827200826039 4.5 4
31 0.8839307747145284 4.5 3
32 0.8927040422841019 4.5 3
33 0.7442969352345331 4.5 3
34 0.7521959613211423 4.5 3
35 0.8371781958536999 4.5 3
36 0.7598505883873465 4.5 3
37 0.7779020876802549 4.5 3
38 0.8873681808195928 4.5 3
39 0.5334218818017706 4.5 4
40 0.17177634873657427 4.5 3
41 0.35945481339283514 4.5 3
42 0.6100791110899376 4.5 3
43 0.12274182146693102 4.5 3
44 0.5739012880382303 4.5 3
45 0.5632146940495667 4.5 3
46 0.7561538115632017 4.296694257817668 3
47 0.029364719675264748 4.5 3
48 0.7866136112665234 4.5 3
49 0.7774512274167671 4.5 4
50 0.8896964327472319 4.5 3
51 0.9116264251984217 4.5 3
52 0.9594172057984229 4.5 3
53 0.8664374114835101 4.5 3
54 0.5339257966884656 4.5 3
55 0.32903248538891 4.5 3
56 0.271607711313481 4.5 3
57 0.28290737455759596 4.2128781726035305 4
58 0.045757572528961794 4.315674244030539 4
59 0.024647997364464488 4.5 3
60 0.07948336842485051 4.5 3
61 0.8046997100885226 4.5 3
62 0.6118056946961994 4.5 4
63 0.7496132794274979 4.5 3
64 0.10587754805399019 4.5 3
65 0.7442519675776726 2.9791682089977547 4
66 0.7965368550098195 1.9128006229367238 4
67 0.8015866619150503 2.3541142681126583 4
68 0.7793545054738031 2.8272678928637034 4
69 0.8247565028315299 3.393244054180308 4
70 0.8395863380317379 3.950761493847385 4
71 0.9696765349986942 4.5 3
72 0.9127383271190725 4.5 3
73 0.8925834118735388 4.5 3
74 0.5246366077196594 4.5 3
75 0.2695986135530812 4.5 3
76 0.11069778820461824 3.55665845623512 4
77 0.3044937115164411 2.703199993171307 4
78 0.6399119790772331 2.33394428840786 4
79 0.7770266329647306 1.8810838841500082 4
80 0.8050425936929944 1.5850524138298934 4
81 0.8042031602849397 1.4999999999996652 4
82 0.8115662149434354 1.499999999999156 4
83 0.8667061094883513 1.4999999999990978 4
84 0.8616350053063768 1.7863476852133318 4
85 0.705305205422246 1.972313027136348 4
86 0.8641411583530557 2.2029753806772785 4
87 0.8095399059480096 2.4240658895762897 4
88 0.881241993699117 2.6820764147446607 4
89 0.836089375427682 3.017281310328879 4
90 0.7552641220615125 3.627050661000525 4
91 0.5588373423259252 4.364806454260295 4
92 0.8210901071364606 4.5 4
93 0.8853049006882888 4.5 3
94 0.8230068047797067 4.5 3
95 0.8174463119925027 4.5 3
