8 0.5528650013368396 1.5 3
9 0.39061298816557677 2.5 3
10 0.32339235188399273 2.803672364052348 3
11 0.6484860301391189 3.0255524432479595 3
12 0.21526963611604524 3.368837121984003 4
13 0.35379711811171466 3.6768221502257674 4
14 0.36318774801452774 4.0505155884852435 4
15 0.29604562087516934 4.443191432403377 4
16 0.23040767650374808 4.5 4
17 0.5986252287453854 4.5 4
18 0.4913132072547744 4.5 4
19 0.4887257036825814 4.5 4
20 0.5245339138868625 4.413724861498267 4
21 0.515847526729456 4.5 4
22 0.4766981155600701 4.5 4
23 0.6539401916224122 4.5 4
24 0.5867606711626348 4.5 4
25 0.39405295749446956 4.5 4
26 0.498208487125323 4.5 4
27 0.6932290136831315 4.5 4
28 0.5322011597878746 4.5 4
29 0.4248297793864497 4.5 4
30 0.3817716940092228 4.5 4
31 0.594669682627822 4.5 4
32 0.6771979735095255 4.5 4
33 0.5432458491060326 4.5 4
34 0.4222131037836798 4.5 4
35 0.04695672033695829 4.5 4
36 0.18903475592433777 4.5 4
37 0.3804254265869026 4.5 4
38 0.44130794813976026 4.5 4
39 0.6284052807074156 4.5 4
40 0.3811103332037047 4.5 4
41 0.19296569999809132 4.5 4
42 0.15395471237429617 4.23159222374222 4
43 0.14279709437209917 3.8577525754426607 4
44 0.0864637444753577 3.3441087127082936 4
45 0.29855375648506244 3.0308191120504855 4
46 0.17074468282386196 3.0611154011862163 4
47 0.19852427338571593 3.143254326394803 4
48 0.29690486209662753 3.338211501843696 4
49 0.2882360424655576 3.324363298735283 4
50 0.32764179749902517 3.3492989145469547 4
51 0.16285536077403379 3.595126074091473 4
52 0.3541225301122317 3.95304696864431 4
53 0.16654570147763556 4.313441908736735 4
54 0.27492937339493395 4.5 4
55 0.34309943031742174 4.5 4
56 0.34294423820077846 4.5 4
57 0.13043322527837273 4.5 4
58 0.059461889536759335 4.5 4
59 0.026346677774615482 4.5 4
60 0.07911898785771106 4.5 4
61 0.2586136310020485 4.5 4
62 0.39157768484722916 4.5 4
63 0.3511079567565732 4.5 4
64 0.18625217293104313 4.5 4
65 0.3620916088044652 4.5 4
66 0.0781579989876176 4.5 4
67 0.12503493973172747 4.5 4
68 0.041387117700741737 4.5 4
69 0.12379397983833099 4.5 4
70 0.2588085326634565 4.5 4
71 0.5856912005419841 4.345088696290564 4
72 0.14429344836536948 4.5 4
73 0.1949488001503649 4.5 4
74 0.21512331092105358 4.5 4
75 0.23954101679628964 4.5 4
76 0.13935989629866033 4.5 4
77 0.2267258697787971 4.5 4
78 0.3090702398709398 4.5 4
79 0.5528448586278624 4.5 4
80 0.6294904404169469 4.178697629942355 4
81 0.6111682009747903 3.90416053186229 4
82 0.5605189255448707 4.5 4
83 0.6039885034652895 4.5 4
84 0.4614276894995734 4.5 4
85 0.5527368365845138 4.5 4
86 0.6258066211003933 4.5 4
87 0.5361022202560014 4.5 4
88 0.6000655874222355 4.5 4
89 0.740900610296919 4.5 4
90 0.712029035202564 4.5 4
91 0.6402040669986901 4.5 4
92 0.4923388416842977 4.5 4
93 0.6157349817386997 4.427896707735534 4
94 0.23762551753245545 4.5 3
95 0.0 4.5 3
