3 0.5550243857289784 1.5 3
4 0.42989669297121885 2.5 3
5 0.6670616369738132 2.856480378716988 3
6 0.3984907655623188 3.2174304746726015 3
7 0.4629558712859366 3.513006109622988 3
8 0.18669836856317584 3.8911463279939724 4
9 0.5572008993432093 4.283149166813118 4
10 0.17036456099965136 4.658222674775443 4
11 0.18575368165346262 5.016724699335946 4
12 0.17012529293247233 5.402631520337505 4
13 0.2554154571280108 5.5 4
14 0.375309255953174 5.5 4
15 0.27810189436652316 5.5 4
16 0.3128181350974872 5.489785728203617 4
17 0.44605124232153454 5.5 4
18 0.26883084867101453 5.5 4
19 0.12271470038707503 5.5 4
20 0.23338961503658687 5.5 4
21 0.4316721882544194 5.5 4
22 0.3595109566407745 5.5 4
23 0.600788265994669 5.5 4
24 0.32039432488802844 5.5 4
25 0.2749761561705672 5.5 4
26 0.45014542645659694 5.5 4
27 0.6040342806518537 5.419650733459788 4
28 0.5453651161609412 5.265362731920064 4
29 0.3847732080720774 5.0902659181735395 4
30 0.6247745734976125 4.911259816719961 4
31 0.5605611976651371 4.670870404737667 4
32 0.5355269947474953 4.592666959284059 4
33 0.613394486081081 4.7030983749314945 4
34 0.5322399977899709 4.68149741230439 4
35 0.3078030034877528 4.653258242991677 4
36 0.28425450883496817 4.8422552408654225 4
37 0.28695193948439623 5.146357206505396 4
38 0.410024686633416 5.440363769600641 4
39 0.5903474027399414 5.5 4
40 0.481759626546883 5.5 4
41 0.4519432810488599 5.5 4
42 0.4113616097243861 5.5 4
43 0.28502592070430266 5.5 4
44 0.23132146665726805 5.5 4
45 0.2979216728820299 5.5 4
46 0.3342525261764464 5.5 4
47 0.20615450291121834 5.5 4
48 0.2376639801318722 5.5 4
49 0.3943863980797099 5.5 4
50 0.4107360812799206 5.5 4
51 0.29253588429057376 5.5 4
52 0.14334585847437767 5.5 4
53 0.14110903661780813 5.5 4
54 0.1917389116927372 5.5 4
55 0.28698803835610953 5.5 4
56 0.24546830076052772 5.5 4
57 0.2637074759514326 5.5 4
58 0.5229244415357411 5.5 4
59 0.11385809091466981 5.5 4
60 0.17562304836077014 5.5 4
61 0.23010449497660995 5.5 4
62 0.31313702877154453 5.5 4
63 0.36261111349871744 5.5 4
64 0.3850243967542234 4.260011550449256 4
65 0.4227496076296953 3.9968692947950113 4
66 0.41521925790409936 4.424603440922278 4
67 0.5041828516520533 4.916791839224039 4
68 0.1727688154317517 5.4516965993167545 4
69 0.2549180741572919 5.5 4
70 0.1775388876999936 5.5 4
71 0.0716541589883499 5.5 4
72 0.12106522582361008 5.5 4
73 0.1900364869403501 5.5 4
74 0.2525285000523906 5.5 4
75 0.2046274907918586 5.5 4
76 0.3047514497869001 5.494007022329504 4
77 0.24290019668099666 5.5 4
78 0.26594929714627497 5.5 4
79 0.3162995972518739 5.5 4
80 0.35608775605766135 5.5 4
81 0.3478985443556866 5.5 4
82 0.3679249689765459 5.5 4
83 0.3893352566165242 5.5 4
84 0.5461242287467566 5.5 4
85 0.5662972677476621 5.5 4
86 0.6016372060968059 5.1218244791889305 4
87 0.635303059817111 5.199226442143452 4
88 0.6367045000890762 5.471598556950281 4
89 0.6987845790069269 5.5 4
90 0.7437002396014915 5.5 4
91 0.7557664802607257 5.5 4
92 0.021565889733250156 5.5 4
93 0.25763753145282636 5.5 4
94 0.7484869455270864 5.5 3
95 0.5661051604317076 5.5 3
