13 0.3088290071944543 1.5 3
14 0.22879681127601906 2.5 3
15 0.6087889619289855 2.845198437624638 3
16 0.0 3.23441450164822 3
17 0.09764976538103122 3.555840525187932 4
18 0.1725869823029924 3.8468191775679044 4
19 0.3397396541985329 4.180178931397121 4
20 0.10854907775704895 4.5 4
21 0.2663274840847729 4.5 4
22 0.25362054664826456 4.5 3
23 0.21770229691035778 4.5 3
24 0.4556212137113213 4.5 4
25 0.3164748293620027 4.4472781295532045 4
26 0.14764178779630585 4.5 4
27 0.7825816752465518 4.5 3
28 0.5832279962133644 4.5 3
29 0.7817435351054981 4.5 4
30 0.8870821198540008 4.5 4
31 0.2889205899960523 4.5 3
32 0.1720465199920956 4.5 4
33 0.1543026765101239 4.5 4
34 0.26914387010926943 4.5 4
35 0.3580615629195676 4.5 3
36 0.3930712681559928 4.353926536725707 4
37 0.8859149553220812 4.2747465743112265 4
38 0.2927810486508386 4.010151163554452 4
39 0.4420230796442066 3.6394619428284716 4
40 0.17546658393683184 3.3665411339551867 4
41 0.1318572956390768 3.229643336290268 4
42 0.7381094990489696 3.3119521804783725 4
43 0.7275357088934211 2.8982822996258184 4
44 0.6913974125932992 2.9219606690067086 4
45 0.23055948408337998 3.086254182887533 4
46 0.4123464063362561 3.2884261032624855 4
47 0.1595261039490558 3.4969885070794917 4
48 0.7007774165851256 3.641080723499217 4
49 0.8655494920129476 3.709022749009659 4
50 0.7383549053325844 3.858603543210229 4
51 0.738384917878204 4.122485370382062 4
52 0.32005711164493184 4.240695390391695 4
53 0.42364786808209826 4.5 4
54 0.7228264927395462 4.5 4
55 0.41218679420063864 4.5 3
56 0.5370704797593135 4.5 4
57 0.0 4.5 3
58 0.0 4.5 3
59 0.0 4.5 3
60 0.015731274955963152 4.5 4
61 0.05621643377345886 4.5 4
62 0.036125163024678594 4.5 4
63 0.48103860902287343 4.5 3
64 0.6186303312161161 4.5 3
65 0.48466001976325246 4.5 3
66 0.4589058493046342 4.5 3
67 0.6540437021820602 4.5 4
68 0.6639154713671297 4.5 4
69 0.8133739150037915 4.5 4
70 0.7294705140424007 4.5 4
71 0.8566385620817191 4.5 3
72 0.5826476292192256 4.5 3
73 0.6243829547077248 3.800116395597317 4
74 0.7757443594024147 3.093533696236787 4
75 0.8051877441805485 3.542512570102903 4
76 0.7195661557537842 4.019354471194848 4
77 0.722784160992784 4.5 3
78 0.4572183420951052 4.5 3
79 0.011655329865788225 4.5 3
80 0.0011190493685392026 4.5 4
81 0.002185143016706888 4.5 4
82 0.12276294557218352 4.5 4
83 0.0011608561170500615 4.5 3
84 0.01522100563502978 4.5 3
85 0.27126139119789816 4.349087700498261 4
86 0.07784409425983836 4.5 3
87 0.06087728396326733 4.5 3
88 0.0 4.5 3
89 0.2863299912719922 4.5 4
90 0.4689407979282792 4.5 4
91 0.7827490384321115 4.5 4
92 0.8144479746376875 4.5 3
93 0.751658012984301 4.5 3
94 0.6784202626615468 4.5 3
95 0.5733505122781026 4.376504006874602 3
