3 0.5398620946296341 1.5 3
4 0.006397326985210968 2.5 3
5 0.0 2.8321510743936034 3
6 0.0 3.200379068567611 3
7 0.11668183813133716 3.6384252174879506 3
8 0.15424748079570788 4.041401854512312 4
9 0.09548731423380688 4.390446587906869 4
10 0.0431280226477788 4.752143552311424 4
11 0.05929136257138753 5.121843177910503 4
12 0.09985060425276733 5.5 4
13 0.4800854863098185 5.5 4
14 0.4394547381810896 5.5 4
15 0.556175059996609 5.425565673936427 4
16 0.6096906721291722 5.05972275900907 4
17 0.6103115156200585 4.914465564906448 4
18 0.5797185345374843 5.1718806312507875 4
19 0.5293491402551719 5.1532809002183475 4
20 0.4963471108127483 5.5 4
21 0.4372120771349035 5.5 4
22 0.4622412727176666 5.5 4
23 0.5851483188130755 5.5 4
24 0.4903846839152566 5.5 4
25 0.5018010956353213 5.5 4
26 0.6861143880036621 4.7781615209514605 4
27 0.6059570530957515 4.950783873129796 4
28 0.5405141904150829 5.5 4
29 0.5593251739762076 5.5 4
30 0.5283429653391957 5.5 4
31 0.4593987987013543 5.5 4
32 0.28220122895905175 5.5 4
33 0.2555160892813211 5.5 4
34 0.3640278654308049 5.5 4
35 0.48663482261808777 5.5 4
36 0.4515748329112854 5.5 4
37 0.5126335177117358 5.5 4
38 0.480177862933546 5.5 4
39 0.5911957308358126 5.370713730200616 4
40 0.541614931436191 5.5 4
41 0.42025431808514874 5.5 4
42 0.4549810461497586 5.5 4
43 0.4362614712340769 5.5 4
44 0.17282056329412768 5.5 4
45 0.18946577296169104 5.5 4
46 0.3706191864903336 5.5 4
47 0.5071234188705137 5.5 4
48 0.26298642329726113 5.5 4
49 0.2392573547896028 5.5 4
50 0.16687117812852684 5.5 4
51 0.06154980112919203 5.5 4
52 0.040991024198434554 5.5 4
53 0.1209898602049818 5.5 4
54 0.20343749221156732 5.5 4
55 0.19401954939654878 4.725046934316888 4
56 0.2720384944693102 4.574160518630502 4
57 0.2859510934262798 4.523134717406378 4
58 0.17524169256245284 4.536980188894013 4
59 0.1420210480759148 4.64909117529494 4
60 0.17916826569946503 4.836526987213925 4
61 0.30076933596103067 5.076928119120719 4
62 0.43525114225017314 5.343910542867794 4
63 0.46491413087167255 5.5 4
64 0.5380809488443721 5.5 4
65 0.33321336317967265 5.5 4
66 0.2966877119045717 5.5 4
67 0.19354943508861908 5.5 4
68 0.1008200626447142 5.5 4
69 0.14127718160967298 5.5 4
70 0.2717663664879624 5.5 4
71 0.22260670108077305 5.5 4
72 0.5383426993473289 5.5 4
73 0.21041538289797349 5.5 4
74 0.41387536745865056 5.5 4
75 0.6383204713828232 5.5 4
76 0.22487387504625722 5.5 4
77 0.265801215624255 5.464255191753939 4
78 0.3089388032455565 5.3971627810518115 4
79 0.4053855196797875 5.286103762403509 4
80 0.571542826249999 4.996864689605471 4
81 0.6725784306314257 4.761458628391425 4
82 0.508361475705413 4.728243184430248 4
83 0.43250584317522867 4.875861584633211 4
84 0.6584595301531588 4.986333672173016 4
85 0.6231246954633147 4.826556920978764 4
86 0.45696965382628685 4.993248134595284 4
87 0.6858262791706788 5.224276931309927 4
88 0.7188047661251205 5.482240519316721 4
89 0.6950209955060099 5.5 4
90 0.5635058446300468 5.5 4
91 0.6683668059363342 5.5 4
92 0.759633608879669 5.5 4
93 0.674013805209897 5.5 4
94 0.2802876513727735 5.5 3
95 0.016260777632620325 5.5 3
