12 0.8577979160332055 1.5 3
13 0.6302924171949618 2.5 3
14 0.30844175745331825 2.871192324869307 3
15 0.3346069861496077 3.1591946007535787 3
16 0.809029639731322 3.5 3
17 0.8963180978343195 3.5 3
18 0.538267066627396 3.5 4
19 0.2662642332937405 3.5 3
20 0.6955336921011984 3.5 3
21 0.8884502044400735 3.5 3
22 3.033943643458467e-05 3.5 3
23 0.6080026406543043 3.5 3
24 0.4997598049291415 3.5 3
25 0.5364278619594856 3.5 3
26 0.06148748704184529 3.2367234449402784 3
27 0.026399711555708378 2.835335701367461 3
28 0.009902766633773827 3.0785493245831748 3
29 0.052277791776351855 3.5 3
30 0.01743297624074678 3.5 3
31 0.3903494185206157 3.5 3
32 0.7409531907783272 3.5 3
33 0.46490326186962816 3.5 3
34 0.28741161966148465 3.5 3
35 0.1872344257265332 3.5 3
36 0.5728954121127557 3.5 3
37 0.8025337308679042 3.5 3
38 0.6280103221351685 3.4415662220678858 3
39 0.42952593917644183 2.9030000072425755 4
40 0.12602359731926727 3.438117496356361 3
41 0.6808789880294901 3.5 3
42 0.8318472307199877 3.5 3
43 0.0543070136787222 3.5 3
44 0.5686281054710801 3.5 3
45 0.5975978964023203 3.5 3
46 0.18505386578146052 3.5 3
47 0.016525755647394284 3.5 3
48 0.204003548004014 3.5 3
49 0.6963652050511152 3.5 3
50 0.6853745869988693 3.5 3
51 0.6982942188775567 3.2657679578142416 3
52 0.44311389242935184 2.99579389449321 4
53 0.6170854908778205 3.475060057481729 3
54 0.5718510162727092 3.5 3
55 0.7212484268267851 3.5 3
56 0.29953503854611374 3.5 3
57 0.5393046536155351 3.5 3
58 0.02653572637193487 3.5 3
59 0.10551288353656488 3.5 3
60 0.3880802068424698 3.5 3
61 0.015070611144296343 3.5 3
62 0.018413246987610852 3.5 3
63 0.06551575392746037 3.5 3
64 0.04303055162950035 3.5 3
65 0.050337040905116384 3.5 3
66 0.11566240400447741 3.5 3
67 0.4416764017519507 3.5 3
68 0.16348269542286534 3.5 3
69 0.0 3.5 3
70 0.0015984857820157317 3.5 3
71 0.33239027199643084 2.2728472709776835 4
72 0.2969321330707666 1.9367960492304992 4
73 0.2077774085587688 2.396377365780281 4
74 0.0012089946320738214 2.9065507468753933 3
75 0.6149113693287953 3.391148076863785 3
76 0.023387172917784433 3.5 3
77 0.0 3.5 3
78 0.00025363448545251454 3.5 3
79 0.06156616534106358 3.5 3
80 0.013424768393693004 3.5 3
81 0.0 3.5 3
82 0.5635532212714285 3.5 3
83 0.24171385350862887 3.5 3
84 0.4785983799653682 3.5 3
85 0.8651815951710542 3.5 3
86 0.5840303086215792 3.5 3
87 0.6865711183472342 3.5 3
88 0.8033224937079152 3.5 3
89 0.7324962026343753 3.5 3
90 0.8332128526387873 3.5 3
91 0.8472549043139036 3.5 3
92 0.800443478573449 3.5 3
93 0.9913550718982327 3.4956344530284698 3
94 0.37673465055913935 3.494739221648648 3
95 0.7904856406639749 3.5 3
