3 0.21483565423184808 1.5 3
4 0.4702760635563512 2.5 3
5 0.0005019929043468062 2.8446151577165804 3
6 0.7010099205647903 3.266718260180129 3
7 0.09018201514482369 3.664893344907484 3
8 0.27333828097644913 4.01629744329216 4
9 0.19326004479997355 4.325827495680178 4
10 0.16506757024350543 4.6799271103681805 4
11 0.1521123667851147 5.040907378670685 4
12 0.11026393701691697 5.43225684523453 4
13 0.11271958236857499 5.5 4
14 0.4377285764244634 5.5 4
15 0.3795787401828435 5.437558858357994 4
16 0.6651105618171378 5.094264168850226 4
17 0.4659844516368697 4.912207744911375 4
18 0.44357006370866453 5.235991363118366 4
19 0.5420581753516576 5.182504611891323 4
20 0.49912558774936133 5.5 4
21 0.43485850957658995 5.5 4
22 0.42142697895618303 5.5 4
23 0.5119296722787048 5.5 4
24 0.6698884061930103 5.5 4
25 0.6296787850564041 5.5 4
26 0.5839659332197111 4.792879000824185 4
27 0.5013916406250692 4.931145768417861 4
28 0.3095336508733522 5.5 4
29 0.23968297709041994 5.5 4
30 0.2247889848257582 5.5 4
31 0.37961365168077577 5.5 4
32 0.546044444465114 5.5 4
33 0.5962141813149205 5.5 4
34 0.47969024981995995 5.5 4
35 0.3745709831790774 5.5 4
36 0.3339480689943066 5.5 4
37 0.3622801762380355 5.5 4
38 0.38511416746555016 5.5 4
39 0.567610128073072 5.401514645364223 4
40 0.42481783450403776 5.5 4
41 0.3994762325265119 5.5 4
42 0.4187296084989901 5.5 4
43 0.3803243774357082 5.5 4
44 0.45752732609703683 5.5 4
45 0.415787972939854 5.5 4
46 0.3104885465126403 5.5 4
47 0.22836634843645565 5.5 4
48 0.30804232798546427 5.5 4
49 0.3970335269854054 5.5 4
50 0.10144787118786355 5.5 4
51 0.09503344477985659 5.5 4
52 0.0565196772196777 5.5 4
53 0.20238173963536804 5.5 4
54 0.11526435437633908 5.5 4
55 0.258354439321926 4.780092451062737 4
56 0.40285127784549185 4.576578872468563 4
57 0.3036150243276052 4.583892045160479 4
58 0.33723124466145876 4.5481896075843835 4
59 0.21845092556951445 4.6903438986109105 4
60 0.2194603111749318 4.891095835783519 4
61 0.3181709993721319 5.137652071022749 4
62 0.4378119950403116 5.402303496266526 4
63 0.44592841461669874 5.5 4
64 0.4883725186025468 5.5 4
65 0.5203548367895112 5.5 4
66 0.5130900470979627 5.446579513386744 4
67 0.3378966155768763 5.5 4
68 0.1836378049920448 5.5 4
69 0.23609109746497667 5.5 4
70 0.2291876959458657 5.5 4
71 0.15559924675663717 5.5 4
72 0.1627349388780811 5.5 4
73 0.20714905526714164 5.5 4
74 0.2853875734718813 5.5 4
75 0.34876790918618233 5.5 4
76 0.4344693334366223 5.5 4
77 0.3702472209171394 5.443400078074293 4
78 0.48916842519162845 5.342080930059936 4
79 0.5222451791836816 5.205561171710098 4
80 0.47830277635782376 4.891365019200151 4
81 0.5069416259676935 4.663730568224608 4
82 0.5562643803059525 4.6215032469512805 4
83 0.6080592938818011 4.69679380434574 4
84 0.5480277388990956 4.62106058781645 4
85 0.5027699301628619 4.573095695038923 4
86 0.5002776200947485 4.735073379231049 4
87 0.48862055199314797 4.983692867647769 4
88 0.5434973781850495 5.273588474544012 4
89 0.5751104268101532 5.5 4
90 0.6205280708537696 5.5 4
91 0.7125635299915802 5.5 4
92 0.7667022935441224 5.5 4
93 0.6730034339606064 5.5 4
94 0.23989638567232976 5.5 3
95 0.42676427552289636 5.5 3
