18 0.4958719240104127 1.5 3
19 0.3474505597968311 2.5 3
20 0.3721327395210336 3.072813993439497 3
21 0.3017301703127315 3.5 3
22 0.8548926518887738 3.5 3
23 0.9416026246583575 3.5 3
24 0.6503607577059624 3.5 3
25 0.05472413046041663 3.5 3
26 0.5982336729477326 3.5 3
27 0.5397125230823808 3.1709566608456297 3
28 0.8059899217503642 1.9523525589633755 3
29 0.6886911587984663 2.3785445178961346 3
30 0.728800697201868 2.837790495678248 3
31 0.8304072359343619 3.3609994436159614 3
32 0.6799496546957227 3.5 3
33 0.3153943590993303 3.5 3
34 0.2210859255847382 3.5 3
35 0.5457607051449327 3.5 3
36 0.5542714694311462 3.5 3
37 0.22556819538230571 3.5 3
38 0.018032511649088534 3.5 3
39 0.08357536775910625 3.3125510119654282 3
40 0.8346958943831775 3.5 3
41 0.0 3.5 3
42 0.5073340072086875 3.5 3
43 0.06538390431033923 3.5 3
44 0.08238786905373127 3.5 3
45 0.536512946262684 3.5 3
46 0.18405954827530457 3.5 3
47 0.6675018286763671 3.5 3
48 0.3721328427812 3.5 3
49 0.4268892755874959 3.5 3
50 0.3220234184033687 3.387353597333735 3
51 0.14541216541402222 3.5 3
52 0.0 3.5 3
53 0.15232504864760038 3.5 3
54 0.3509410181941428 3.5 3
55 0.27911588925625086 3.5 3
56 0.9412430540164761 3.5 3
57 0.626989329877051 3.5 3
58 0.1512132146206678 3.5 3
59 0.021410369327933106 3.5 3
60 0.07479571562984698 3.5 3
61 0.01560821765093201 3.233319125767237 3
62 0.1818454113547835 3.2743381446436834 3
63 0.05363656750713867 3.5 3
64 0.001082183399282332 3.5 3
65 0.003698103458740562 3.5 3
66 0.34283623801592905 3.5 3
67 0.43224003208698547 3.5 3
68 0.7984993374440229 3.5 3
69 0.8292390311942309 2.8089168138000096 3
70 0.941955720685365 3.252645522643259 3
71 0.36146312042335477 3.5 3
72 0.12728346147980202 3.5 3
73 0.14294927012684783 3.5 3
74 0.0037054743604167184 3.5 3
75 0.16063727492391575 3.5 3
76 0.0 3.5 3
77 0.6446602300957157 3.5 3
78 0.600545281081808 3.5 3
79 0.24535910998983576 3.2131408994849333 3
80 0.28227908204573104 2.819343076017947 3
81 0.2253600417837945 3.0310471375037307 3
82 0.2031292930402575 2.847928302523185 3
83 0.38425921296816046 3.145036830619967 3
84 0.006389576568188715 3.35863425528472 3
85 0.34491753769621136 3.5 3
86 0.08208007101589664 3.5 3
87 0.8814864353679325 3.5 3
88 0.1523852389687785 3.5 3
89 0.5572006329366318 3.5 3
90 0.2227398892418342 2.6979443180924427 3
91 0.14321641201139798 3.2345200762475725 3
92 0.685529894359881 3.5 3
93 0.40412059929282457 3.5 3
94 0.0 3.5 3
95 0.2645855612746606 3.5 3
