2 0.5872555553296924 1.5 3
3 0.5341708362088159 2.5 3
4 0.21290883036207978 2.8722265983493163 3
5 0.006672020092696993 3.326788566802916 3
6 0.03498303270657845 3.7317696927353485 4
7 0.039449509883139014 4.090587670669898 4
8 0.4769318870116664 4.421788555232782 4
9 0.4127141904806963 4.010430948629869 4
10 0.321912348134959 4.3836578987175026 4
11 0.2607435456405309 4.509461405913306 4
12 0.07261412821336984 4.843964892644879 4
13 0.22579029360250782 5.302395065910766 4
14 0.3401888226982184 5.423570803937553 4
15 0.2255281601575069 5.808516925111484 4
16 0.26252590715105495 6.198909912631658 4
17 0.09292330224012102 6.272636158518522 4
18 0.40745607567918934 6.486182982659824 4
19 0.03357960217114199 6.5 4
20 0.03091630571585322 6.5 4
21 0.06150987917433729 6.5 4
22 0.3074275695282997 6.110516909386265 4
23 0.41964588315437934 6.366121245522103 4
24 0.05844246543309848 6.5 4
25 0.06201120382000451 6.5 4
26 0.09057347331896917 6.5 4
27 0.10737002820734423 6.5 4
28 0.4509664295655326 6.5 4
29 0.3067896681808331 6.5 4
30 0.21774918262635395 6.5 4
31 0.040311047541795375 6.5 4
32 0.02732522867962024 5.902654983542877 4
33 0.12031085129056562 5.099339487210658 4
34 0.23086236794498932 4.894119727255115 4
35 0.05580132969967356 4.652952464740607 4
36 0.05901501039695804 4.274527314252842 4
37 0.05487506150249356 4.758230173152766 4
38 0.049866274171048414 5.302740756246618 4
39 0.05917071368158387 5.954812289696725 4
40 0.04244419633025874 6.5 4
41 0.2600146890936255 6.5 4
42 0.301874728200594 6.5 4
43 0.6299137620955948 6.5 4
44 0.369928544950894 6.319533233070273 4
45 0.05208943287441554 6.142487125026724 4
46 0.304786543975739 6.212550707053146 4
47 0.2632914937780918 6.250676088995809 4
48 0.25515900416552484 6.336462490386053 4
49 0.18561237267016906 6.5 4
50 0.11845142234893362 6.5 4
51 0.40456416032714015 6.5 4
52 0.3587904440975491 6.5 4
53 0.32710942728069553 6.5 4
54 0.08863671546324155 6.5 4
55 0.06826352440126957 5.978229503623275 4
56 0.3232029929374454 6.158775596503277 4
57 0.8485403347887241 6.280662905045668 4
58 0.20414533401355014 6.5 4
59 0.3166942924933962 6.5 4
60 0.28653526662722156 6.5 4
61 0.4020330430577774 6.5 4
62 0.04901205184330949 6.5 4
63 0.021003424704336315 6.5 4
64 0.06514947930985689 6.5 4
65 0.15537535104511568 6.5 4
66 0.03240836635768005 6.042697586670846 4
67 0.05801634209456355 6.331554804597508 4
68 0.09832598571903124 6.5 4
69 0.10954777239060935 6.5 4
70 0.08166335712277287 6.5 4
71 0.09815967669104018 6.5 4
72 0.08210594620799891 6.5 4
73 0.04555273574109624 6.5 4
74 0.0407152081905486 6.5 4
75 0.09537978150190603 6.5 4
76 0.12385407793428528 6.5 4
77 0.6524641355206178 6.5 4
78 0.3113627703752414 6.5 4
79 0.23875226144019882 6.5 4
80 0.2221505550900732 6.5 4
81 0.11445517634709429 6.5 4
82 0.11601347617232378 6.5 4
83 0.35737319726647154 6.5 4
84 0.6598496036562792 6.5 4
85 0.47075012980822367 6.5 4
86 0.47564795132000887 5.534070662138329 4
87 0.4468334313822937 5.527768939712186 4
88 0.21169445845096047 5.465401115169225 4
89 0.224262433403051 5.75002475600969 4
90 0.3075501863283517 6.1257327538352255 4
91 0.15328478481945132 6.405883369128685 4
92 0.7833262762905481 6.5 4
93 0.6963636149959002 6.5 3
94 0.9524764341280323 6.5 3
95 0.7657845206173579 6.5 3
