18 0.39309453803828404 1.5 3
19 0.2642592010989395 2.5 3
20 0.1798711287365501 2.7710165205004667 3
21 0.4268930896953596 3.0305499930860753 3
22 0.9237596636680212 3.3639633165567866 3
23 0.5902299593911207 3.5 3
24 0.8157353906864723 3.5 3
25 0.8058235488838909 3.5 3
26 0.6809133990341998 3.5 3
27 0.7260543427533871 2.566521148369684 3
28 0.0043600541159724195 2.091408896554192 3
29 0.6997436355859628 2.5508152782045617 3
30 0.12002391257824402 3.063036851579924 3
31 0.5231214866480116 3.5 3
32 0.46931386993470137 3.5 3
33 0.6494273475879121 3.5 3
34 0.7402343938977556 3.5 3
35 0.6527934053210399 3.5 3
36 0.2377425447375063 3.5 3
37 0.2702335491617237 3.5 3
38 0.0043056587325706825 3.5 3
39 5.752271019159674e-05 3.5 3
40 0.3432325403128601 3.5 3
41 0.0 3.5 3
42 0.4424555803800951 3.5 3
43 0.4222789207190087 3.5 3
44 0.47799749605337616 3.5 3
45 0.5232775137796531 3.5 3
46 0.8719115653200551 3.5 3
47 0.9781306654158928 3.5 3
48 0.9202541399873527 3.5 3
49 0.8975918198898213 3.4425869085577943 3
50 0.5920112162622961 3.473431859778757 3
51 0.7102427709244377 3.5 3
52 0.45847627430536664 3.5 3
53 0.74456000401519 3.5 3
54 0.34211856560060094 3.5 3
55 0.7884497858948757 3.5 3
56 0.0 3.5 3
57 0.7644369749790587 3.5 3
58 0.7167342222054996 3.5 3
59 0.7857369197543824 3.5 3
60 0.7398085178800492 3.5 3
61 0.3254946446624137 3.3872106170074767 3
62 0.5914389355999365 3.425988406989214 3
63 0.5859325298070759 3.5 3
64 0.06916446106500745 3.5 3
65 0.001686652526291023 3.5 3
66 0.010176478749049953 3.5 3
67 2.1251682612462554e-05 3.5 3
68 0.0871439688125335 3.5 3
69 0.0004780141558553072 3.5 3
70 0.5771135386415625 2.0756481282830936 3
71 0.42659034290669184 2.6703993943342503 3
72 0.4600639137424679 3.2564103376508573 3
73 0.7537541047257628 3.5 3
74 0.08871589036614015 3.5 3
75 0.31492764813936847 3.5 3
76 0.5153830699706938 3.5 3
77 0.7967623498981519 3.5 3
78 0.18596469492736267 3.5 3
79 0.029434304821394454 3.5 3
80 0.13686747010714445 3.5 3
81 0.0453785275646071 3.1439470359513506 3
82 0.6058675242411764 2.0077008158336103 3
83 0.7568787204664849 2.315599761234684 3
84 0.47231184473377774 2.7933541728797864 3
85 3.41676402827558e-08 3.2778356087575666 3
86 0.035095377792047786 3.5 3
87 0.3511414146391653 3.5 3
88 0.8766757775643885 3.5 3
89 0.954466703049258 3.5 3
90 0.9362417705370858 3.5 3
91 0.8896248128158263 3.5 3
92 0.8906986235120411 3.5 3
93 0.9189316311120707 3.5 3
94 0.3925176120625565 3.5 3
95 0.0010778051180608745 3.0297788063000772 3
