18 0.3669538932647865 1.5 3
19 0.049204302795728745 2.5 3
20 0.02568888376695824 2.8814436187565624 3
21 0.0 3.211759756924479 3
22 0.6244441032158699 3.5 3
23 0.0009896852603041317 3.5 3
24 0.3932655242164505 3.5 3
25 0.1354627225008176 3.5 3
26 0.6574034900059822 3.5 3
27 0.005017226755757907 3.5 3
28 0.0 3.4680403338089127 3
29 0.12905131128601557 3.161342729565029 3
30 0.1892909400393125 2.9347722660025903 3
31 0.40573622045403684 3.1799257845389586 3
32 0.1702336038871499 3.034935138016568 3
33 0.5768263878184771 3.3362000415052644 3
34 0.48737229402364246 3.5 3
35 0.059797112627740415 3.5 3
36 0.005107171908265258 3.5 3
37 0.7430274901729066 3.5 3
38 0.2852784362388366 3.5 3
39 0.0028427328768157057 2.7967340835965007 3
40 0.48812000191773486 2.9483454788144954 3
41 0.35329562822029825 3.5 3
42 0.13340017401131413 3.5 3
43 0.07041619603713886 3.5 3
44 0.038816801418976844 3.5 3
45 0.0021971206034847785 3.5 3
46 0.0 3.5 3
47 0.26049654927999566 3.5 3
48 0.0 3.5 3
49 0.57642453354867 3.5 3
50 0.05712885263483936 3.5 3
51 0.0005448688460723551 3.463711220125282 3
52 0.5570587152176427 3.310412139185508 3
53 0.0037413817416595187 3.5 3
54 0.19042976076954815 3.5 3
55 0.19959930390211836 3.5 3
56 0.7286221011445236 3.5 3
57 0.18187667028057006 3.5 3
58 0.003939509737553386 3.5 3
59 0.0035892427053366436 3.5 3
60 0.3575789562336514 3.5 3
61 0.0 3.5 3
62 0.009764659937294563 3.5 3
63 0.09023676654236054 3.5 3
64 0.05863396597360332 3.5 3
65 0.03732953727351299 3.5 3
66 0.0005444494891620661 3.5 3
67 0.0007953572655517746 3.5 3
68 0.7740061851503487 3.5 3
69 0.7088059360679422 3.5 3
70 0.7758034386291893 3.5 3
71 0.716552114228517 3.5 3
72 0.8046380248864645 3.5 3
73 0.49743209020083967 3.5 3
74 0.28347604477951777 3.5 3
75 0.008109462718065607 3.5 3
76 0.0 3.5 3
77 0.26058116380795987 1.9310418515275816 3
78 0.8646849127179633 1.848970406038905 3
79 0.6130582426330112 2.2782513753692184 3
80 0.5939524198010976 2.8160947347868057 3
81 0.52643236109568 3.357196842993726 3
82 0.45155107968505975 3.5 3
83 0.16212799370215014 3.5 3
84 0.729684302891984 3.5 3
85 0.46952850498114135 3.5 3
86 0.23607082187434464 3.5 3
87 0.6328228393468057 3.5 3
88 0.17563635492773377 3.5 3
89 0.6143648853108076 3.3464890003269394 3
90 0.05652824743355139 3.5 3
91 0.45607329842106015 3.5 3
92 0.5481398480812281 3.5 3
93 0.20982583382848433 3.5 3
94 0.24509349684602053 3.5 3
95 0.024971385797145983 3.5 3
