18 0.42394754919241473 1.5 3
19 0.15465088371749136 2.5 3
20 0.06607413020421186 2.8972504306022566 3
21 0.03571785327954686 3.2271192426313466 3
22 0.4213380897108791 3.5 3
23 0.8018874128779316 3.5 3
24 0.006512044858425522 3.5 3
25 0.1466923461948702 3.5 3
26 0.0983924878761723 3.5 3
27 0.7479101027437659 3.5 3
28 0.7345744615374954 3.5 3
29 0.6560236171073228 3.5 3
30 0.7197507489226163 3.5 3
31 0.7287053426770359 3.5 3
32 0.779044215190096 3.1914283983286733 3
33 0.6683340081179304 2.7446346295547808 3
34 0.41625734395339 3.081485521094892 3
35 0.029018422038037537 3.5 3
36 9.869586657090393e-05 3.5 3
37 0.0 3.5 3
38 0.0055075470144362775 3.5 3
39 0.535160752935373 3.5 3
40 0.38656641563045746 3.5 3
41 0.4894119379221596 3.5 3
42 0.9383450426034539 3.5 3
43 0.0 3.5 3
44 0.13439635148636944 3.4206999918386862 3
45 0.13757034051437622 2.9009790361475316 3
46 0.12535756987892188 3.4392955374688756 3
47 0.36954356971580143 3.5 3
48 0.6336185424144646 3.5 3
49 0.5967719260814648 3.5 3
50 0.5342820300225599 3.5 3
51 0.6805939810082667 3.5 3
52 0.8906046041107637 3.5 3
53 0.7382923469611886 3.5 3
54 0.14912777560697485 3.5 3
55 0.0009458229855391291 3.5 3
56 0.0 3.5 3
57 0.4117645601340783 3.2764482769358145 3
58 0.26098441801941935 3.077759392336979 3
59 0.4494468637990576 3.5 3
60 0.0004635823640810698 3.5 3
61 0.03667495783830093 3.5 3
62 0.36078296283641675 3.5 3
63 0.26000389063826274 3.5 3
64 0.5356726881162097 3.5 3
65 0.36352602657997546 3.5 3
66 0.5371580252002989 3.5 3
67 0.6459636174591037 3.5 3
68 0.01252029861530734 2.9131280948844798 3
69 9.505258723000143e-05 3.0025405898526953 3
70 0.03299290252927269 3.5 3
71 0.01839782493906303 3.5 3
72 0.08245674670146212 3.5 3
73 0.19540428333489376 3.5 3
74 0.5487337298066551 3.5 3
75 0.10176404627112474 3.5 3
76 0.10184281293371047 3.5 3
77 0.5888380465795017 3.5 3
78 0.5347535662434114 3.5 3
79 0.5223571701411058 3.2407539752732846 3
80 0.8003643689917044 2.926650774211943 3
81 0.33325841720239047 3.1527195038338394 3
82 0.5658781559998705 2.94630067771014 3
83 0.6034918961153503 3.220885232732151 3
84 0.8296137805609624 3.4898832687420365 3
85 0.2557983737662123 3.5 3
86 0.1947437913477444 3.5 3
87 0.842759242795919 3.5 3
88 0.9152110705956508 3.5 3
89 0.6199433398783432 3.064022012138623 3
90 0.5017168565826335 2.847307915995043 3
91 0.3980878614010501 3.4282149428504636 3
92 0.8010009051120373 3.5 3
93 0.0007014999041359191 3.5 3
94 0.10454708565819636 3.5 3
95 0.6954194135354897 3.5 3
