8 0.2747033908397197 1.5 3
9 0.13370981615429875 2.5 3
10 0.0 2.874634117123844 3
11 0.0016719126671716602 3.2892074336220847 3
12 0.08551374601987556 3.6164100183757326 3
13 0.3436141176841162 3.9717593945332683 4
14 0.2725159349022339 4.409569357934572 4
15 0.4287216174179531 4.5 4
16 0.1724952149481917 4.5 4
17 0.30976461553239887 4.5 4
18 0.49826585323277955 3.146511464473029 4
19 0.5787692170645011 2.894991908032716 4
20 0.6425576881118032 3.3468777061734762 4
21 0.518529673672296 3.8352579565624327 4
22 0.47839402270901366 4.349711311630482 4
23 0.6584574924557678 4.5 4
24 0.4609725746475881 4.5 4
25 0.5525631200864416 4.5 4
26 0.6259505601946052 4.5 4
27 0.6621382773707682 4.5 4
28 0.538384283969213 4.5 4
29 0.6359701895216615 4.5 4
30 0.6932075982363329 4.386455637468302 4
31 0.6286986651962357 4.5 4
32 0.4365762167300489 4.5 4
33 0.45992671251940637 4.5 4
34 0.5859191869599164 4.5 4
35 0.5212480376684644 4.5 4
36 0.4076630760053984 4.5 4
37 0.35232753651763093 4.5 4
38 0.2432607154236934 4.5 4
39 0.3428700012499882 4.5 4
40 0.40665037591860137 4.236371876640202 4
41 0.43939648781894497 4.262485631126438 4
42 0.32890180173220895 4.5 4
43 0.35967695290202606 4.5 4
44 0.4132491421561997 4.5 4
45 0.4373747390292183 4.5 4
46 0.34434089762814385 4.5 4
47 0.5852706163216634 4.5 4
48 0.5615796757436341 4.5 4
49 0.5827942019661418 4.5 4
50 0.6437210677940308 4.5 4
51 0.3273730360308287 4.340111610619679 4
52 0.49267593929740416 4.132561443228827 4
53 0.4720735483282802 4.23001727237727 4
54 0.34333392942515323 4.5 4
55 0.2795237933310617 4.5 4
56 0.4155548075076669 4.5 4
57 0.2572229047285148 4.5 4
58 0.2681705059106596 4.5 4
59 0.40485084312492603 4.240128619141127 4
60 0.5585428478070245 3.7490081105413773 4
61 0.3636865851370783 3.602739200426673 4
62 0.33124656008554837 3.572253478358005 4
63 0.24421919582274482 3.5054390073160104 4
64 0.44282267111743334 3.503076070352079 4
65 0.42209181043946875 3.5616565509353024 4
66 0.05201829885309692 3.708716882382425 4
67 0.1999346147674629 3.9398832397592707 4
68 0.33136166570402964 4.221211961417772 4
69 0.22279859850939593 4.3333744692537 4
70 0.08849410572152983 4.0019056738546785 4
71 0.08723825926989752 4.330994140360781 4
72 0.3355533508947423 4.5 4
73 0.31369872276529215 4.5 4
74 0.15211580593423465 4.5 4
75 0.3507641689540639 4.5 4
76 0.3805824808482051 4.5 4
77 0.3383260772489666 4.5 4
78 0.3244311793297836 4.5 4
79 0.5303041510663787 4.5 4
80 0.6695841953005384 4.5 4
81 0.6011704003864001 4.5 4
82 0.6233618886041887 4.5 4
83 0.6824219982212825 4.5 4
84 0.5461162226308524 4.5 4
85 0.6017607204807388 4.5 4
86 0.6155036926941275 4.5 4
87 0.5867526225097632 4.5 4
88 0.6191327289716722 4.5 4
89 0.7644631035679265 4.5 4
90 0.8085407241136316 3.779056448473304 4
91 0.647819179792732 3.7306902843209246 4
92 0.5954201553258649 3.861247702159686 4
93 0.5994833886961435 3.8951549778365586 4
94 0.7418029344183907 4.264243755110773 3
95 0.020569431490983673 4.5 3
