3 0.6256039642542945 1.5 3
4 0.46928891123029043 2.5 3
5 0.40849086806815277 2.875353397442416 3
6 0.8703515936045204 3.1915146882812637 3
7 0.6237642512952263 3.651354371247669 3
8 0.5224020020819147 4.1517745094900285 4
9 0.6277566807014439 4.568412939836129 4
10 0.6519006018850797 4.981774781318074 4
11 0.18066987616938437 5.217098747633645 4
12 0.18786936647641603 5.4508508962106434 4
13 0.2947412644659649 5.5 4
14 0.22446304173159498 4.224025647403376 4
15 0.3875293618157262 3.886022599085745 4
16 0.37781907232503825 4.358033224117589 4
17 0.3846207289000365 4.871889453914644 4
18 0.3144120539472729 5.411761935241246 4
19 0.17716436185692788 5.5 4
20 0.20310931244682226 5.5 4
21 0.2880334548476475 5.5 4
22 0.16112477753826532 5.5 4
23 0.17038261684390957 5.5 4
24 0.26748931353829264 5.5 4
25 0.3070797127032944 5.5 4
26 0.20490667201727253 5.4482807578435315 4
27 0.11381726677122263 5.5 4
28 0.5638936313498001 5.5 4
29 0.36897333271662885 5.5 4
30 0.31063111729958515 5.5 4
31 0.3382868896120073 5.5 4
32 0.3731985568253853 5.5 4
33 0.3681687808449584 5.5 4
34 0.15381383822751143 5.5 4
35 0.1787423244879979 5.5 4
36 0.18872549213798906 5.410190225151735 4
37 0.21211074061823998 5.3445335767142605 4
38 0.2455852237118408 5.5 4
39 0.35420720422468865 5.5 4
40 0.3869812415702281 5.5 4
41 0.5582604570712477 5.5 4
42 0.4059682613166835 5.5 4
43 0.4846495029832857 5.5 4
44 0.5273204873096657 5.5 4
45 0.3958448092249471 5.5 4
46 0.46179604594105844 5.5 4
47 0.3900945222522681 5.407113603947888 4
48 0.45565130598420045 5.12232915599602 4
49 0.4848537927644454 5.244328188723441 4
50 0.5642496243147347 5.5 4
51 0.5560307144754191 5.5 4
52 0.4371342844667466 5.5 4
53 0.42584117193597176 5.5 4
54 0.5151459550964236 5.5 4
55 0.3175350207895702 5.342635498403899 4
56 0.22427406114377832 4.929202658440328 4
57 0.17105808645321546 4.891776380032192 4
58 0.20759527990345802 4.900206087545099 4
59 0.20676542710236845 4.844981501418464 4
60 0.2525453888936436 4.963104848211384 4
61 0.2500358282989933 5.160192794074209 4
62 0.1436608348769297 5.364343922854059 4
63 0.2792767550226008 5.5 4
64 0.3136748602679635 5.5 4
65 0.2984055071976614 5.5 4
66 0.2796832673428665 5.5 4
67 0.18202130707282577 5.5 4
68 0.08716141157080054 5.5 4
69 0.19747273621412237 5.5 4
70 0.14185812537175102 5.5 4
71 0.23182266500401708 5.5 4
72 0.26053907943766846 5.5 4
73 0.3509447300818091 5.5 4
74 0.35215496442995536 5.5 4
75 0.33011150520737065 5.5 4
76 0.3492212624277277 5.5 4
77 0.33872676610067554 5.418975388460327 4
78 0.45033807253834973 5.320213411641875 4
79 0.4904840401325501 5.278496266496732 4
80 0.6935853786692777 5.027790850288381 4
81 0.6770167617557656 4.745627777440415 4
82 0.6513595417643215 4.705601751038092 4
83 0.6045310678395805 4.786224495918941 4
84 0.5943000809012475 4.94585291212675 4
85 0.6315236878348799 4.7651965067711135 4
86 0.5786506013330376 4.930875300537212 4
87 0.6879308092821703 5.197650285593045 4
88 0.6842187210927464 5.485563128468086 4
89 0.715440890739965 5.5 4
90 0.7663386613087267 5.5 4
91 0.7896698485024914 5.5 4
92 0.7932528023939702 5.5 4
93 0.6692763477091543 5.5 4
94 0.7687953372089827 5.5 3
95 0.642352194807227 5.5 3
