12 0.8097575497233312 1.5 3
13 0.7448673668049772 2.5 3
14 0.4459513942368362 2.9348535856966955 3
15 0.3522938033045107 3.2914894134736534 3
16 0.7645380655960046 3.5 3
17 0.7527333729681467 3.5 3
18 0.23606816450374074 3.5 3
19 0.8085889181932051 3.5 3
20 0.5127365402629037 3.5 3
21 0.8096304308659613 3.5 3
22 0.5250463767495104 3.5 3
23 0.8210547800658342 3.5 3
24 0.6096356601963573 3.5 3
25 0.3871475560686691 3.5 3
26 0.0527684734329038 3.2707798554555665 3
27 0.007060601135326693 2.8400493043207753 3
28 0.19101481026920203 3.140227326842225 3
29 0.14792499992726352 3.5 3
30 0.0 3.5 3
31 0.6508160555239385 3.5 3
32 0.5319582680757362 3.5 3
33 0.16079935550125157 3.5 3
34 0.0037195007617140587 3.5 3
35 0.49820017797933613 3.5 3
36 0.4378873155402877 3.5 3
37 0.66706032275793 3.5 3
38 0.9032537419931542 3.393596183611771 3
39 0.5322977624666322 2.9294373640915 4
40 0.7714581038785345 3.4361980877388416 3
41 0.5715575402474666 3.5 3
42 0.1321668180785872 3.5 3
43 0.37821398664680006 3.5 3
44 0.2704354691609299 3.5 3
45 0.08556480592172352 3.5 3
46 0.005019414855214246 3.5 3
47 0.0 3.5 3
48 0.284474927669483 3.5 3
49 0.0013527141425802329 3.5 3
50 0.09745637500874131 3.468182805328048 3
51 0.32801121279749285 3.269385350489494 3
52 0.40415732972691054 2.9777017631494744 4
53 0.13417142829683845 3.408060371228945 3
54 0.0 3.5 3
55 0.8334504713367749 3.5 3
56 0.9059982465776109 3.5 3
57 0.8694589276505741 3.5 3
58 0.8744128916665013 3.5 3
59 0.011979109460877204 3.5 3
60 0.7200053659933772 3.5 3
61 5.89296141826886e-05 3.5 3
62 0.3356308243000297 3.5 3
63 0.0 3.5 3
64 0.09230824528057666 3.461446236015363 4
65 0.9229948555271358 3.107631844703021 3
66 0.8805925324167335 3.159816273446653 3
67 0.34379748013500727 3.402524171572048 4
68 0.7228387086066868 3.5 3
69 0.49931851675717187 3.5 3
70 0.09756698294477008 3.5 3
71 0.504012446984223 3.5 3
72 0.6503738998138794 3.5 3
73 0.11238994441307443 3.5 3
74 0.5720436328989246 3.5 3
75 0.7191848914978739 3.5 3
76 0.6278178769975543 3.1863251896593865 3
77 0.2537385541005627 3.358948845224411 4
78 0.05197896472679594 3.5 3
79 0.0 3.5 3
80 0.013770674433953982 3.5 3
81 0.0 3.5 3
82 0.0 3.5 3
83 0.27147443947127653 3.5 3
84 0.48764549747419783 3.5 3
85 0.41524713518950307 3.5 3
86 0.9744778707711826 3.5 3
87 0.5976544409615137 3.042667921730055 3
88 0.7592881196461088 2.0141134693721834 4
89 0.7846304036801677 2.050817809914006 4
90 0.7336998615738143 2.5547058527156477 4
91 0.643599451555122 3.0584865999628237 3
92 0.6983843252191545 3.5 3
93 0.8134523698793115 3.5 3
94 0.7624375591268918 3.5 3
95 0.6178069414994202 3.5 3
