12 0.0
13 37.54067348622456
14 40.617172812282895
15 45.50358203421705
16 45.57600879279613
17 45.16943765430461
18 44.83897927807919
19 44.35535545030831
20 42.33702859464711
21 42.46295219353581
22 43.69201171938513
23 45.89044873716419
24 45.89303496558079
25 45.74957884459078
26 47.23317061762006
27 44.492066150977635
28 43.055456831002914
29 41.04751920173498
30 46.51315052329621
31 48.25566597973
32 49.84410824131666
33 50.708224835887336
34 44.99789792323978
35 44.73077236756417
36 49.329017030106826
37 49.08631722687482
38 41.251939668441004
39 40.774075813049166
40 40.62081410966351
41 40.98472649532811
42 42.82045880172561
43 45.28355324016794
44 43.03123565450145
45 48.105993742659564
46 51.114529549724374
47 52.3784293942689
48 48.7864039787494
49 46.78541026547249
50 44.34212955008476
51 43.31040702604224
52 45.50862492994243
53 48.117348435558554
54 46.63759451464822
55 41.36854617104949
56 42.92151823920673
57 42.834940287500615
58 41.48598584099467
59 46.096150506261985
60 48.35899520252916
61 47.58186601070055
62 47.75319103215403
63 46.20841712826676
64 42.20163014237502
65 40.14406409688771
66 42.0178152744206
67 44.105461750839304
68 46.79477507469063
69 45.217571802012124
70 41.10090244679368
71 39.13970570969543
72 39.361349250649866
73 45.58555169158808
74 45.685231751308976
75 47.315565553212394
76 48.934707514988844
77 49.21200760911631
78 52.313154963874425
79 43.09342103443477
80 46.10275685121266
81 44.639433937416165
82 45.57024171862695
83 45.110085909045374
84 43.14546116026888
85 44.1532419978922
86 45.88201688055417
87 46.634542634799
88 47.22105711849898
89 46.260428639571195
90 48.056060425280066
91 48.819131407306266
92 48.31904918812662
93 46.15356495292673
94 45.8732595967126
95 45.52777030440949
