12 0.0
13 46.891038343011594
14 40.633224947607346
15 38.92479120652975
16 39.668694890914715
17 43.44478627186605
18 39.85867074827416
19 37.14148016981755
20 40.07053551946779
21 40.141798430611
22 40.16820204852956
23 43.55628001715053
24 41.34533013575745
25 42.141409042877704
26 42.49059740026756
27 40.70593345342067
28 40.85236720836966
29 43.21693513236931
30 42.970642450684444
31 46.513885200572886
32 34.14038323249051
33 38.39917101591016
34 40.19838962508808
35 35.10538816228387
36 50.92747249825345
37 38.70062352290619
38 40.043586986691224
39 41.14546036411066
40 38.652125527015784
41 38.31577516778054
42 38.03896939416765
43 45.2346027047678
44 46.86116316403014
45 46.215221835592246
46 42.238857681128756
47 41.94874449171333
48 38.960391466895544
49 43.03299620906511
50 43.70095749482283
51 43.16409566355976
52 43.430006202000996
53 43.44277728052649
54 45.99194723589524
55 40.633798757239354
56 43.774928014012275
57 42.464198660185424
58 32.62040881441796
59 42.56292968781309
60 48.409194477612346
61 47.72827006474773
62 42.804340523184884
63 45.14340743187419
64 46.927680698558454
65 46.72038635937196
66 45.93332436748805
67 43.48933185391005
68 53.41646511838114
69 54.78427976685659
70 50.093158092019735
71 50.06369878656347
72 56.147742339856
73 53.73468290377876
74 52.72316466458821
75 51.22268924953647
76 50.63666157852231
77 51.62230662157558
78 54.503166680827846
79 46.80307365617139
80 43.30176579114897
81 42.55598274845024
82 43.057655637387136
83 44.29813333937665
84 45.36864931571362
85 47.0418043975102
86 48.28063633412313
87 48.39233201274922
88 48.38810239498519
89 47.503698743129064
90 51.10494783351986
91 50.369042931358706
92 50.948565556698284
93 51.71345357978193
94 51.50115577100372
95 49.8140224922371
