12 0.0
13 46.29204885602208
14 48.28365053268381
15 46.570128643889454
16 46.99019314977625
17 49.042268327814
18 48.83202794726204
19 47.767215143826306
20 46.05763219842915
21 46.984604732504295
22 45.96276583345929
23 41.711839121061104
24 42.720707599759606
25 44.33172057230474
26 44.398431087277565
27 44.801241062904964
28 45.87934578420144
29 46.041238634989966
30 46.330891235738534
31 46.3122309331416
32 46.351616905505686
33 47.17891782783879
34 47.641548628477885
35 46.98472742764114
36 46.45007640222921
37 46.53245951009889
38 47.03031388444918
39 49.09399006283842
40 48.60561354774949
41 47.9301384334852
42 46.81996951023199
43 45.27921178164078
44 45.270989878233486
45 46.05229666380584
46 45.91727050152703
47 46.287783387469666
48 46.4756422371513
49 46.38275117897578
50 46.38399346503709
51 46.349135416456505
52 46.6758551156647
53 47.91280517954909
54 48.765436925624456
55 48.66373453224296
56 45.88637168613078
57 46.979444890072585
58 47.51676167215498
59 46.84209277951441
60 45.453349450063186
61 45.375928047687104
62 46.71459021824878
63 47.95639970786982
64 49.15003297211497
65 47.22224662522048
66 47.10468032149659
67 46.86506942318975
68 47.02329431421118
69 46.41156586636614
70 44.67356059592875
71 44.505167321838556
72 44.308281345200285
73 44.61157639523258
74 48.34966149362078
75 50.43074729083047
76 36.334728872056225
77 46.86719557455955
78 51.01293637493554
79 50.37740825990978
80 49.27237839289643
81 48.501410340996756
82 47.188333475414986
83 44.93422969513371
84 44.57746730344895
85 44.34086514142954
86 44.291352121605115
87 44.093058792150124
88 44.07033026330818
89 44.05219547524079
90 44.53159438638014
91 43.539758088084376
92 44.019725112027956
93 44.241706537560695
94 44.66364958934985
95 44.801900398289135
