17 0.0
18 50.826868971826364
19 51.364436857066025
20 51.17810010522439
21 46.88721376256776
22 42.778293055397356
23 43.32428950629525
24 44.53698575072839
25 46.55276901794337
26 49.15704444673224
27 49.51399781247244
28 48.92710849281956
29 45.119124994259494
30 40.930040661524394
31 42.47662687529175
32 44.775540206457535
33 47.058581331018175
34 49.30247113585725
35 44.76591671078382
36 40.81543045723594
37 41.59161503379948
38 42.13168350142642
39 43.6258679562786
40 44.07247493818796
41 43.12834176969922
42 42.80690027889925
43 43.967393216483565
44 44.531037225533844
45 46.07396655431584
46 47.38448028156029
47 47.59460855590623
48 47.64902016789249
49 48.804662869295775
50 49.51398995146417
51 47.12229814192814
52 44.73333934510378
53 41.59474624456389
54 41.200223818376436
55 41.44085415781752
56 43.20638279745746
57 46.54966621058446
58 48.014906683980975
59 45.043387006693195
60 44.00072921314072
61 44.79942524909724
62 48.70931755644646
63 44.42583673666476
64 40.567657089241834
65 40.691469458326914
66 42.197354247486366
67 43.11717271766854
68 43.315559390974165
69 43.0301792739269
70 42.68583272172572
71 42.14883877749055
72 46.06463255441754
73 46.48742451071624
74 42.72209727143246
75 41.61323095049921
76 41.502350739636086
77 41.99251167376688
78 45.24446964961988
79 44.880157506345135
80 45.595410154579376
81 44.7836849508986
82 48.142397677603505
83 49.03687662215173
84 47.2006950391119
85 45.33847643487654
86 43.48409725378551
87 43.534769499586794
88 45.17956563970349
89 47.524263301225346
90 47.997195015771396
91 48.529349958272
92 49.19820298096235
93 49.374275665652696
94 48.84355806424267
95 48.265791231694195
