12 0.0
13 46.62699524131946
14 43.26500205613936
15 41.742879734539436
16 41.719280539805716
17 43.81356630283861
18 41.91311789049865
19 42.382972839083685
20 41.27723878969929
21 39.61716944543224
22 39.62686351491354
23 44.22993649866
24 43.46889556709974
25 38.96673556779473
26 38.00892015257636
27 39.29846844101838
28 40.59278341261962
29 40.66986042512548
30 39.914161235851594
31 39.32066499820671
32 38.12205455162938
33 45.209251410989964
34 46.19977851689668
35 48.434529092093655
36 47.04771437746276
37 42.57829476171884
38 48.295781164542845
39 47.184776372176884
40 43.88542894726545
41 44.06900012924
42 46.05143088956274
43 43.119674275889075
44 40.15178860243459
45 42.327632888561205
46 45.791300206618324
47 46.94273566643356
48 48.10576120940183
49 45.7026524090339
50 46.12531103532982
51 44.89668333012893
52 47.619193250123345
53 45.84289551277305
54 45.114576733990056
55 43.95211051335704
56 42.22599536710326
57 40.428644905571076
58 41.7849227752149
59 37.45249147634905
60 39.420127577266264
61 40.956545147053646
62 39.70195075120231
63 45.44459327083759
64 47.21801582651264
65 42.066132560526064
66 37.946515102952574
67 42.31356056140713
68 45.66067292556587
69 49.53442563353035
70 33.56953600516842
71 34.860709971463336
72 45.20713640878898
73 43.121207099131
74 44.19011707308524
75 44.977380321096796
76 45.99486684064614
77 48.60151711804312
78 49.68165064148848
79 45.275871215644415
80 43.195977111251466
81 45.367543846198004
82 47.490465501180324
83 49.15062904726452
84 48.60718228675042
85 48.98153593966506
86 49.062430793634086
87 49.04540645280383
88 49.11068266756177
89 50.31539721438672
90 51.1711342909669
91 52.03700911590465
92 51.96159232504625
93 50.08928948061284
94 50.10622955825206
95 49.56440200300452
