17 0.0
18 45.84975111902404
19 44.88864886126811
20 45.4818093843744
21 46.1764309167425
22 45.986550029521204
23 47.48982839307863
24 46.789608081244936
25 46.653861934380494
26 46.635467557868125
27 46.21434435732568
28 46.36364616905178
29 47.179742158576246
30 46.182199034186
31 48.734062619202604
32 51.761860046918365
33 50.5004510010078
34 49.90451859877738
35 49.40808779621512
36 49.57605654549804
37 48.276731080584995
38 44.84026065168411
39 46.01380893413722
40 48.6873560704495
41 50.88368657218739
42 49.878860923128315
43 48.720249352976445
44 47.342769506723336
45 46.89076495542269
46 47.999563243592
47 48.88147090158252
48 47.93452412309869
49 46.42293620235902
50 43.25129574593279
51 44.637845310390446
52 44.49014476885459
53 44.69584163529159
54 45.20124110076524
55 45.75902748104922
56 46.37572133907535
57 48.823280863608495
58 47.278943830095294
59 45.73158742852769
60 45.86854038687016
61 48.55383049939755
62 47.01992826140924
63 48.19212441275947
64 48.846372626867606
65 46.73885637905702
66 47.349984419572436
67 49.7763109305804
68 49.152042910210646
69 48.63015335528771
70 48.72482949407367
71 46.62387415678719
72 47.52018976025878
73 49.19151453229518
74 43.05937474398673
75 43.01939069672088
76 42.08874870520509
77 41.61494982866173
78 44.121001829531124
79 46.26527345511099
80 46.97341372607644
81 47.62730420605214
82 46.63568374469911
83 45.68073226658705
84 46.56536915370697
85 46.16254244146192
86 46.55733898829934
87 46.06550907022817
88 45.2395612271529
89 45.06937092170958
90 47.70100857423603
91 48.8859500464025
92 45.57397589297196
93 44.05219573002665
94 43.1756736770715
95 43.361705250087105
