12 0.0
13 41.4735694937444
14 39.643341789763966
15 39.534953478007246
16 41.30164607476919
17 44.10141567516091
18 43.943604079317986
19 44.41442801846882
20 43.002745998969466
21 38.85604105293222
22 37.66240380884027
23 38.83659386448521
24 42.950736398041165
25 40.91790078272417
26 41.32096749610023
27 41.14600834884479
28 41.46558537522472
29 43.88620562271784
30 45.20969293594423
31 47.201601832112104
32 32.81896054528749
33 37.17030347251827
34 39.865445268378565
35 50.25068083954003
36 51.32254920078308
37 49.83079640465391
38 49.477037477329986
39 49.31564104985965
40 49.600594741171484
41 49.362390931732
42 51.275038980676925
43 48.49554705919731
44 48.63380123805975
45 47.182129797620135
46 47.9616259459886
47 46.96788416817298
48 47.67053688005434
49 43.52549662366484
50 46.43746912779401
51 45.467039529131725
52 47.23925795099376
53 45.82311227292322
54 47.2944227841317
55 42.87433606601723
56 37.80623793689668
57 37.51489131312419
58 37.92127503891498
59 37.697335810642606
60 36.9836257344793
61 37.06660996999753
62 39.06277252009839
63 39.38740348382926
64 41.685269980955326
65 40.54293081012128
66 41.308126215015164
67 44.544479926343875
68 43.42985825171451
69 43.81109121588552
70 44.43349462875032
71 48.03891826084278
72 45.57575230331009
73 45.854135435096715
74 46.325994738182054
75 46.09472828872405
76 44.998717716220234
77 42.963525206480476
78 41.33390884642836
79 38.62303871213766
80 47.44058138850566
81 42.21244554450965
82 40.157070395147706
83 41.62837688542689
84 44.54508371582318
85 44.293293760019594
86 44.2285199559904
87 46.253221569171465
88 44.247401181890844
89 44.21624837759867
90 47.95707774542645
91 49.79313284178183
92 49.90417249980139
93 49.451576776535916
94 49.39757793243658
95 48.25681818497602
