7 0.0
8 35.030560865910616
9 39.31724899811342
10 39.309335968115214
11 41.593909626059975
12 43.07527671945512
13 42.98175613722817
14 39.359329367850826
15 36.85622336936219
16 37.76431833842115
17 39.98254525131561
18 43.255929332716406
19 45.962486406439055
20 48.9452084720077
21 46.828614383662
22 46.19185222813036
23 44.67847736336184
24 43.14447142296545
25 42.07577255257954
26 42.91562040445547
27 47.25145248805298
28 47.64601874798995
29 47.21727671692285
30 47.33957957249058
31 47.4662919190682
32 47.56475573211502
33 50.63901073808094
34 50.36101543944181
35 49.066179045900235
36 48.51021136481947
37 47.02450544935726
38 46.60964760602256
39 46.28805681402374
40 46.85681192840558
41 46.91916891704119
42 46.57476555783597
43 46.629824091961765
44 46.85605020256025
45 47.11776198845815
46 47.72604548811347
47 49.28836595029623
48 48.57230092337316
49 47.92858025055144
50 47.99787467983437
51 46.414588639901396
52 43.95846864965174
53 43.40612711297107
54 45.63242439632476
55 46.6901187594901
56 46.19995781992274
57 46.23576943820733
58 48.117782262678375
59 49.15585324264615
60 48.749852844134594
61 45.9506174571808
62 46.060067124303096
63 45.68616053959227
64 45.40529031486025
65 45.66226700405124
66 46.491282595631645
67 46.757827005831416
68 46.669763875976294
69 47.23867053201652
70 47.31085278707185
71 47.739388623754984
72 48.56115173653922
73 46.44468242148176
74 42.77535561901528
75 43.49296588003349
76 45.717877344137605
77 47.41132868722727
78 46.04956797274641
79 46.120682648209225
80 45.91569746358162
81 43.855065280101506
82 43.61046763935529
83 44.24404648526207
84 41.77582755267195
85 37.31163922975684
86 39.81634136714698
87 40.744939292440826
88 45.786978732682705
89 46.24252066609474
90 44.596804750003734
91 45.182435639028576
92 46.10529918363624
93 44.283048995297676
94 44.389970954042
95 44.85662452510919
