7 3.1214241063004
8 40.82629094249119
9 41.856270998351526
10 42.393369164735084
11 45.176010279103224
12 45.023604105989975
13 43.82220252872443
14 45.704905119008316
15 45.49998187964801
16 44.76764374423535
17 45.43781827941425
18 45.292052626584
19 45.08705238687086
20 44.13504751885754
21 46.105254915700236
22 45.80041061324618
23 45.233760365552996
24 45.15775647699505
25 45.8483835447636
26 46.242281274448516
27 46.56761725259041
28 46.694182346283334
29 46.690540401675584
30 45.77796673614885
31 38.376428417253955
32 31.919332828749475
33 37.15260707765372
34 41.68818922359683
35 43.971649399728285
36 48.57407887827758
37 51.48100871208147
38 50.221767198013666
39 50.31445001238291
40 50.69699798030307
41 51.16087109977316
42 50.370126772862406
43 50.18479414051217
44 50.06678625218875
45 50.45143363451981
46 50.27618809446845
47 50.62441532308937
48 50.546505322283075
49 49.77240344221699
50 46.822816142700326
51 41.23633101950918
52 41.76817944369109
53 45.626443555142345
54 46.83291434607261
55 47.07421830269437
56 48.27342018935869
57 47.3480350779202
58 47.78897911897295
59 50.89637549612812
60 50.4519138619181
61 50.55630527613227
62 50.51681221034759
63 48.86951692397983
64 49.47728475578086
65 49.068635394967615
66 41.30130830899455
67 42.620531535815644
68 47.423622048431255
69 43.823035261156065
70 40.00505237082283
71 31.2963341677515
72 23.901936261275143
73 30.266247546301035
74 42.47994924753109
75 40.698447269258565
76 47.362054846828414
77 44.689756091827604
78 44.33958475273468
79 43.447075915197914
80 44.25466425077228
81 46.2139715687778
82 46.780235658539894
83 44.88922737587862
84 45.4105562644071
85 46.726919478061546
86 47.43498481463929
87 47.39842542470133
88 47.7752422243192
89 49.086166440660776
90 49.6239192207318
91 49.52268289365433
92 49.693109744761315
93 48.7223994006037
94 47.53045519954681
95 47.42453694116132
