1 0.0
2 45.395917222383105
3 46.60673696084819
4 46.47686410019356
5 45.20349136865492
6 46.10813961900859
7 44.22471749916429
8 43.94462604703014
9 44.96783730709259
10 42.557742241041446
11 42.9876344951915
12 42.24923035106952
13 43.0995516245407
14 44.57693647403329
15 44.43619567108927
16 45.61330724357525
17 44.47562389582339
18 42.80518903396795
19 46.299520273687605
20 41.19896945247355
21 41.72339054007099
22 44.21127131435728
23 42.59490582731899
24 41.27707662689185
25 43.035253862347
26 40.83181419367872
27 43.64545701038258
28 45.43099182661205
29 43.25607843798995
30 44.101033935142354
31 35.27311187722257
32 31.066796677601623
33 46.95613513399331
34 49.40308742512382
35 46.05179719858044
36 47.06353469125037
37 49.38479927777325
38 48.83556049038939
39 48.573311147367356
40 47.00239359245389
41 47.82684762059638
42 47.17714557065183
43 44.568902456113754
44 40.96285951022524
45 41.792969635640276
46 44.37648806313438
47 44.122423384231105
48 43.24115783311231
49 44.40566365865971
50 46.930508553845584
51 42.72808289112497
52 41.47963167691701
53 42.45544117066492
54 43.15405063018968
55 42.4072594248921
56 43.520896092076946
57 42.81479700501074
58 43.53626931839763
59 41.68913556248772
60 41.215113738229704
61 41.97436774349288
62 43.96114470785041
63 47.4030113150341
64 45.75575265274248
65 41.60160508859228
66 39.41043038873948
67 47.50663293716095
68 52.74164814901078
69 49.79880517365522
70 47.191223639821445
71 45.65708599216615
72 47.28269995192188
73 46.77621471412665
74 36.004128358967314
75 34.425158446967075
76 40.584817643438605
77 40.67444043166736
78 39.79269700161873
79 39.461562260070686
80 38.11432119693812
81 36.57112761901984
82 32.06656373404734
83 30.208692848796055
84 37.62079698311078
85 41.95837443829149
86 43.73918210576162
87 45.471507481318056
88 45.515599702108375
89 45.131488677701775
90 46.36044076229061
91 44.72021685963967
92 38.47380613787465
93 45.933809092221566
94 47.02207980686343
95 45.77978209645996
