1 0.0
2 43.93077498072537
3 42.97476335895797
4 42.50607704897776
5 44.02804661810419
6 43.244309230346545
7 42.48812755409039
8 42.92968240513319
9 44.158890216577646
10 41.13507260634752
11 40.50636676877047
12 43.96851353291298
13 44.92223743609111
14 43.54336353124124
15 42.81147342754834
16 42.21292342027799
17 41.94509695097628
18 40.77594477061425
19 43.015458484655575
20 42.871239851677494
21 44.248205758271915
22 42.65495835572145
23 43.18034682655649
24 44.04699171481118
25 45.017146173464305
26 44.827525461515556
27 44.961176183620985
28 45.28884221658979
29 45.92130181442851
30 45.295517347997865
31 45.60597732144707
32 46.97117309755143
33 45.74253657858502
34 40.40289454886389
35 38.88529746982566
36 40.13513602334595
37 43.51131358176336
38 45.978059158895675
39 44.9172739162126
40 43.77127124818392
41 42.38887497881153
42 43.62495665588205
43 43.325953993376615
44 44.75654291046737
45 47.07924101274167
46 47.00152092234057
47 47.44274454366073
48 48.29309410437966
49 48.03458967526691
50 48.17040554893574
51 49.07177341508459
52 49.037389631013525
53 48.10855153183528
54 44.44284839485729
55 44.90364133446298
56 46.64943910122987
57 49.70913250566969
58 49.51872312209232
59 47.361786816959246
60 47.52686306070037
61 47.239565840215974
62 46.690202753677866
63 46.44602612626726
64 45.74941071462032
65 45.05280510360589
66 43.91425188471545
67 41.88812110292613
68 40.78084934324786
69 43.64389066757767
70 43.72564284458143
71 40.4770675306833
72 40.1787031658622
73 38.07948127026463
74 38.02886250788079
75 38.38563433278813
76 33.84694600785025
77 23.708222179055344
78 27.112750850642055
79 36.96405181710109
80 42.14209528145108
81 44.512938839606115
82 43.189900236207585
83 38.63697629104583
84 39.908358094740855
85 41.19614288429224
86 41.180976811673844
87 38.634654988842755
88 41.85315075174279
89 44.63227035067582
90 45.69141632843953
91 46.35854639727926
92 46.50055692893348
93 44.55860646259538
94 44.40856783302635
95 41.180251675980806
