1 0.0
2 45.38478226472119
3 42.350490813582475
4 43.52772583715343
5 47.166655146985505
6 39.363033926708844
7 44.53775552599576
8 44.28089631990353
9 42.592489490244745
10 41.5123645137786
11 42.57350091033352
12 41.24776743377268
13 39.369761940600114
14 41.777217266108785
15 42.19761041130102
16 43.19138799307988
17 43.00837653527141
18 40.61403313436333
19 42.42164127576871
20 42.69936922442803
21 41.578687089758695
22 44.480343583212665
23 42.48778602934454
24 43.0510952832491
25 42.724536618818384
26 43.64192353825406
27 44.789959307638455
28 45.241581594603005
29 45.081481849167915
30 45.42118082403759
31 41.44918240235352
32 42.59084127510728
33 43.91931717911009
34 46.30489615718199
35 48.62044980502603
36 46.65267607701194
37 49.27880725081419
38 46.026549515668215
39 48.77523236717664
40 50.00794703107423
41 50.90573709453579
42 49.062070769614856
43 42.65962039676524
44 37.69123543665012
45 40.150418480580505
46 45.39738418895125
47 50.265297450614135
48 46.38076731271587
49 44.42812013832417
50 45.16173862448949
51 44.07764590991406
52 43.11769164081301
53 41.191179105408004
54 43.22640402636563
55 42.591954219482496
56 44.15601702169873
57 44.721879402468694
58 39.96160310116617
59 37.11294572056139
60 34.798705524308396
61 34.5674047639499
62 43.14193100574361
63 42.089621659902775
64 40.06703796125902
65 46.85206027098071
66 43.968928249011654
67 39.95616172431815
68 37.788674924134924
69 31.636943733963626
70 23.630424784427525
71 34.59749835422989
72 47.44317199429909
73 37.039951411633574
74 39.04334982960371
75 34.62577951142795
76 45.29600088572917
77 46.818181148766755
78 45.22988731843201
79 43.35663736724674
80 43.775311417008915
81 44.70417426586314
82 41.0809231516452
83 37.887454456765084
84 45.19924089611215
85 41.19732117541766
86 40.76568180674936
87 43.429816166877764
88 45.04193499371681
89 43.587121996900976
90 39.88873130623071
91 43.38694651483049
92 44.833580626491134
93 43.449368109574756
94 46.10707131577602
95 42.111365868852694
