1 0.0
2 42.40313974316479
3 39.72130426541126
4 42.53983330374356
5 39.35199265546376
6 42.64481878326498
7 41.37488054294719
8 46.27314173086385
9 42.88337871900366
10 39.628361680928805
11 40.03669531111109
12 42.76945082719615
13 38.20724804660784
14 39.603641869295984
15 40.65407848518654
16 41.919327681684784
17 41.6860690348741
18 40.96508349138226
19 41.759524328670935
20 42.398121746062536
21 41.445633082930534
22 42.056279064542636
23 43.305897946242446
24 43.679665460785635
25 43.30465134870693
26 42.16137757685836
27 42.88051766826534
28 42.41523820917656
29 39.407879552926495
30 40.673624362696806
31 40.55946159123716
32 46.37663962347283
33 46.43919879318968
34 47.3002347350399
35 46.87352628594261
36 46.161082127306
37 46.693998084318864
38 47.60287695582528
39 44.77796219291843
40 44.844446269927225
41 47.704127503799334
42 50.06356287863306
43 49.72483405754377
44 49.40462662873921
45 46.48368132375992
46 45.15075795932403
47 42.40513461949747
48 43.15902354235648
49 43.222304283575504
50 42.269182649357575
51 40.79715367239358
52 43.03431390413628
53 44.58678044842817
54 45.28929336948542
55 45.841130183179985
56 47.21735862374353
57 48.96075602133856
58 50.8625822711643
59 49.70610697462546
60 49.52051271217584
61 49.59977882911103
62 47.052345648901046
63 45.50465889392896
64 40.123462983906016
65 34.05961621385582
66 40.92984363325621
67 44.53120473744542
68 36.18773740124041
69 27.206815493519287
70 26.419547673535277
71 28.971152582631127
72 32.349464063065355
73 33.57910916276368
74 41.17224218792045
75 46.334185981820326
76 46.86728352922062
77 46.02590893811471
78 45.55999129238453
79 40.9765376301327
80 39.385806281171156
81 39.59715273444086
82 39.938152717850976
83 39.44088194900093
84 38.157609115905466
85 39.54356223655985
86 41.77908397124997
87 42.37782360219866
88 42.89852729129254
89 44.0237278956083
90 45.12279357696114
91 46.07553377349535
92 46.439791593165765
93 45.15639365877456
94 47.32297303188712
95 46.656285638978225
