7 0.0
8 41.48617800539967
9 41.14303179806773
10 40.69697933580391
11 38.664813275737615
12 37.21748067334502
13 38.40547057100745
14 38.2718873299689
15 38.03894623870473
16 38.56750733340519
17 43.71134878115113
18 43.70340217037523
19 46.06800041335052
20 45.96954866137485
21 45.78247391084053
22 45.139184839866616
23 44.80728989493812
24 48.173868785578996
25 45.48831383919894
26 45.07598779847161
27 45.18131856412998
28 45.00662702007902
29 45.07333048788167
30 44.778173736333166
31 46.14279147918014
32 45.709048346359836
33 45.45224137712285
34 45.40127536114366
35 45.02898441894607
36 44.365828519213665
37 43.99990616038608
38 43.9880823576624
39 45.32356564170098
40 45.331445412227524
41 45.11936226467039
42 45.98595568309185
43 47.173987089635915
44 46.63726490719769
45 43.098645554318885
46 43.06850002838509
47 43.82811479225117
48 42.976426313790725
49 42.54717446171039
50 45.22258495635786
51 47.3247264044567
52 44.68833432824105
53 43.308034363166726
54 42.56726893537828
55 44.74360149420682
56 45.19694090957075
57 47.62759043523264
58 48.78250303018431
59 49.35443463419018
60 49.00411016393097
61 49.00085822532911
62 49.190078608238586
63 49.616618273825935
64 50.124232188804044
65 49.77700062357961
66 49.04584622011672
67 45.458302252427075
68 42.380438442871274
69 42.358038881768316
70 42.22266878072582
71 41.80627545825248
72 44.82504942012023
73 46.225638711495456
74 44.750559559127815
75 45.48405316586626
76 45.272357170374335
77 44.61371276673801
78 45.948909221419406
79 45.888908846487936
80 46.114171399766214
81 46.22825741773305
82 46.00324955710902
83 46.13407785226826
84 44.85567867167947
85 44.086510429339754
86 44.06502620618694
87 44.02698049824764
88 43.992771270431305
89 45.19741068073047
90 44.44645198343266
91 45.540235215888316
92 48.27504311792361
93 46.01592010322432
94 45.31971278366804
95 42.82740065589736
