1 0.0
2 47.73182283007238
3 50.99057745816589
4 49.93172230447274
5 49.15218835347602
6 35.04381604576874
7 42.64274970593329
8 46.08873927630889
9 43.35884817242465
10 42.94899603353413
11 43.319164128056954
12 44.34811002738275
13 44.250825715332525
14 44.89481151628898
15 43.81768436632204
16 43.426362106522014
17 44.519467946787934
18 44.18846760970242
19 44.65803655511285
20 42.17560043783109
21 42.13979385876571
22 43.98567456769587
23 42.45705712276604
24 41.29380960055824
25 44.60657170027513
26 41.81849718169441
27 44.7775698681999
28 45.72651776390347
29 46.138337865838466
30 39.6896048241042
31 37.09497165849128
32 36.98257301364901
33 29.015510413486556
34 36.17701791233732
35 40.65057769047616
36 45.200253836191116
37 50.67082184174357
38 51.15991255228514
39 51.226301731187206
40 50.67717775771514
41 51.627034272999325
42 51.53790440638521
43 51.740778424013946
44 52.61137536224132
45 53.298545149370604
46 53.21520394502779
47 53.31329796596523
48 52.33321307416489
49 50.80435179993365
50 48.68457833985023
51 45.56471245452787
52 43.55535613458413
53 46.973851762755224
54 50.401311140113805
55 49.02702567927063
56 49.32103405223856
57 41.646819831272396
58 44.15166444343837
59 40.51886675635293
60 40.1237394762954
61 39.363183967433564
62 38.22515393677698
63 37.14951981403732
64 45.057651101528876
65 43.41730282506747
66 43.97552222645141
67 33.2602389055188
68 39.82414350703165
69 35.82580720899402
70 38.39450805181826
71 36.821225368554835
72 43.80572741604588
73 44.446145749709494
74 41.85063497095518
75 37.99631719884908
76 35.7293674357596
77 40.45403198287493
78 47.01121798864359
79 48.53154996825991
80 48.70025682019571
81 45.55626836110068
82 37.20143730658134
83 33.350093603978316
84 30.324237572813896
85 43.42843172764393
86 47.72759597136909
87 49.172704485914004
88 47.42047024133947
89 46.03267463145065
90 47.03473720736419
91 42.60771960677341
92 46.02107874055505
93 45.76558504722678
94 45.462406052951
95 45.332024972695216
