7 0.19660223725149442
8 43.057441158703966
9 40.89635433607798
10 39.337531592641334
11 41.080609510267585
12 41.14753856712185
13 40.216927699212405
14 41.452923336431375
15 40.97303185773357
16 42.50132483924861
17 41.561094867941314
18 41.57180141829922
19 41.3556739633241
20 42.84470417683929
21 44.1641933375691
22 42.74932065747621
23 43.712536118099734
24 43.26828274448146
25 42.31635272669216
26 41.79156457418481
27 45.037843714798086
28 46.246542373804594
29 45.211255754750574
30 43.29236022834804
31 40.60856021958756
32 41.559700789542795
33 45.90313626462037
34 45.87243690674942
35 35.33044117441362
36 39.19175681203431
37 48.32856908415149
38 47.85263520453243
39 47.18212167176807
40 44.832567209476444
41 45.120921004166924
42 46.21642039882705
43 38.48543323693394
44 40.575143999363824
45 43.185599608430024
46 41.58047192887088
47 46.930164937261104
48 45.107552926177625
49 47.069405738663015
50 46.66232835265054
51 43.578344402910965
52 44.712369221256694
53 43.595729265997115
54 44.02352446399994
55 43.84748626216556
56 46.35941557955655
57 47.526996815560025
58 47.356593065602766
59 43.24509127028241
60 41.98883895010031
61 45.63560421702523
62 48.41825794312739
63 52.961912541435225
64 54.68490784680785
65 55.12905492527625
66 54.542429178752194
67 45.25488096485207
68 43.35058433508595
69 38.87480483024939
70 41.47658809801273
71 41.211674801828885
72 50.152249801051966
73 47.451815842459865
74 47.14033947230124
75 49.126381535754675
76 49.79672007340429
77 48.38801327375627
78 47.91876752804268
79 48.18606854302425
80 46.077243971075404
81 46.19484716518045
82 47.007181905217585
83 46.29884915598284
84 47.17776635772257
85 48.2694346728233
86 47.98706213436776
87 48.66190225922063
88 48.33461065510469
89 48.44913282608723
90 44.87932586945173
91 39.85747118746021
92 45.66419355706498
93 42.21691646464776
94 39.38031827675623
95 37.75455818554889
