12 0.0
13 45.534352397148254
14 42.6207062442316
15 41.351139861656215
16 41.501969079819666
17 41.25582084639382
18 41.087284352088346
19 41.931863762577926
20 40.37694739842551
21 39.45176095198266
22 39.978587355688504
23 43.84149218742783
24 44.13333405546587
25 38.64970833409376
26 38.165751251054154
27 39.06907812901755
28 39.65171610972778
29 38.36009052684311
30 41.565382528483696
31 44.29744464015624
32 46.90155489434659
33 43.49588516288024
34 43.34873588119389
35 48.15494846903414
36 48.06682236062653
37 49.96776907407428
38 50.881552635371634
39 50.27860166699742
40 48.109716997142804
41 45.46672018862673
42 43.506983929965365
43 42.30778690971125
44 43.414375645605304
45 39.551499931685065
46 36.739622072915814
47 37.905448600680366
48 36.12409977355682
49 37.05618085558593
50 40.776294151455566
51 41.95478344095031
52 42.89990818311798
53 42.16295984548538
54 43.28394927778266
55 42.540522867416946
56 43.219923990723025
57 41.81631827883357
58 42.848409138204
59 37.908924186578645
60 35.78394747233464
61 34.2823061799403
62 35.04369026685059
63 36.24947136986547
64 40.38360325395898
65 40.83388876839788
66 41.76060504366791
67 42.83208717118123
68 44.78689811630534
69 45.87833973170832
70 47.7589595541989
71 49.616292163613615
72 50.0441517195254
73 49.531762138358275
74 49.417067140527124
75 48.99897831667275
76 49.77624328679771
77 49.35015944879061
78 44.56146528008905
79 42.932040587342534
80 44.044106294422676
81 42.698564297872785
82 43.328785810669906
83 46.368691005868314
84 44.833886502732575
85 44.69085633831742
86 45.401038727810985
87 46.70352001536759
88 46.76238327554588
89 48.96328153737698
90 49.782505680572044
91 50.34664414369694
92 50.494014010080576
93 48.724195464890194
94 49.18361680507434
95 48.9686276487157
