7 0.0
8 41.3890236725615
9 39.98920731378268
10 41.71479588447936
11 43.97043601941712
12 42.56762792278668
13 40.803484554618265
14 40.835749430208615
15 42.39385561727684
16 41.241653721943116
17 40.1008035110872
18 41.21360326824044
19 43.26317680312512
20 43.7942214015863
21 43.06057192918781
22 42.265430230964824
23 42.290091548635694
24 40.52477071811891
25 40.63296340744813
26 41.97402301769569
27 43.66473732098566
28 44.49124827487851
29 45.10769730951193
30 44.768990506038364
31 45.2608550955238
32 45.090060879432656
33 45.62040982330161
34 47.077845996465555
35 45.896296235548824
36 40.59650506066327
37 40.902688974655796
38 41.96078748552531
39 43.7037406831182
40 44.1109086469646
41 44.85418040503917
42 44.68814331659197
43 45.176576802412754
44 44.96226712935768
45 45.96828780147072
46 47.3431941623453
47 47.733444767395085
48 47.906649163092354
49 46.93774049931073
50 47.41485814465164
51 47.22939480538265
52 47.33972267544836
53 42.422406233517094
54 43.48441536798034
55 43.9146949831992
56 41.693639043165675
57 40.96084839417648
58 42.62741929873452
59 44.729217606923676
60 45.068956157874865
61 41.650409829194466
62 35.60867408781492
63 52.879263861289054
64 52.85947131931916
65 53.30276217917384
66 47.77825991740059
67 46.894358231109344
68 50.74368111400979
69 49.49812958298242
70 45.18066977535598
71 40.595070647477726
72 38.45780793224224
73 39.8465800454208
74 40.575802164207424
75 41.337478641274146
76 42.73813227126869
77 43.616246341893934
78 44.248998654022955
79 45.46597449015188
80 47.459329497633696
81 48.816080715090614
82 49.68261002397263
83 50.61943171324834
84 51.387514654772424
85 51.794932818753786
86 51.704342458023184
87 51.36782790794807
88 51.06587192909586
89 50.80418054978095
90 50.84075310002946
91 50.420754705868916
92 49.09336105634313
93 46.233076338988276
94 45.527340051587146
95 45.50638549809019
