17 0
18 0.38613861386138615
19 0.5630252100840336
20 0.56
21 0.6288659793814433
22 0.5882352941176471
23 0.6122448979591837
24 0.6354166666666666
25 0.6509433962264151
26 0.5504587155963303
27 0.7155172413793104
28 0.8488372093023255
29 0.8780487804878049
30 0.85
31 0.891566265060241
32 0.8658536585365854
33 0.8961038961038961
34 0.8658536585365854
35 0.7272727272727273
36 0.5151515151515151
37 0.3697478991596639
38 0.1590909090909091
39 0.5701754385964912
40 0.6355140186915887
41 0.717391304347826
42 0.8170731707317073
43 0.6666666666666666
44 0.6835443037974683
45 0.7096774193548387
46 0.7613636363636364
47 0.7926829268292683
48 0.8554216867469879
49 0.8817204301075269
50 0.8433734939759037
51 0.8604651162790697
52 0.7433628318584071
53 0.48717948717948717
54 0.5625
55 0.55
56 0.75
57 0.7741935483870968
58 0.8170731707317073
59 0.8625
60 0.6727272727272727
61 0.6946564885496184
62 0.689922480620155
63 0.7647058823529411
64 0.8111111111111111
65 0.8130841121495327
66 0.41237113402061853
67 0.47101449275362317
68 0.35947712418300654
69 0.2827586206896552
70 0.46496815286624205
71 0.4649122807017544
72 0.4
73 0.3963963963963964
74 0.3724137931034483
75 0.3353658536585366
76 0.23333333333333334
77 0.3433734939759036
78 0.5704225352112676
79 0.8473282442748091
80 0.7529411764705882
81 0.6145833333333334
82 0.6530612244897959
83 0.8863636363636364
84 0.8536585365853658
85 0.8375
86 0.8271604938271605
87 0.8607594936708861
88 0.875
89 0.8607594936708861
90 0.8717948717948718
91 0.8717948717948718
92 0.8846153846153846
93 0.8536585365853658
94 0.6993006993006993
95 0.11578947368421053
