12 0
13 0.6508101087808609
14 0.566032497882843
15 0.6290806937217712
16 1.9964341926574707
17 1.623386263847351
18 1.9195282125473023
19 2.5014219284057617
20 1.8043139600753784
21 0.40376959562301634
22 1.4087212038040162
23 -0.26276094377040865
24 -0.32131701707839966
25 -0.00021679311990737915
26 0.29495373368263245
27 2.2943241596221924
28 3.1263542938232423
29 3.118361473083496
30 3.181436061859131
31 3.2116949558258057
32 3.257207155227661
33 3.2569215297698975
34 3.293811559677124
35 3.011513729095459
36 2.644958257675171
37 2.4735058307647706
38 2.8728520584106447
39 3.4092338275909424
40 3.1534378337860107
41 2.8125830364227293
42 2.4823888874053956
43 1.6977031230926514
44 1.0760682725906372
45 2.096049633026123
46 2.505218744277954
47 2.8728396892547607
48 2.499061107635498
49 3.203702688217163
50 3.2229034900665283
51 3.2558400630950928
52 3.2919554710388184
53 3.236419200897217
54 2.1742627954483034
55 1.3350280570983886
56 0.6033546584844589
57 0.8561537098884583
58 0.9236693978309631
59 2.045727195739746
60 3.158906021118164
61 2.4972004890441895
62 3.3151509857177732
63 3.4094446659088136
64 3.6213173866271973
65 3.310396432876587
66 3.7335137939453125
67 3.32165265083313
68 2.8706700801849365
69 3.0960817337036133
70 3.3472028827667235
71 3.454462080001831
72 3.4918596744537354
73 3.7703492641448975
74 2.887901954650879
75 3.3436392879486085
76 2.97391396522522
77 3.058905143737793
78 0.4693467319011688
79 2.38540075302124
80 2.7881240844726562
81 3.023601427078247
82 3.4690911769866943
83 3.435789155960083
84 3.726794719696045
85 3.7637300968170164
86 3.7316932678222656
87 3.7410755157470703
88 3.635075807571411
89 3.5892319679260254
90 3.8190758228302
91 4.121698942184448
92 3.799973726272583
93 3.230807065963745
94 3.2756693363189697
95 3.291923999786377
