7 0
8 -0.5297658205032348
9 -0.29678345084190366
10 0.12318905591964721
11 1.050596158504486
12 1.4264365386962892
13 0.6111509585380555
14 1.093645887374878
15 0.40240070819854734
16 0.24188713431358339
17 0.5765327429771423
18 0.48224221587181093
19 0.05160273239016533
20 -3.1002610921859744e-05
21 0.6975428462028503
22 0.4166980767250061
23 0.14026446402072906
24 0.09014863774180412
25 0.7993785738945007
26 1.5005371570587158
27 1.7777248620986938
28 1.9883319187164306
29 2.260861020088196
30 2.352282238006592
31 2.893103070259094
32 0.6009311962127686
33 0.25523859620094297
34 0.5703365731239319
35 0.6693047332763672
36 0.14680341482162476
37 1.1411978006362915
38 1.621060848236084
39 0.5676848292350769
40 1.0626604557037354
41 1.5153956079483033
42 0.9362626671791077
43 1.0693506002426147
44 1.2332513332366943
45 1.2861902713775635
46 1.2810529851913453
47 1.6929905939102172
48 1.6766167879104614
49 1.857545986175537
50 3.1229407167434693
51 0.6248534917831421
52 0.1503744723647833
53 0.9847290658950806
54 0.6755499005317688
55 0.5955406427383423
56 2.329061985015869
57 3.0656262016296387
58 2.9728011322021484
59 2.6483546257019044
60 2.8618004322052
61 2.7509546279907227
62 0.8832247543334961
63 0.37840306758880615
64 1.300176978111267
65 0.8177614569664001
66 0.2792984381318092
67 1.9324702978134156
68 0.3057751029357314
69 0.22587713599205017
70 0.3164920008182526
71 -0.43195591926574706
72 -0.7168451547622681
73 -0.5941805148124695
74 -0.6569132804870605
75 -0.5510659480094909
76 -0.14114538073539734
77 1.0376088905334473
78 0.8766824579238892
79 0.7976380896568298
80 1.5212347030639648
81 2.013510227203369
82 2.1881511783599854
83 3.7330259132385253
84 3.727995262145996
85 3.872385082244873
86 4.00147819519043
87 3.7730202674865723
88 3.91284441947937
89 3.343903064727783
90 3.322034282684326
91 3.057923574447632
92 3.2864363193511963
93 3.610744457244873
94 3.168077440261841
95 3.4302666187286377
