12 0
13 -0.22940556287765504
14 0.03290065683424473
15 1.6154813289642334
16 0.25591684728860853
17 0.8818536972999573
18 0.3224511894211173
19 1.6185143756866456
20 -0.41872718334198
21 -0.4215851604938507
22 0.617591187953949
23 0.539018988609314
24 0.39406694531440734
25 1.4511147022247315
26 0.1701410984992981
27 0.758739173412323
28 0.36303091049194336
29 0.8433206367492676
30 2.037775592803955
31 2.344208860397339
32 2.1897816276550293
33 2.5538803577423095
34 3.0875748443603515
35 2.3408552169799806
36 -0.3051939404010773
37 -0.17343683049082756
38 -0.06424865394830703
39 1.0230894231796264
40 0.9589389944076538
41 1.1894280004501343
42 1.1733342790603638
43 1.2150092887878419
44 2.330007667541504
45 0.042950015664100644
46 -0.48272741317749024
47 0.3699007034301758
48 2.833199110031128
49 2.9810101699829104
50 2.537959575653076
51 1.4981202936172486
52 1.504089207649231
53 2.8629761505126954
54 1.7947399473190309
55 0.1301120302081108
56 0.4108064603805542
57 0.17575626969337463
58 0.08576984643936157
59 1.284451138973236
60 2.3179476261138916
61 0.09587609738111497
62 0.7271399593353272
63 2.8757676553726195
64 0.3476483559608459
65 0.3981782793998718
66 0.6587130427360535
67 1.1539913415908813
68 2.4134109687805174
69 1.9262856006622315
70 0.312113636136055
71 -0.2989917051792145
72 -0.2064243882894516
73 -0.2027028891444206
74 2.117010135650635
75 -0.09508469253778458
76 -0.5186894369125367
77 -0.2783769536018372
78 -0.12115722894668579
79 2.3790423393249513
80 2.7881681442260744
81 2.1414477825164795
82 2.15028920173645
83 3.635537109375
84 2.1219873237609863
85 2.546026515960693
86 3.0986128997802735
87 3.3255875396728514
88 2.881527166366577
89 1.0634618997573853
90 2.586710147857666
91 3.0719503498077394
92 3.193742513656616
93 3.2881569862365723
94 2.858243227005005
95 2.7752749919891357
