12 0
13 1.7528185653686523
14 0.849102908372879
15 0.5622921705245971
16 0.3007536005973816
17 3.591560935974121
18 0.3290358876436949
19 0.11779380887746811
20 -0.015177969932556152
21 -0.2948738384246826
22 0.11527039662003517
23 1.1939256000518799
24 0.2604220690578222
25 0.9806049346923829
26 0.8428300833702087
27 0.2095627462863922
28 0.5287929284572601
29 2.06584397315979
30 2.1167682456970214
31 1.2114611798524857
32 -0.5832803678512574
33 -0.37738940238952634
34 -0.01874399647116661
35 -0.04350663930177689
36 -0.8975459098815918
37 -0.9498871493339539
38 -0.4245994645357132
39 1.5233415842056275
40 1.8659422063827515
41 1.4275063562393189
42 0.42067391514778135
43 0.7125461506843567
44 0.9631417798995972
45 1.7473641991615296
46 0.9810066032409668
47 0.414358971118927
48 -0.036317213326692584
49 0.7570463180541992
50 1.1512221097946167
51 1.581085352897644
52 2.643633222579956
53 3.2882784366607667
54 2.7712507915496825
55 1.0260798525810242
56 0.10825556755065918
57 0.25192013025283816
58 0.11303041428327561
59 0.4774937331676483
60 1.9687615156173706
61 0.6784255945682526
62 0.3838683497905731
63 0.1256099409237504
64 -0.3145288419723511
65 -0.6831982183456421
66 -0.7275925874710083
67 -0.6008929014205933
68 -0.724093050956726
69 -0.8665580034255982
70 -0.694608256816864
71 -0.5284543633460999
72 -0.24535269260406495
73 -0.5546248555183411
74 -0.43423396348953247
75 0.053115610629320145
76 -0.09783939123153687
77 -0.16498377919197083
78 -0.032744255922734736
79 0.908040599822998
80 1.8535641241073608
81 2.108668804168701
82 3.387072801589966
83 3.2543953323364256
84 1.980943202972412
85 2.691035509109497
86 2.9619827270507812
87 2.7285821437835693
88 3.0086209774017334
89 3.5563299655914307
90 3.4701650238037107
91 2.86018967628479
92 3.2065067291259766
93 3.5531651973724365
94 3.594803171157837
95 3.0888562393188477
