12 0
13 0.6
14 0.5641025641025641
15 0.4690265486725664
16 0.5463917525773195
17 0.7684210526315789
18 0.7592592592592593
19 0.84
20 0.8
21 0.6126126126126126
22 0.1619047619047619
23 0.29464285714285715
24 0.37894736842105264
25 0.4787234042553192
26 0.5806451612903226
27 0.5851063829787234
28 0.5955056179775281
29 0.7752808988764045
30 0.7603305785123967
31 0.49324324324324326
32 0.3170731707317073
33 0.3162393162393162
34 0.39473684210526316
35 0.40540540540540543
36 0.4186046511627907
37 0.6134453781512605
38 0.7764705882352941
39 0.7831325301204819
40 0.8045977011494253
41 0.7731958762886598
42 0.576271186440678
43 0.5528455284552846
44 0.6666666666666666
45 0.7058823529411765
46 0.7294117647058823
47 0.7472527472527473
48 0.9080459770114943
49 0.6790123456790124
50 0.8875
51 0.8875
52 0.84375
53 0.7241379310344828
54 0.7083333333333334
55 0.5
56 0.6391304347826087
57 0.37815126050420167
58 0.0
59 0.12345679012345678
60 0.021739130434782608
61 0.08181818181818182
62 0.40625
63 0.42391304347826086
64 0.5567010309278351
65 0.4782608695652174
66 0.5575221238938053
67 0.6306306306306306
68 0.5
69 0.38095238095238093
70 0.3237410071942446
71 0.5507246376811594
72 0.528169014084507
73 0.41007194244604317
74 0.4351145038167939
75 0.4603174603174603
76 0.3969465648854962
77 0.2709677419354839
78 0.5291479820627802
79 0.3465909090909091
80 0.05223880597014925
81 0.007936507936507936
82 0.0
83 0.0
84 0.13636363636363635
85 0.702020202020202
86 0.4074074074074074
87 0.48148148148148145
88 0.325
89 0.5308641975308642
90 0.2597402597402597
91 0.8571428571428571
92 0.8064516129032258
93 0.8765432098765432
94 0.7816091954022989
95 0.6904761904761905
