1 0
2 0.8739929747581482
3 0.33840216517448424
4 -0.36769551277160645
5 -0.4090645527839661
6 -0.27653739631175994
7 0.08967694878578186
8 1.1025029039382934
9 0.19039402306079864
10 0.5588914394378662
11 1.8038610076904298
12 0.7015465235710144
13 -0.8274558687210083
14 -0.304850162062794
15 -0.46330007910728455
16 -0.4611674427986145
17 -0.8022580766677856
18 -0.9638004279136658
19 -0.4819460904598236
20 0.004244951009750367
21 -0.47273391008377075
22 -0.22567161202430724
23 -0.5402478742599487
24 -0.6918988335132599
25 -0.9451314806938171
26 -0.2973792786151171
27 1.3534623205661773
28 1.5560756587982179
29 0.7148421031236648
30 3.0577765560150145
31 2.7471033477783204
32 0.45764588594436645
33 0.38758001804351805
34 1.116165828704834
35 1.5913709831237792
36 1.6164783239364624
37 0.3294776201248169
38 1.4875844621658325
39 3.0228068256378173
40 3.048120069503784
41 3.377943506240845
42 1.6600366973876952
43 2.8913574385643006
44 -0.4384741624444723
45 -0.6968003487586976
46 2.326144310235977
47 2.046652092933655
48 -0.18761524438858032
49 0.11962179034948349
50 0.6275031900405884
51 0.8473812437057495
52 0.4554826021194458
53 -0.06305564234033227
54 0.16914725601673125
55 0.4167754864692688
56 0.7161923718452453
57 2.614036588668823
58 2.352659673690796
59 1.0050028657913208
60 0.6443902254104614
61 1.6447498869895936
62 2.9111093711853027
63 2.4844783782958983
64 2.7959381675720216
65 0.5277952492237091
66 -0.3297238183021545
67 -0.26802491664886474
68 -0.06487430512905121
69 -0.3657233029603958
70 0.7223587727546692
71 1.4944704580307007
72 -0.2731965363025665
73 0.017276330441236495
74 0.10937570035457611
75 -0.0661003515124321
76 0.7248350381851196
77 0.9158786463737488
78 1.0051542186737061
79 2.3709903144836426
80 2.4102046728134154
81 3.070961093902588
82 1.9854978799819947
83 0.7658661270141601
84 2.9936875987052916
85 1.1871397805213928
86 -0.023514500260353087
87 3.282737159729004
88 3.5200724697113035
89 2.779953680038452
90 3.692049512863159
91 3.3065442848205566
92 3.3165871334075927
93 3.2496660232543944
94 3.163839826583862
95 2.5068260288238524
