1 0
2 0.5
3 0.576271186440678
4 0.5980392156862745
5 0.5038167938931297
6 0.49390243902439024
7 0.5560747663551402
8 0.11304347826086956
9 0.9484536082474226
10 0.26515151515151514
11 0.09243697478991597
12 0.017857142857142856
13 0.22033898305084745
14 0.33980582524271846
15 0.38636363636363635
16 0.4375
17 0.7035175879396985
18 0.44516129032258067
19 0.5882352941176471
20 0.48325358851674644
21 0.39263803680981596
22 0.5948275862068966
23 0.475177304964539
24 0.3333333333333333
25 0.3925233644859813
26 0.13829787234042554
27 0.49411764705882355
28 0.6355140186915887
29 0.43820224719101125
30 0.5294117647058824
31 0.3671875
32 0.28289473684210525
33 0.4296875
34 0.6554621848739496
35 0.7350427350427351
36 0.7281553398058253
37 0.75
38 0.8282828282828283
39 0.78125
40 0.6788990825688074
41 0.583941605839416
42 0.424
43 0.2986111111111111
44 0.15
45 0.19791666666666666
46 0.19318181818181818
47 0.3269230769230769
48 0.4049586776859504
49 0.5548780487804879
50 0.5031847133757962
51 0.19014084507042253
52 0.0
53 0.07216494845360824
54 0.08433734939759036
55 0.1724137931034483
56 0.26262626262626265
57 0.43956043956043955
58 0.7171314741035857
59 0.2236842105263158
60 0.2830188679245283
61 0.2708333333333333
62 0.3333333333333333
63 0.5050505050505051
64 0.6956521739130435
65 0.4117647058823529
66 0.3291139240506329
67 0.532608695652174
68 0.4161073825503356
69 0.4027777777777778
70 0.3819444444444444
71 0.06944444444444445
72 0.5454545454545454
73 0.34104046242774566
74 0.3781094527363184
75 0.2866666666666667
76 0.3949579831932773
77 0.3855421686746988
78 0.4148936170212766
79 0.4742268041237113
80 0.5789473684210527
81 0.47619047619047616
82 0.36363636363636365
83 0.33714285714285713
84 0.45
85 0.6145833333333334
86 0.7272727272727273
87 0.7590361445783133
88 0.8148148148148148
89 0.8690476190476191
90 0.8809523809523809
91 0.7294117647058823
92 0.152
93 0.7398843930635838
94 0.8490566037735849
95 0.7272727272727273
