1 0
2 3.4643449783325195
3 2.075163523107767
4 -0.55189519405365
5 -0.48923590779304504
6 -0.31831135153770446
7 -0.13187386423349381
8 0.72832350730896
9 0.6730219745635986
10 1.7456142044067382
11 1.3916934204101563
12 0.3723324555158615
13 0.5737982511520385
14 1.0026626294851304
15 0.19143408358097078
16 0.1752765518426895
17 0.4730436414480209
18 0.838339114189148
19 0.7133300733566285
20 0.15325098544359206
21 0.11470787651836872
22 0.43463603615760804
23 0.029280938543379306
24 0.057748441994190214
25 0.8069579410552978
26 0.09973695859313012
27 1.8949148654937744
28 2.4407846832275393
29 2.691682662963867
30 3.0940183925628664
31 3.255485258102417
32 0.6621645677089691
33 -0.42483271718025206
34 -0.46509974241256713
35 -0.1221716582775116
36 0.007477028761059046
37 0.17505791783332825
38 0.6117686867713928
39 1.12956702709198
40 1.6815489530563354
41 0.9963204288482665
42 0.2696213722229004
43 0.2240078032016754
44 0.4066950523853302
45 0.5134529352188111
46 0.1781426966190338
47 -0.03807820975780487
48 0.06448578089475632
49 0.26949018239974976
50 0.3512009787559509
51 1.3416240429878235
52 1.067887816429138
53 1.1206546211242676
54 0.4544050732254982
55 -0.16184305399656296
56 -0.25436115622520444
57 1.3532528495788574
58 1.414486107826233
59 0.9656405615806579
60 0.44031999170780184
61 0.7135822343826294
62 1.406256866455078
63 0.7207351690530777
64 1.222365036010742
65 0.752316698729992
66 0.334624053388834
67 -0.5618821668624878
68 -0.7287609386444092
69 -0.9462397360801696
70 -0.9301993536949158
71 -0.7874325394630433
72 -0.06686929225921631
73 0.89327064037323
74 1.5537617778778077
75 -0.0363038170337677
76 -0.4722084206342697
77 1.3710640501976012
78 0.4214112961292267
79 0.037613152316771446
80 0.7959344816207886
81 1.7882018566131592
82 1.3246810722351074
83 0.07981084268540144
84 -0.5694246293790638
85 1.428232183456421
86 1.9722152519226075
87 2.9520273399353028
88 3.6209687042236327
89 2.7626268577575686
90 1.8075475931167602
91 -0.27491198360919955
92 1.663373761177063
93 2.115864086151123
94 1.2595206317305565
95 -0.21442494064569473
