7 0
8 0.4696846532821655
9 0.04083084911108017
10 1.4427629017829895
11 1.9675079202651977
12 1.369642128944397
13 0.6462204420566559
14 0.11366579324007034
15 0.572061722278595
16 0.06983152031898499
17 -0.059220065213739875
18 0.0677974072098732
19 0.09985604077577591
20 0.6271209609508515
21 0.31522671818733217
22 -0.01667076498270035
23 0.24222641587257385
24 -0.10171560108661652
25 -0.24312512576580048
26 -0.10480515643954277
27 0.873841103464365
28 2.004476308822632
29 2.41081401348114
30 1.2813219213485718
31 1.7434134769439698
32 1.7928314971923829
33 2.972211389541626
34 3.817008819580078
35 2.749115662574768
36 0.1259692233800888
37 0.4091392457485199
38 0.7388739585876465
39 0.9893770217895508
40 1.260842161178589
41 2.425107955932617
42 3.2093186378479004
43 3.18855619430542
44 3.2533552646636963
45 3.296976089477539
46 3.4807288646698
47 3.2443435192108154
48 3.171584825515747
49 2.5993118858337403
50 2.9062228202819824
51 2.88183856010437
52 2.889781732559204
53 0.7008407831192016
54 0.5329437959194183
55 0.4353976047039032
56 0.09657498091459274
57 -0.02708902783691883
58 -0.05464803361799568
59 0.3076467144489288
60 1.0259468030929566
61 1.5077193975448608
62 -0.022716531753540038
63 -0.552963387966156
64 -0.7741855812072754
65 -1.0307405376434327
66 -1.055578351020813
67 -0.9648163294792176
68 -0.780050892829895
69 -0.3977616345882416
70 0.5861002410948276
71 1.0669435739517212
72 1.2681454181671143
73 1.720897355079651
74 1.173433780670166
75 1.063633680343628
76 1.8042821407318115
77 2.0121474266052246
78 2.2679855823516846
79 2.534224510192871
80 2.9348840713500977
81 3.0100152492523193
82 2.8521815490722657
83 2.810210704803467
84 2.9286677837371826
85 3.0633926391601562
86 2.9810404777526855
87 2.9456146144866944
88 2.8391242027282715
89 2.922303466796875
90 3.1058596706390382
91 3.147746696472168
92 3.0492206478118895
93 2.0263417625427245
94 1.7999724769592285
95 1.902578444480896
