7 0
8 0.6341463414634146
9 0.07272727272727272
10 0.023255813953488372
11 0.12727272727272726
12 0.3969465648854962
13 0.07142857142857142
14 0.1188118811881188
15 0.14814814814814814
16 0.2018348623853211
17 0.22857142857142856
18 0.3333333333333333
19 0.6515151515151515
20 0.125
21 0.21739130434782608
22 0.3435114503816794
23 0.24561403508771928
24 0.23255813953488372
25 0.4050632911392405
26 0.7875
27 0.5119047619047619
28 0.18072289156626506
29 0.5446428571428571
30 0.4326923076923077
31 0.39759036144578314
32 0.4148936170212766
33 0.3644067796610169
34 0.3197278911564626
35 0.3790849673202614
36 0.46153846153846156
37 0.1724137931034483
38 0.2773722627737226
39 0.1271186440677966
40 0.10526315789473684
41 0.26548672566371684
42 0.44715447154471544
43 0.3829787234042553
44 0.10483870967741936
45 0.0
46 0.022988505747126436
47 0.16393442622950818
48 0.017857142857142856
49 0.37383177570093457
50 0.5853658536585366
51 0.7228915662650602
52 0.5161290322580645
53 0.22727272727272727
54 0.34523809523809523
55 0.3854166666666667
56 0.3137254901960784
57 0.24210526315789474
58 0.4588235294117647
59 0.7391304347826086
60 0.6896551724137931
61 0.7033898305084746
62 0.6012658227848101
63 0.416
64 0.2894736842105263
65 0.0
66 0.09243697478991597
67 0.031746031746031744
68 0.125
69 0.13675213675213677
70 0.2
71 0.5290322580645161
72 0.7058823529411765
73 0.40625
74 0.09649122807017543
75 0.24545454545454545
76 0.3333333333333333
77 0.1259259259259259
78 0.25735294117647056
79 0.0
80 0.6627906976744186
81 0.75
82 0.8375
83 0.8395061728395061
84 0.85
85 0.8414634146341463
86 0.891566265060241
87 0.8275862068965517
88 0.7849462365591398
89 0.7083333333333334
90 0.7477477477477478
91 0.8478260869565217
92 0.8292682926829268
93 0.8863636363636364
94 0.8977272727272727
95 0.8
