17 0
18 0.3931034482758621
19 0.14685314685314685
20 0.0
21 0.0
22 0.5681818181818182
23 0.5594405594405595
24 0.3858267716535433
25 0.4945054945054945
26 0.7666666666666667
27 0.574468085106383
28 0.5432098765432098
29 0.6262626262626263
30 0.8114754098360656
31 0.6931818181818182
32 0.569620253164557
33 0.569620253164557
34 0.77
35 0.7362637362637363
36 0.8
37 0.7433628318584071
38 0.5315315315315315
39 0.11363636363636363
40 0.6013071895424836
41 0.676829268292683
42 0.017699115044247787
43 0.06542056074766354
44 0.2647058823529412
45 0.6818181818181818
46 0.788135593220339
47 0.71875
48 0.8712121212121212
49 0.4897959183673469
50 0.5689655172413793
51 0.5
52 0.7070707070707071
53 0.6504854368932039
54 0.7011494252873564
55 0.8921568627450981
56 0.674074074074074
57 0.37349397590361444
58 0.31901840490797545
59 0.4327485380116959
60 0.7154471544715447
61 0.46825396825396826
62 0.5555555555555556
63 0.4827586206896552
64 0.6792452830188679
65 0.8208955223880597
66 0.45901639344262296
67 0.2727272727272727
68 0.2876712328767123
69 0.4132231404958678
70 0.5900621118012422
71 0.48554913294797686
72 0.39226519337016574
73 0.0
74 0.041666666666666664
75 0.20238095238095238
76 0.6666666666666666
77 0.55
78 0.5196078431372549
79 0.45161290322580644
80 0.64
81 0.75
82 0.75
83 0.7391304347826086
84 0.675
85 0.4536082474226804
86 0.367816091954023
87 0.4588235294117647
88 0.6404494382022472
89 0.8048780487804879
90 0.7875
91 0.759493670886076
92 0.782051282051282
93 0.8297872340425532
94 0.8241758241758241
95 0.8734177215189873
