7 0
8 0.7052631578947368
9 0.76
10 0.7263157894736842
11 0.7553191489361702
12 0.03225806451612903
13 0.3064516129032258
14 0.32710280373831774
15 0.21238938053097345
16 0.31343283582089554
17 0.675
18 0.4787234042553192
19 0.7333333333333333
20 0.4090909090909091
21 0.3235294117647059
22 0.20388349514563106
23 0.37755102040816324
24 0.6546762589928058
25 0.6887417218543046
26 0.2
27 0.10588235294117647
28 0.0
29 0.03896103896103896
30 0.0
31 0.41975308641975306
32 0.49
33 0.5280898876404494
34 0.4945054945054945
35 0.4823529411764706
36 0.4606741573033708
37 0.46511627906976744
38 0.5056179775280899
39 0.6022727272727273
40 0.5578947368421052
41 0.6
42 0.7216494845360825
43 0.7017543859649122
44 0.6428571428571429
45 0.34782608695652173
46 0.08433734939759036
47 0.1625
48 0.1282051282051282
49 0.06493506493506493
50 0.44329896907216493
51 0.6310679611650486
52 0.3563218390804598
53 0.29213483146067415
54 0.22988505747126436
55 0.275
56 0.3855421686746988
57 0.7
58 0.7625
59 0.75
60 0.5925925925925926
61 0.6506024096385542
62 0.7901234567901234
63 0.8539325842696629
64 0.7901234567901234
65 0.7792207792207793
66 0.7586206896551724
67 0.6923076923076923
68 0.5578947368421052
69 0.5425531914893617
70 0.5697674418604651
71 0.5632183908045977
72 0.7326732673267327
73 0.7608695652173914
74 0.6190476190476191
75 0.6547619047619048
76 0.7159090909090909
77 0.71
78 0.7045454545454546
79 0.7469879518072289
80 0.7647058823529411
81 0.7590361445783133
82 0.7560975609756098
83 0.7976190476190477
84 0.7471264367816092
85 0.782051282051282
86 0.782051282051282
87 0.7792207792207793
88 0.7692307692307693
89 0.8
90 0.7727272727272727
91 0.7168141592920354
92 0.8536585365853658
93 0.8571428571428571
94 0.8130841121495327
95 0.5039370078740157
