7 0
8 0.0168412446975708
9 0.3430572711676359
10 0.9182133197784423
11 3.056849241256714
12 2.1777042865753176
13 0.5580342745035887
14 0.30451575458049773
15 0.00614453885704279
16 0.09936770677566528
17 0.07514319479465485
18 -0.48848818957805634
19 -0.0033406679704785346
20 0.2113457578420639
21 0.5875726127624512
22 0.0036018002778291703
23 -0.3997142192721367
24 -0.3493225581943989
25 -0.12999361753463745
26 -0.0988757698237896
27 1.1809747171401979
28 2.698530969619751
29 1.2597137999534607
30 0.5563751149177552
31 0.3638471508026123
32 2.4552421808242797
33 2.4916544723510743
34 1.7101519586145877
35 -0.06675597209483385
36 0.1665788557380438
37 0.5552015542984009
38 1.4607140350341796
39 2.1866782665252686
40 1.3739367020130158
41 0.8966275608539581
42 0.07918303646147251
43 -0.10090659201145172
44 0.37540191531181333
45 0.37937410235404967
46 0.4664761817455292
47 2.8450193405151367
48 0.847812066078186
49 3.4682859992980957
50 2.912941188812256
51 0.6402478814125061
52 1.1726144886016845
53 0.41188478112220767
54 0.25598573684692383
55 0.34814080595970154
56 1.1597875261306763
57 1.8604691553115844
58 2.7963991069793703
59 0.25173674039542676
60 -0.10848887145519256
61 0.9765158808231353
62 1.3477725982666016
63 0.7800155115127564
64 1.1807592606544495
65 0.3713142704963684
66 -0.3017312750220299
67 -0.7120791792869567
68 -0.4354038596153259
69 -0.1568129426240921
70 0.19392998576164244
71 0.13567626107484101
72 0.27985503286123276
73 0.7529916560649872
74 1.4034319400787354
75 1.8058421611785889
76 1.2140807342529296
77 1.0674690008163452
78 0.5326323294639588
79 0.5073154020309448
80 2.8019811058044435
81 3.655983552932739
82 3.5423424148559572
83 3.573079309463501
84 3.2873694896698
85 3.4401164054870605
86 3.5712573528289795
87 3.2618758201599123
88 3.6842728996276857
89 3.3375658988952637
90 3.0548469638824463
91 2.502558512687683
92 2.2563254165649416
93 2.508026041984558
94 0.6578572329506278
95 -0.4711116373538971
