17 0.0
18 29.339328881119815
19 13.953353224325546
20 40.22589115237181
21 16.920235587794668
22 0.0
23 0.07444172114819501
24 43.214994954828974
25 25.945976637988544
26 12.993036243697972
27 40.76681514404745
28 29.30976724045485
29 35.624306304441035
30 51.363882282521985
31 46.7636143241123
32 38.05501132408642
33 40.88886828976662
34 10.26965471797336
35 0.20485294913168128
36 49.18092075252022
37 26.77345230797142
38 32.518274723462525
39 47.676407845734666
40 44.83360910382916
41 41.90297276410054
42 48.40663005839789
43 33.95601960973648
44 48.01140545182823
45 50.52516010786917
46 43.29686078539157
47 29.461019231764123
48 42.77884669685549
49 2.4556411453077054
50 40.22915992296831
51 30.441267876295342
52 28.447574213901213
53 36.25010773258558
54 0.0004268564343115704
55 30.04524329540899
56 46.58621460475846
57 8.049746383338173
58 27.494007965820117
59 0.0
60 49.26305824380594
61 26.405567713348606
62 47.494571745708264
63 35.65126893802998
64 44.60390829220082
65 50.83688741492124
66 50.96099459835731
67 48.69966314484862
68 41.53281885466254
69 26.062219371303474
70 9.037488065282549
71 37.90891103540466
72 23.171803893890356
73 13.793025751197797
74 26.291858930115623
75 12.79690410511706
76 35.61699716937928
77 42.96206968540794
78 51.64115280557709
79 51.311779695514225
80 49.93986923513667
81 45.57370766215604
82 48.79219719996759
83 37.5272787178386
84 41.008920032674546
85 33.960202422825745
86 22.767481399581065
87 36.61579456793573
88 14.773360884183028
89 34.17879758750416
90 43.67642376284257
91 26.327754590420465
92 41.76107231621914
93 46.91310351406735
94 46.32359324622764
95 47.740029116595544
