12 0.0
13 22.47974532829853
14 16.701153504045394
15 35.73052767427362
16 0.0
17 26.85346957062286
18 26.75242439599382
19 0.0
20 18.451913576756446
21 26.520197008473858
22 41.34412240064496
23 42.41585564441167
24 31.21645660693756
25 1.5030463829131373
26 40.852148995619594
27 37.5154194470805
28 43.00310123792548
29 46.56797018752739
30 42.552799984294936
31 23.03074464020814
32 7.232670736693222
33 11.574803093464611
34 30.80952294872171
35 31.136168275158298
36 52.56607676853224
37 25.439763489085717
38 26.62136666357146
39 24.433146498332885
40 17.637246380635574
41 51.22240736341567
42 48.381273338730544
43 39.06471678544266
44 42.04213142845284
45 30.491772211695103
46 36.96292132329252
47 29.50483856284848
48 42.89921586880392
49 42.03722942033977
50 44.43364371299134
51 35.153097136325606
52 35.30645595315989
53 46.14172816502604
54 45.0574309839168
55 32.802760831525774
56 6.0676845599451905
57 0.03882009180620255
58 0.0
59 0.0
60 0.0
61 13.466954437154532
62 28.05057772987352
63 35.33417357863226
64 39.129488280941636
65 32.77181419915659
66 40.24316262818218
67 42.101836989965406
68 50.57181524287154
69 49.28601058658043
70 48.798143272805476
71 45.35372174204544
72 43.460953190762815
73 50.84975909578393
74 48.96590949718983
75 42.44068373882195
76 37.31618549640629
77 38.11667563929003
78 31.353657692696643
79 0.3034778926225381
80 0.0
81 5.190303456675612
82 0.0
83 0.055581727533445056
84 1.3454461700401463
85 7.6164390826367985
86 0.7274038865722514
87 0.0
88 16.677813784625677
89 0.24242941564727546
90 47.463867063999764
91 50.593689054125875
92 49.392903255964555
93 46.28115608939573
94 41.93470418426178
95 39.784907443279174
