7 0.0
8 45.08448353186694
9 40.15084775555371
10 32.879403324197
11 18.900680307482215
12 6.664981903890377
13 0.22981275535054074
14 0.0
15 19.005342966403997
16 17.078151553344973
17 1.645027168387187
18 35.299926374960194
19 11.474405526266583
20 0.3444340601544674
21 0.0
22 0.51043775296901
23 8.636408043105257
24 0.0
25 0.020721333214001266
26 3.2070153877519876
27 35.62602464972374
28 36.7314795686274
29 32.72217732527422
30 29.173361814857373
31 35.95557951868054
32 39.98747902867895
33 19.417465841131303
34 38.618716628272814
35 6.544012069818032
36 0.0
37 3.134984088855937
38 30.36924344961736
39 40.95262054301358
40 31.70187173139584
41 9.913937335718295
42 11.03069826328959
43 32.46861127898694
44 34.07128117615233
45 13.32185295809072
46 32.83762110176268
47 25.614633163086165
48 29.540979566248918
49 32.99330665216888
50 32.90264977641897
51 28.095006006078076
52 22.87798379695283
53 25.2051718854752
54 7.44976366379141
55 7.268191035919746
56 0.020260086858681366
57 7.5747982299741645
58 20.96129630012133
59 7.528970528653838
60 25.256991409057637
61 6.675696896851296
62 2.0596345676088474
63 33.89908116607937
64 0.3537599686675219
65 9.577269165279287
66 0.0
67 0.0
68 33.64313703872792
69 0.0
70 37.30660550169721
71 29.564681045593534
72 58.990523131611326
73 44.14541479032395
74 31.619319241815358
75 56.93262013701018
76 48.307554000156415
77 54.219839219805216
78 31.26673217925662
79 37.15547095264252
80 35.45770530673071
81 43.91767112549743
82 28.79852847962757
83 29.423976620686705
84 43.754506459597295
85 30.175060031331864
86 43.866356962707805
87 19.723871059007443
88 6.213838309847769
89 33.07548113534198
90 37.372661995687416
91 40.077126308987154
92 41.971094838347206
93 46.74639349913719
94 50.26653289176244
95 30.523859968236547
