7 0.0
8 22.26690901768175
9 1.0422092197327288
10 4.161140331408265
11 22.74386752430631
12 10.246462178538497
13 0.9512195550584999
14 0.0
15 0.0
16 5.570815701700228
17 35.53156171564959
18 21.37863471874794
19 43.52962037451532
20 6.951976217613715
21 2.477681826679944
22 21.846206612928007
23 23.40522387042318
24 9.68500717603266
25 0.0
26 1.2939562083499379
27 21.9289904004379
28 33.7185602315062
29 12.679756367070272
30 27.87644403974565
31 18.27733335349307
32 49.0986853476094
33 33.28327321379508
34 17.474470688632564
35 0.6429691110288555
36 28.433172181377735
37 45.18681569277166
38 47.46298312103958
39 25.424428875166488
40 0.0
41 0.8880507038194146
42 49.535000526528734
43 48.62448024610636
44 46.62328227738977
45 49.254340098972826
46 51.085444891608326
47 50.926595651640184
48 42.58714345481926
49 32.96402929583152
50 35.97149319349906
51 34.90771017115075
52 27.836168105476055
53 1.1991529764354578
54 3.4345016433251603
55 0.0
56 0.0
57 0.0
58 0.0
59 16.223983961929868
60 9.219760117267974
61 51.6182220567221
62 56.21859430359189
63 59.644326514448856
64 56.80382111397006
65 51.19209858222016
66 49.54247545456048
67 53.792725518430466
68 52.004236849205775
69 43.74526632045335
70 28.79994410596646
71 8.590727222358947
72 22.488827217280893
73 13.582503028057399
74 30.75259049929472
75 3.816906603981398
76 3.4717361616286917
77 29.728650374368094
78 17.29619081640621
79 40.16084568521488
80 38.16264527188307
81 16.792091841026533
82 32.79614187574991
83 49.411356912339215
84 46.624688576814016
85 44.907135456108556
86 52.32269684788107
87 30.588045020270684
88 48.275011465978444
89 44.43189929735435
90 51.15012079435161
91 48.08200713813958
92 10.780869890836561
93 30.533128825038606
94 35.434759282886205
95 42.33882111007037
