12 0.0
13 37.46674739987093
14 16.694685546849136
15 15.226175441556922
16 12.902737262896856
17 0.44771097115329916
18 20.450983289337973
19 9.157220679240167
20 41.68895885993662
21 15.967150540448262
22 38.82133650389284
23 27.548282309252226
24 47.27511278109717
25 47.74268862238152
26 45.030152132095466
27 20.27130137588317
28 41.86778390593023
29 49.2285170299709
30 28.861223193692872
31 20.712649250243505
32 16.504851383460686
33 24.95144496321786
34 40.623597056255726
35 35.10772454764577
36 23.822983344826884
37 6.245704484036309
38 44.2412668304519
39 57.28794378410398
40 58.39123074038355
41 47.22461360911311
42 42.441469228868456
43 43.47283710025706
44 49.7297181570755
45 19.438037765692783
46 53.487739546984194
47 51.07014206881423
48 44.80119692542877
49 48.27441934718024
50 15.704433301123604
51 20.846533143706342
52 3.156062472799147
53 34.82440810631514
54 3.400156777922465
55 37.59711847186751
56 10.489740266300073
57 23.323895552260524
58 40.08895632814365
59 45.17946380013891
60 52.29623818756343
61 17.6380980812989
62 23.61495864862653
63 49.470312428923535
64 55.162826959050676
65 48.425924155843724
66 14.08630790118321
67 28.151659347353913
68 6.013901162676474
69 50.11111943956589
70 29.554030896965696
71 51.00699230684458
72 31.4861921953189
73 45.819530663793486
74 43.49917715411929
75 48.76462356729546
76 49.2961869595681
77 37.011702104311084
78 32.17727224763431
79 30.63976612622706
80 28.812042769172685
81 35.893197712437846
82 44.85649640264059
83 23.977852603117316
84 33.860160319834534
85 33.14246868504978
86 25.343872821441934
87 29.511005468389385
88 47.11701532535325
89 50.41941425823182
90 40.279818857935155
91 32.91001281728453
92 36.331768824489366
93 39.56869722987932
94 5.3883465160136055
95 41.3413790085136
