12 0.0
13 42.42300809551725
14 46.89449826675844
15 2.264886483195066
16 36.09145681154667
17 23.54607020084572
18 3.01670834193402
19 3.5888599395576577
20 39.43878367165747
21 15.140470769060387
22 9.897478429242566
23 45.72514811680191
24 48.0928177633492
25 46.72849942497402
26 48.096105467634935
27 46.65112465346442
28 48.522365236005456
29 47.892919193210844
30 46.66630022533855
31 38.29376265340911
32 23.430208511797588
33 31.790167310856866
34 12.181814726045532
35 1.1434941143507444
36 10.418346314628716
37 0.18850102011485892
38 0.3590967781884884
39 43.11104516492891
40 0.7937855617527778
41 0.0
42 38.5240278277851
43 45.65581358557191
44 43.83631558854237
45 46.944359623237354
46 48.251384729888414
47 32.21953598276472
48 47.267971719182505
49 10.51069265190915
50 34.89092012954436
51 47.05683955916995
52 0.0
53 35.739012023033204
54 49.0892514758867
55 46.745893568424314
56 37.13274098883875
57 2.3921259510454145
58 12.5358792259341
59 42.616224861633626
60 1.4684176860846634
61 43.08986877546589
62 49.93116995194996
63 43.188147974296534
64 50.82190554392622
65 51.292567237430916
66 50.633145759044126
67 32.137126508441376
68 23.491477953943065
69 7.822532120132588
70 43.01176152934498
71 44.016182762380765
72 15.068243419096436
73 27.628161081851285
74 39.48652111195089
75 27.513390113630745
76 4.609679846397628
77 0.0
78 1.2019508558759264
79 50.26288174914556
80 18.80161614711311
81 4.814703475392426
82 34.17043795592851
83 27.255826126297272
84 28.25979769593084
85 25.69784641706092
86 21.675095196729778
87 40.10870638632438
88 38.85425097668116
89 44.61548321260218
90 17.711825170344174
91 31.197573869252565
92 38.94160594980989
93 36.11059828278454
94 6.422607279032726
95 0.1559742358059337
