7 0.0
8 13.37786418519258
9 16.84745284531282
10 10.837833987374195
11 1.0250397588155307
12 0.0
13 42.142515696244594
14 2.3576127624512284
15 27.352951365303397
16 0.0
17 14.667191617822064
18 26.293627804801176
19 20.216792464578226
20 5.017114577823308
21 21.504391124220735
22 0.34704690079853273
23 0.3204916698844697
24 0.2496604183640119
25 0.0
26 41.35936995646642
27 7.743840829380152
28 7.380402746354989
29 0.010033889659280888
30 35.14322824887566
31 0.0
32 0.0
33 20.256748657622417
34 20.198711239727054
35 5.222011909113313
36 44.827168669464065
37 47.756841724546284
38 12.864018407784135
39 0.0
40 2.2072827401940316
41 5.839950205955288
42 32.326298367408135
43 30.200474706032107
44 7.5915130565530164
45 30.000812838214706
46 4.115945329270393
47 0.25710581568090085
48 10.40173289545962
49 13.286848670321252
50 18.144521155566864
51 0.2847484295281705
52 0.02965621243825652
53 39.984229729990396
54 35.51257109267819
55 0.08041134100850475
56 0.18820788581103157
57 0.09760884748368533
58 0.014882288256165076
59 29.899182310847728
60 27.001624997156686
61 0.0
62 0.0
63 8.884234080154854
64 7.007702457604378
65 3.161947957558148
66 18.580895561029003
67 9.96662884557884
68 13.075682331744863
69 5.276670044463698
70 44.07854751761916
71 0.009922618627306349
72 14.700515090035152
73 1.6952318436727092
74 0.0
75 1.0867380076377726
76 0.0
77 7.328236736269973
78 42.20150056804015
79 32.24467463984094
80 12.534740127377686
81 0.0
82 0.7895823635343383
83 12.2000669683757
84 41.710383268462955
85 25.136882254680696
86 5.483029917968873
87 9.511680658476191
88 47.980556727263
89 0.0
90 11.848339345134344
91 21.058948543534527
92 29.310824962015868
93 24.113345734018896
94 49.85592570869613
95 51.36302338109308
