7 0.0
8 50.721459638340185
9 48.09814216330145
10 44.00019087587611
11 17.81495944763149
12 0.536103299361295
13 0.0
14 0.4852226412669424
15 0.7828519743334574
16 0.0
17 0.0
18 0.1204579754230163
19 45.7029115500616
20 43.4278667304163
21 41.84268698989343
22 9.121282011615746
23 6.763749178558641
24 11.51226156255018
25 28.018539780637195
26 6.51535877804289
27 9.620568872021293
28 14.151875943669639
29 45.63346772829164
30 46.65887547133373
31 49.823477316661446
32 49.650976593709146
33 44.0635088877273
34 45.89602063087821
35 48.71173398802054
36 46.443411659133616
37 45.642721138729414
38 49.76815430386598
39 41.158162898826994
40 19.2823254460745
41 26.401667690595318
42 35.05097911385842
43 15.529227488862034
44 36.79021847175546
45 37.51867202449657
46 45.35145880642166
47 2.690679756003787
48 48.715451012430556
49 50.56407493319124
50 49.54946893361831
51 50.38404339376691
52 51.146900349883865
53 49.09821436402964
54 35.27911795998079
55 21.83427564767413
56 19.090570847267415
57 18.1289101762291
58 7.437981794583471
59 4.381922565896172
60 45.56142840908452
61 44.42868276753775
62 27.130723728290217
63 24.021527562295443
64 20.878466304358223
65 26.317990249189965
66 39.357335650447574
67 3.5134611323983806
68 34.62735159653408
69 46.03992876341566
70 50.482404257711195
71 50.893119268737884
72 49.03590717640116
73 47.862846359128
74 30.910634182113096
75 22.246820743007675
76 33.82823518172869
77 39.08239214049666
78 52.2440351210697
79 45.40223314202555
80 46.016320928552666
81 49.448835587784195
82 46.70818573451362
83 43.236699753928505
84 40.26332129232075
85 46.5476211962737
86 38.76339155771297
87 35.906273322382994
88 45.032809925159874
89 44.47918639603797
90 48.36120093960978
91 32.04676108446457
92 47.236891758875515
93 48.264110397230546
94 47.721148960201766
95 47.20912081262102
