7 2.554713194682803
8 17.328314626485994
9 0.17382471886579803
10 0.4115307790923843
11 0.0
12 0.6056408984839775
13 3.0935975501830115
14 0.0
15 33.904311379719495
16 0.0
17 13.819585619933415
18 20.82322607410133
19 24.944298455516286
20 1.3125627510657023
21 2.0905920242756024
22 0.008278324516871714
23 45.97757027680248
24 3.273889375794055
25 14.556118009158526
26 20.08101718587006
27 4.160628286805336
28 35.183790141724934
29 41.54430916663699
30 37.03886713139795
31 43.41453707435158
32 46.532544068089045
33 43.641553508426334
34 16.614735725301784
35 1.828345947574341
36 2.0556941851489783
37 0.0
38 0.0
39 1.4003780114069586
40 29.03299981137607
41 35.189596549503314
42 40.60205903713536
43 54.60074981154825
44 0.0
45 9.979475667308611
46 9.256312905958028
47 11.232229124253472
48 34.251362108838755
49 30.570699353705365
50 34.3796227357175
51 32.441501440238255
52 39.80232011081334
53 48.32214768597253
54 13.772534376980117
55 0.10796435614005974
56 0.0
57 0.02836880761714458
58 27.794302628005422
59 36.16549164430615
60 28.298411651086976
61 4.920805469920874
62 0.0
63 32.66366214598324
64 42.43250725849287
65 48.709923730757346
66 20.020284989049546
67 22.121214776923452
68 0.0
69 0.3345655286493993
70 5.761123243233014
71 2.3267623743236916
72 0.8701346463605206
73 0.0
74 37.17636405967729
75 50.52138979831892
76 7.6214060342976
77 6.169631348467171
78 37.22185115789188
79 26.88387349007967
80 32.09012695773065
81 40.599620886214346
82 15.833609356159577
83 12.645748005948208
84 29.650055909455542
85 48.3335884102673
86 16.35433457856101
87 15.96041783870181
88 48.30835094753842
89 40.819492748230964
90 9.931155736940468
91 35.07519204115998
92 34.23523328056114
93 43.530192413586065
94 0.0
95 4.751522338170794
