12 2.267503651591692
13 26.08512724384713
14 9.817458339167368
15 0.18588411592741536
16 28.670619144596998
17 0.8555095356971848
18 1.1478474799531133
19 44.30452560509441
20 1.8221495654577933
21 0.0
22 40.753365936660366
23 0.09977067835855706
24 24.894610637120582
25 0.8824729185607055
26 9.374044010541857
27 3.181687974351742
28 0.0
29 22.495910600331573
30 14.657937976391825
31 43.16854402385368
32 37.04429477068363
33 18.197059851845484
34 12.518699532575274
35 13.807138253180554
36 1.4508784725591246
37 47.222553407438085
38 27.76720978599823
39 13.154170445837838
40 11.459498284214192
41 25.558548205096884
42 15.053010448193545
43 5.881329548688629
44 5.701479280383098
45 0.5001606941978473
46 0.0
47 16.221309500087386
48 0.0
49 37.20658495824197
50 3.825048433038217
51 0.022378651682869847
52 44.34652773103017
53 0.23197556746943765
54 18.20369674170241
55 19.321495508536405
56 47.226035622821584
57 17.321228398427767
58 1.1926695330104335
59 0.48188274605567677
60 23.06788875532076
61 0.0
62 0.6530279354255866
63 8.559659478986038
64 6.860435030560254
65 3.3027200841777216
66 0.2492039214260628
67 0.2576348020769589
68 45.76402323001563
69 35.11770412011564
70 46.82930246818899
71 35.786223393401144
72 40.72086207120052
73 49.60004794649551
74 19.02537663983259
75 7.498669978955275
76 0.0
77 15.708812618047311
78 24.187115337165814
79 25.10211857811264
80 35.74035376769394
81 34.296505080812985
82 31.040954439459757
83 17.338496613489756
84 39.15585241065714
85 32.83354127159812
86 16.147108623582692
87 40.916645521509906
88 14.980398485702356
89 49.646570357253424
90 7.196606300794177
91 30.55265769664665
92 34.374029874645295
93 23.455829520028423
94 16.75696102788185
95 4.819891360198068
