1 0.0
2 44.9876665368358
3 29.610047548445564
4 24.43115491175047
5 27.149996522793945
6 30.882378225819636
7 43.99682193207956
8 1.49478693243091
9 0.0
10 4.55579931301977
11 0.0
12 6.17663474243188
13 11.377210857331868
14 4.715135032651926
15 2.4665428807080794
16 0.011552449251075871
17 25.06163696736238
18 0.0
19 28.688438724339566
20 0.01922114451840524
21 0.0
22 0.8443997433041283
23 11.610955619252152
24 0.0
25 3.07290287255278
26 8.693683858147768
27 3.584663387162568
28 13.739667736911079
29 22.86371403250241
30 1.2363311301779172
31 0.0
32 0.0
33 0.0
34 1.1593150953800115
35 1.5937276489348338
36 17.230617354998287
37 0.0
38 1.30769349465279
39 1.2131171419632567
40 0.8970611194103836
41 17.132350793222056
42 45.28284406754225
43 0.0
44 34.046381000502755
45 7.964523247830331
46 4.339764680978475
47 26.789264789064077
48 38.55260304010225
49 30.412837768259237
50 47.17448930794709
51 0.23789287585591667
52 3.3976270073823485
53 3.4146297493114925
54 0.0
55 0.0
56 34.933508274925124
57 24.056055287777177
58 0.0
59 0.0
60 0.0
61 8.448437139651453
62 24.400292095105414
63 44.67400920257024
64 0.09426044500891984
65 18.4380010947694
66 0.0
67 0.0
68 31.88577738004213
69 32.71929681366851
70 27.997194564197503
71 11.388349620340014
72 4.017311499520735
73 6.554824187550434
74 5.44614891328123
75 0.098308655831484
76 3.1417467621236903
77 0.0020806445841150584
78 0.0
79 11.450006557521663
80 13.955190581390921
81 14.046758224522918
82 5.385258623402048
83 0.0
84 16.294368709514448
85 29.220964279864894
86 3.57674014443621
87 2.5776768125427885
88 14.04602018317976
89 49.77890608451356
90 0.0
91 0.0
92 13.22389374976322
93 49.229710470385456
94 40.85661776757069
95 48.686897703270326
