1 0.0
2 45.550180141231486
3 44.01446507596273
4 34.90052099449965
5 26.43967840839086
6 31.2256076601924
7 44.6804613666911
8 43.422438870920196
9 45.36381397434297
10 45.80429150257377
11 45.98070877042674
12 45.12542780349416
13 44.02388100129321
14 44.75499954038216
15 39.88593081919889
16 23.988152786610605
17 0.2526127694990849
18 0.0
19 0.0
20 3.588992900703535
21 2.787074489119991
22 19.68938638346992
23 0.0
24 0.3530261973340841
25 35.52548256250756
26 11.68930385447587
27 6.8240920185009495
28 0.0
29 0.0
30 27.983105181546584
31 2.2111290394120076
32 0.0027864754810482425
33 0.0
34 20.15380964833453
35 7.711617682273044
36 0.0
37 0.06717387511340324
38 9.074136562392075
39 8.513774833957033
40 11.015870448745664
41 0.0
42 17.22001949978639
43 26.67645953907535
44 5.348250417632632
45 0.0
46 0.0
47 3.275391818147377
48 0.0
49 0.0
50 8.2232903194468
51 24.043582842953988
52 3.556870174109314
53 15.07932086013809
54 40.96767128529524
55 24.242728387175344
56 17.834911408506038
57 20.866195535701372
58 23.824689267602253
59 0.0
60 0.0
61 9.910956252039258
62 5.794448180211349
63 10.72358790352781
64 0.0
65 6.215507156494449
66 10.330007428981641
67 16.084489318173343
68 0.0
69 7.7887681982461014
70 11.061054520198368
71 13.323818568986924
72 1.4506237264699713
73 23.193320697100035
74 43.18841970355274
75 12.772435957749021
76 0.0
77 0.02543181461941338
78 0.36272846567972866
79 0.0
80 0.0
81 41.6533916914297
82 0.0
83 1.204297197273577
84 21.211803600854665
85 16.058712596283907
86 20.709344333918462
87 12.367601498098848
88 38.725241199488586
89 17.909712160091537
90 11.78709261355501
91 0.0
92 0.10032372575852466
93 30.701290580036986
94 0.006217822167554608
95 0.0
