7 1.8662698991887212
8 23.166943263859523
9 10.531999613976286
10 22.7071611910149
11 24.74814918193694
12 29.033185881276868
13 34.55622136406652
14 24.526770140351456
15 20.228726832148737
16 42.73738310706293
17 27.79089419013949
18 29.724503726542586
19 3.5829127446155367
20 36.65595184771215
21 24.286785211877245
22 21.20318430460302
23 29.441137592000196
24 13.013250803435971
25 31.07475989285556
26 41.02732279552637
27 8.694833327179108
28 14.425121043942479
29 13.86956639566779
30 43.17728396217945
31 26.078728031203077
32 10.512563235946534
33 3.156123131371392
34 11.411563603386863
35 29.187897098440235
36 0.1500804315059315
37 12.383636970130908
38 18.76672401863431
39 2.393353377706138
40 23.10025657178164
41 15.990382128971905
42 1.2270375026115707
43 6.231843717056388
44 27.00018335003682
45 0.0
46 29.396944942323845
47 0.2882337166718634
48 0.0
49 0.0
50 18.80043095753421
51 0.0
52 0.0
53 13.410094065793846
54 8.301216621330656
55 9.080503034206881
56 37.96732767609466
57 32.995190326076774
58 0.0
59 35.37988077550188
60 26.461641569667428
61 35.147950483604205
62 12.536429325324434
63 0.0
64 6.609850009848347
65 24.07233199108865
66 0.0
67 0.0
68 8.83911523325473
69 24.679156422741034
70 38.8534721682205
71 48.36606640208048
72 0.0
73 37.74932393550596
74 35.36652682134647
75 0.0
76 30.39127199469033
77 32.39354250257587
78 28.7380374772921
79 19.616061381316086
80 18.89472750078408
81 21.063799270046765
82 44.06074191183575
83 29.778825258486123
84 25.645087970551604
85 29.63392343196597
86 20.363235862719375
87 18.311111303085426
88 0.42079593688074013
89 3.387187709907561
90 9.485296780563116
91 0.011059853881727724
92 14.202318684258215
93 11.695467893325272
94 16.529122134780668
95 2.1318314070903597
