0.0 0.0
40.77531390930533 1000.0
787.1469720053108 2000.0
1458.4768131005308 2328.6701589047543
2115.243115133586 2671.9038568716887
2799.2251132154547 2987.921858789864
3517.7062942183684 3269.4406777869635
4236.976204103209 3550.170767902105
4939.115912450171 3848.031059555105
5618.35866263323 4168.7883093720175
6252.651885935251 4534.49508607
6880.898573991572 4906.248398013686
7560.724217978882 5226.422754026393
8350.639222135444 5210.084995843369
9414.841265896945 4935.797956238452
10123.342512318679 5227.296709816746
10788.157040301872 5335.185472016808
11504.778600871889 5283.378439429938
12184.31692603225 5320.461674839604
12838.285903891065 5346.03102214117
13534.690916204187 5303.59498768685
14159.007054711166 5375.683861492993
14829.978862770193 5329.02819194096
16178.63385835609 4651.3450044140845
17334.191840358486 4495.787022411677
17967.005169433858 4862.973693336279
18558.023396110155 5271.955466659995
19165.076889694745 5392.946506415432
19774.598856457782 5390.478033237015
20433.335943158178 5341.262913299645
21070.125641100134 5363.210302058045
21687.00605855389 5383.119582546266
22147.459774919174 5539.546283634735
22420.85406203909 5726.605712880104
22602.837723426135 5818.016338612971
23545.746858708404 5057.090864717702
24364.268048602924 5181.478810105462
25165.822520086404 5198.445528516494
25999.485665569628 5166.336854516779
26810.674282802604 5188.811382767025
27634.92366950067 5175.750613302005
28320.048132448657 5314.875537052038
28673.081950773114 5646.966181675553
28899.29287239198 5773.789078381148
29108.08169845724 5791.211173934688
29642.592171389104 5465.489527068052
30668.902720609687 4973.689450779409
31635.713197475023 5006.878973914094
32529.912458426996 5105.8007390479615
33419.421224484715 5110.491233942227
34281.59452686578 5137.826697618881
35163.55412071199 5118.040406153844
36061.7583405277 5101.795780184252
37631.97613869292 4429.782201834739
38283.10877586666 4778.649564660938
38589.91978651613 5471.83855401155
38882.619372353154 5707.30041416305
39151.41859246841 5731.200779884755
39441.15067994722 5710.267912521172
39746.03514699845 5695.115532948738
40080.60911314343 5665.426033854968
40442.08064333336 5638.528469810078
40833.38620142651 5608.694441906898
41485.622811791545 5347.763389634997
42661.982876418144 4823.639935373403
43864.81577358859 4620.807038202935
44549.19060517936 4936.432206612117
45534.45437089034 4951.168440901125
46277.40659247925 5208.216219312243
46967.70164796997 5309.7049445093535
47602.03449342027 5365.667154549761
48213.770131121186 5388.2643622991645
48769.797008960864 5443.9731221603415
49264.91706859166 5504.879940369176
51083.496805116534 4181.420263475113
51806.09360468624 4458.823463905437
52204.44655625043 5060.470512341262
52638.42067946088 5566.025876789527
53094.88891049409 5543.531768966786
53523.16108827419 5571.727822219894
53942.2469445676 5580.9141437065755
54395.381227713115 5546.865716854459
54888.12092860807 5507.260299105054
55406.03945260593 5482.081476002155
55948.74172424918 5457.297728356779
56809.64230982783 5139.09941442139
57771.15663072364 5038.48567910424
58880.75939808053 4890.397232643139
59653.72696270171 5117.429668021998
60262.60673497139 5391.120227730365
