0.0 0.0
68.15707402411755 1000.0
988.6846321617807 2000.0
1994.6795115554173 1994.005120606385
2171.387275946282 2817.2973562155466
2361.7380685199482 3626.9465636418317
2564.042803230505 4424.641828931237
2784.8333352328236 5203.851296928963
3008.0127102161996 5776.820625016676
3211.9451420398314 5796.067568176308
3447.6241915440974 5764.320950495692
3661.105186430736 5786.519005113416
3977.674075316558 5683.431111114204
4349.869681521237 5627.804393795302
5023.777984938815 5326.091696582356
5825.481075284577 5198.296909654334
7717.862370648904 4107.618704635657
9378.53883798105 3446.942237303495
10091.628601686842 3733.8524735976785
10648.989570349493 4176.491504934997
11188.366794474336 4637.114280810159
11713.566500105626 5111.914575178788
12367.26141913098 5346.3050809746355
13121.800997731843 5245.460421399073
13943.189169665946 5178.611828065955
14543.223732952736 5399.965436713273
15184.177194149923 5359.046538802886
15789.269359786133 5394.9078343638175
16869.435411675833 4919.833948110358
18003.74653922587 4785.522820560369
19165.53033748506 4623.739022301213
19684.467099728452 5104.802260057875
20145.29444141098 5539.172658317431
20646.8394133185 5498.455028092524
21234.710172689804 5412.129240628671
21909.976692017386 5324.733480672426
22475.0440020774 5434.93268994006
23013.24942642814 5461.794575649178
23605.4188160354 5407.83061039269
24407.205894578812 5198.212921456599
25045.497873340213 5361.708021238581
26383.888814067515 4661.609059272755
27739.314875948578 4306.18299739175
28435.72372706919 4609.7741462711365
28968.60110175918 5076.8967715810995
29502.451978945748 5466.149122813399
30085.24626488194 5417.205714063783
30765.987291139718 5319.25897374215
31372.927767697558 5393.059523442151
32045.272035916812 5327.655731780766
32624.251080589416 5421.0209553273535
33131.06564496745 5493.185435621963
33672.078643627785 5458.987001339631
33826.926652665235 5845.151990962595
35822.10487749543 4004.8217751698094
36912.822037824204 3914.1046148410364
38002.06171703391 3824.864935631351
39017.43402860405 3809.4926240611953
40041.311075240366 3785.615577424852
40948.727531227516 3878.199121437678
41740.12039402163 4086.806258643529
42506.01982813225 4320.906824532885
43389.95860594022 4436.968046724904
44471.06560230556 4355.861050359508
45258.69040608976 4568.236246575299
45928.75084951062 4898.175803154418
46615.539187566654 5211.387465098349
47344.72010168229 5270.81908588434
47999.64970299977 5345.0703986825
48609.17434504571 5390.475357954042
49272.58118236266 5336.593162683018
49911.77971428318 5360.801468079534
50605.23541340513 5306.544300878119
52342.36120867925 4262.874204725815
53119.64187483114 4485.593538573919
53742.12265162784 4863.1127617771945
54345.5316990262 5259.7037143788675
54968.41837676675 5377.113322259445
55555.17455990825 5413.243816858595
56192.756370755975 5362.418189152269
56801.9435905101 5390.812780245904
57375.92736169832 5426.016228811858
57766.47008254434 5609.45727915397
57941.1714834066 5825.298599137725
59347.290038118685 4593.881445287913
60099.36700745448 4841.804475952102
60827.021870222095 5114.1496131845115
61581.6102753167 5245.411594905417
62318.89964267907 5262.710632637673
63041.78479998582 5277.11484269335
