0.0 0.0
37.45823658570971 1000.0
769.2090592899148 2000.0
1488.6441438526858 2280.5649154372204
2233.547461636013 2535.6615976538983
3021.5686805667087 2747.640378723201
3700.047956795492 3069.1611024944436
4386.303306357986 3382.905752931961
5083.701434675013 3685.5076246149433
5787.817567479553 3981.39149181042
6466.136136028134 4303.072923261854
7110.941219385559 4355.194916642555
7917.4805234335245 4193.460695951964
9014.80451000468 3902.676013428773
9854.792605874252 4062.6879175591685
10646.446889995099 4208.345715879149
11453.340057097092 4193.10683289802
11876.489369654248 4576.8506874428385
12135.541930086092 4740.947439568143
12330.433866501462 4805.108063584669
12551.103553119321 4779.330313382127
12805.045353753889 4746.058199365485
13062.417021376334 4742.628332377588
13682.368479773902 4380.048541602401
14761.241004124899 3921.12747564895
15866.68048349174 3815.687996282058
16985.242814621313 3697.125665152499
18300.611336240883 3381.7571435329305
19503.674351767608 3178.694128006238
20535.671266784375 3146.6972129894784
21437.9070129174 3244.461466856446
22519.69291282532 3162.6755669485115
23564.14984616204 3118.2186336117898
24405.020638818838 3277.347840955009
25179.390804088325 3502.9776756855244
25942.665688758723 3739.7027910151264
26692.822320336065 3989.5461594377357
27492.66096405371 4189.707515720096
28327.81588940248 4164.845074651283
29073.941056320513 4253.874833081965
29835.092693224324 4238.848363096182
30528.028770967805 4307.063922256498
31653.735070655493 3874.2937003123275
32576.325290310935 3951.7034806568404
33307.61726288407 4220.411508083695
34146.36971225679 4161.247550627316
35011.164601617624 4135.205110639165
35720.63426715366 4290.530334463971
36152.161699592885 4568.472567560781
36501.94955749493 4650.212142097949
36853.79554528651 4648.154012208435
37255.62896826956 4598.166577017
37530.883988767484 4724.744979502093
37695.140305664085 4835.743683103409
37892.150138337805 4802.990167326254
38155.73520978444 4736.41492855335
38476.62042314807 4679.114786636357
38837.77324776908 4638.84717537898
39285.19067914931 4552.582568619777
39868.64391315858 4416.546765990729
40641.460243596455 4227.183669562117
42997.79151977829 2643.6687238181294
44147.155116437534 2494.3051271588965
44708.84718024114 2932.6130633553007
45202.254268050056 3439.2059755463747
45651.15103731364 3990.309206282765
46128.96104102074 4512.499202575662
46677.994829401476 4450.966211619261
47333.988602045254 4344.00622735622
47989.288333898905 4344.700268146356
48614.70667579837 4374.581658100551
49210.55353439956 4404.153141398794
50212.088493209754 3998.4650411897715
51256.19692004967 3954.3566143498756
51822.71335656463 4387.840177834913
52333.412032980865 4489.30132358376
52975.69777170766 4357.714261273215
53461.29208476005 4514.405686947648
53901.079926595674 4560.212158164397
54449.0767517194 4452.003174876283
55003.73769257741 4445.339059141979
55827.08023402611 4176.657458551273
56495.880226624824 4331.2000074012685
57893.59826564805 3602.2819609767703
58785.06852121806 3710.8117054067616
