0.0 0.0
26.452898833031334 1000.0
729.657210442051 2000.0
1336.9621724702224 2392.6950379718273
1908.441132824919 2821.216077617166
2467.934487831427 3261.7227226106725
3074.7941809737567 3393.140306857629
3730.069677094311 3344.7245038794563
4366.9030706019685 3363.1666064923666
5003.969661975634 3362.933408626329
5642.423880795731 3361.5457811799197
6675.707136023378 2966.716744772376
8000.756701839564 2641.667178956196
9154.134891299811 2488.2889894959626
9881.693751472694 2760.7301293230566
10978.240524785351 2664.1833560103823
11633.464762031766 3008.9591187639658
12310.256503133272 3323.208258898504
12943.784155133912 3366.472347999348
13582.755394514406 3361.028760619529
14181.218350981186 3401.537043533249
14706.215567243988 3475.0027837372095
16363.321779588725 2342.8937876552573
17274.29481053207 2431.9207567119174
17667.44073736813 3038.7748298759225
18091.667634332425 3575.7731030357577
18559.699431201225 3531.9682031312236
19005.111439664557 3554.587991536693
19433.207507462288 3571.903932202272
19880.03844455526 3553.1690629070417
20328.14429344771 3551.8941511075654
20823.04903944353 3505.0952540041917
21333.231071534814 3489.817967908711
22032.647774591587 3300.5832969432267
22844.897884733396 3187.749889858229
23832.325310227992 3012.572574505424
24624.154756857202 3208.1705533707914
25227.009917242056 3397.144839615141
25816.40284979951 3410.607067442544
26409.07336781028 3407.329481989235
26934.17884451634 3474.894523293934
27494.66242296543 3439.516421550898
28172.198495856243 3322.463927109165
28811.76560100134 3360.4328948548814
29522.155389528874 3289.6102114724486
30315.50264028188 3206.652749246987
30985.946200108792 3329.5564401731
31594.512888600817 3391.4333115079944
32232.467669383037 3362.045219217784
32928.27029235407 3304.197377028992
33609.8981304457 3318.37216190839
34051.9174984223 3557.98063202339
34369.7570687586 3682.1604296636724
34768.95000063946 3600.8070681191098
35249.13032830745 3519.819672332006
35758.8037806625 3490.3265476449337
36236.07541120768 3522.728369454798
36788.22453029209 3447.8508809155746
37452.970636244914 3335.2538940471663
38295.5721078729 3157.3985283720094
40781.0504005248 1514.5217073480967
41920.97764168546 1374.5944661874303
42483.07319321272 1812.4989146601708
42975.85811842438 2319.7139894485067
43445.37858625907 2850.1935216138118
43942.33202401821 3353.24008385467
44476.959432608324 3465.3725914098723
45146.87446734617 3330.084965262138
45838.572289656615 3308.302177689564
46493.830027123804 3344.7422625328277
47113.91269810384 3379.9173290199196
48140.29798469097 2973.614713412855
49224.93406094329 2888.9786371605333
49818.11430930429 3295.7983887995583
50388.699828127814 3429.4144811764877
51032.93299842884 3355.7668296989955
51533.446803805535 3499.486194623351
51997.09313942896 3536.3536643766006
52568.91650018251 3428.1766392464574
53149.01816902821 3419.8983311542793
