0.0 0.0
44.3258514719051 1000.0
826.0232552760343 2000.0
1512.5184030221549 2313.5048522538536
2234.646061969428 2591.3771933066105
2962.8941989476625 2863.1290563284047
3770.3991144161346 3055.624140859865
4587.22078562287 3183.1783287932517
5347.540374053954 3239.6804115689088
6077.941044303943 3269.5993297500245
6790.406106589323 3287.5349377146395
7748.3079672622525 3042.098139327034
9151.51456804653 2596.7933992156923
9860.686681878658 2887.621285383536
10563.515924383279 3184.7920428789116
11273.540785637231 3289.975138746031
11984.973325160568 3288.5674604766473
12350.24817253916 3634.725152621425
12629.88680548816 3720.361367051009
12970.694524923034 3659.1922805651066
13236.755935005198 3733.938589917828
13440.609871900562 3796.146063104623
13761.989110352408 3678.6207615481094
14229.876653967372 3532.1124563849985
14713.223740791887 3516.6529131754855
15261.554609916173 3451.6691308756854
15889.578991746954 3371.975618169179
16486.463326846013 3403.1156649009486
17102.98951312785 3383.4738137181666
17863.34695475605 3239.6425583718196
18622.842860971556 3240.5040937845065
19414.030659262713 3208.8122017088403
21262.06839042016 2151.9622688425525
22115.56144209711 2298.469217165593
22970.87635655452 2443.1543027081743
23805.149595412695 2608.8810638499917
24433.0732638683 2980.957395394364
25077.215289169697 3336.8153700930006
25686.821899744016 3390.3933894257093
26168.48175155767 3518.3401481863375
26655.22610688435 3513.2556446732874
27258.487572893373 3396.738533990968
28762.920408243193 2495.5671646501974
29889.100349813507 2369.3872230798775
30622.648410599613 2635.8391622937575
31214.96271980707 3043.524853086305
31866.79655872278 3348.166161084298
32411.73911733075 3455.0574413920294
32966.141300423194 3445.597816907555
33644.17814989912 3321.9631505241027
34430.242995419 3213.935154480145
34757.51002378141 3672.732971637605
34974.867816903316 3782.642206878087
35239.79909317119 3735.068723732086
35592.13549960798 3647.663593563205
35982.30672421435 3609.8287753936197
36364.51811471741 3617.788609496931
36806.48139875038 3558.0367159670254
37370.192781968915 3436.288616781462
38076.674245310714 3293.5185366581927
40418.71572136955 1657.958523941167
41571.26836158049 1505.4058837302123
42138.995762189305 1937.678483121404
42608.400185259154 2468.2740600515567
43047.04158016258 3029.6326651480977
43502.559597143845 3544.481983018734
44032.29482215539 3470.264774988438
44671.89600566772 3360.3988164876573
45341.43336548751 3330.4626401802175
45971.385756450465 3370.047609037056
46554.13056001323 3417.255196437191
47605.599065882685 2948.5314941305287
48655.53306909396 2898.5974909192582
49198.39052274667 3355.7400372665784
49764.74884355959 3433.641679187076
50420.182865445255 3344.5659781143595
50885.140430962696 3535.042434482599
51379.55541064866 3505.585020314061
51950.70215527397 3428.853255374696
52535.140952653994 3415.5612026199556
