0.0 0.0
39.091750838141486 1000.0
823.821722027548 2000.0
1526.441063761243 2297.3806582662723
2239.710984988994 2584.1107370385216
2930.335676247491 2893.486045780036
3603.006730902739 3220.8149911247933
4308.601583795343 3515.220138232172
5030.975807306644 3792.8459147208437
5702.237597560573 4121.584124466889
6350.721216784794 4351.516380775759
7034.832760277779 4315.888456507005
7879.241806082702 4155.590954195057
8973.94320338458 3905.2986026981143
9712.379862979344 4166.8619431033285
10427.426264023165 4284.953598956145
11170.078069448791 4257.348194574313
11866.943298309605 4303.134771139181
12483.471859276804 4383.471439032821
13146.834876705818 4336.636982570997
13764.638048778208 4382.1968279276025
14431.754461537656 4332.883587240549
15928.006871257876 3503.7475902797396
16977.68451677515 3454.069944762452
17612.81212841651 3818.94233312111
18236.041199081217 4195.713262456402
18858.228016636578 4377.813182444642
19478.712668753287 4379.515347883256
20140.150349909476 4338.562318843791
20782.182639685303 4357.967710224179
21384.43231379169 4397.7503258936595
21828.182278958124 4556.250034833563
22098.359155120143 4729.823123837961
22404.604141143092 4693.755013977026
23307.431543270788 4097.172597872275
24131.788363091968 4175.643180178826
24966.24321298851 4165.545150103439
25752.074485288253 4214.16872770022
26528.117830358457 4223.956654929754
27361.573586549595 4166.544243808846
28057.910969326163 4303.662617223434
28393.35033712899 4664.5606321971745
28620.793443459628 4772.556893669358
28843.7892351304 4777.004208329261
29609.665433633527 4234.123801496866
30655.527842904532 3954.137590729003
31608.597771293575 4001.0676623399763
32458.084610067668 4150.513161225894
33315.29542953528 4142.789180532374
34178.73933443108 4136.556095104187
35064.98197745961 4113.75735697145
35948.99544916876 4115.986528290869
36262.85189638315 4686.1435527856065
36451.97571349779 4810.876182885357
36670.93717329709 4781.038540200677
36936.454516573955 4734.482656723117
37235.04786789727 4701.406648676673
37538.68869171542 4696.359176181848
37890.74682291426 4647.9418688011665
38346.1537230355 4544.593099878758
39018.97896547659 4327.174757558907
41409.03262989144 2609.946335585124
42518.90835170531 2500.07061377126
43066.50921839953 2952.4697470770525
43560.89748912387 3458.0814763526996
44010.04438265221 4008.934582824329
44507.74123923439 4502.303143417814
45034.268746628986 4473.472492605383
45716.57902109463 4317.689725534352
46370.84385787863 4345.735163216006
46986.183598927244 4384.660258951408
47569.04027997241 4417.143318954808
48678.19528256288 3890.8449974095206
49736.459890783844 3832.5803891885625
50246.3401672794 4322.700112693025
50810.20621691994 4436.133950359457
51526.9341056878 4283.27211123218
52004.15880877446 4522.775296913372
52518.14230094689 4486.016507827573
53111.72266162354 4406.419639323352
53714.016361805865 4397.706299817666
54564.45251000813 4149.563851797704
55225.28425906343 4339.168250944678
56677.93911610348 3547.3451429599468
57561.57628575363 3663.707973309803
