0.0 0.0
18.93183417513569 1000.0
642.5060659822029 2000.0
1336.5418216666048 2305.9642443156035
2067.973398463953 2574.532667518259
2783.9812198175932 2858.524846164605
3401.823997310661 3240.6820686715155
4097.032420136856 3304.791577173801
4913.655064378824 3183.377355758026
5851.687298567549 3061.967765811261
8350.477113200097 1501.2101853674437
9523.426218071309 1328.2610804962228
10109.37218956775 1742.3151089997837
10615.462279690153 2236.225018877388
11105.39891496201 2746.288383605526
11631.721096087938 3219.9662024795925
12187.899086512522 3443.8220095754086
12839.897716724376 3348.001369788129
13548.358240031246 3291.5394766931345
14218.299287256954 3330.0589527742995
14821.055183899973 3397.244103356956
15706.794894281456 3114.2602896184917
16753.860031077904 2952.9348632035576
17411.858259176395 3294.9366351050794
17953.735835361294 3458.122423815097
18569.418277163742 3384.3175581975715
19099.882044748767 3469.536232415015
19521.778739014037 3578.10330573476
20062.175268358307 3459.603470655755
20609.238561874125 3452.9367064841776
21326.86682614656 3282.371735727546
22058.062520042968 3268.8043061035787
23395.520784514258 2662.5417355286945
24323.379243329895 2734.6832767130563
25069.47632898462 2988.5861910583285
25684.487909099924 3373.574610943053
26200.917052930785 3483.5708561691654
26748.992926006897 3451.924126923888
27311.052979460095 3437.9399465467923
27779.840982718913 3531.2119967411604
28280.897997629087 3498.942985089818
28780.687498648786 3500.2104989802738
29232.21668151357 3548.4708171351826
30547.26507102236 2684.951610491213
31656.656488875095 2575.5601926384643
32527.039939088103 2705.1767424254163
33202.09161325227 3030.12506826125
33849.43410343212 3352.657509820161
34433.083119661846 3416.350983770283
35041.9928162278 3391.090303434054
35627.85538583494 3414.1374303928765
37102.77995762642 2525.0754282085163
38104.725169182646 2523.130216652298
38608.28812771943 3019.5672581155354
39097.11583261184 3511.172295107647
39539.49284577421 3557.622986837652
39987.55297218607 3551.9398735881164
40490.64319169959 3496.909780486467
40967.29761086976 3523.3455808298745
41455.440433846714 3511.8571770230405
41958.12167132382 3497.3187625229193
42599.2746267911 3358.847044532736
43849.355033212036 2749.9195935790676
45102.40262084655 2496.872005944553
45818.65594004994 2780.618686741148
46878.18154472199 2721.093082069055
47586.99650571941 3012.278121071632
48282.608009931384 3304.388495788044
48963.279064348986 3319.3289455823874
49609.09804379391 3354.181020555097
50239.6823551529 3369.4156886410424
50786.76622538922 3452.916129763711
52185.08013091446 2601.6860944747614
53418.217133893115 2368.549091496102
53836.549954661044 2950.216270728213
54263.07160034461 3523.694625044699
54749.64862129913 3513.422979045501
55220.60583604139 3529.0427852577677
55651.825755328005 3568.7800807133813
56094.0839976204 3557.7417577076258
