0.0 0.0
28.966274561600848 1000.0
739.0048117363946 2000.0
1356.5275001843129 2382.477311552083
1929.88648656191 2809.1183251745206
2497.809313214082 3241.19549852235
3125.7453306182997 3372.0639825957364
3766.272591418331 3359.4727391999786
4395.6227415215535 3370.649849896804
5031.987167478851 3363.635574042701
5658.8617147624045 3373.1254527164588
6749.5714884155705 2909.2902263468623
8122.462992116603 2536.3987226458316
9254.50908578212 2404.3526289803267
10021.192820309629 2637.6688944527905
11057.99017812602 2600.8715366364004
11722.8026558477 2936.0590589147137
12409.993919354954 3248.867795407474
13043.68878880647 3366.305130548472
13676.048699121495 3367.640089684995
14266.418450170668 3409.6302489508575
14793.823758405779 3472.5946917649017
16578.09311451411 2215.730643891665
17378.178622321862 2415.645136083916
17799.537465638 2994.2862927678234
18239.0242435942 3554.799514811676
18704.583446235825 3534.440797358393
19160.05818231008 3544.5252639257733
19589.53655898914 3570.5216233209458
20039.485630354568 3550.0509286345964
20515.306972731203 3524.1786576233944
21014.885797203486 3500.421175527724
21538.339584288053 3476.5462129154316
22326.17065502186 3212.1689292662145
23257.43376880442 3068.736886217485
24372.3760413556 2885.0577274488614
25165.269040747487 3092.1647280569605
25808.28665418518 3356.982386562296
26444.266528587592 3364.0201255975826
27065.43804312634 3378.82848546126
27617.168662596356 3448.2693805299705
28199.844203179906 3417.3244594164294
28919.877349385515 3279.966853794369
29589.784620749022 3330.0927286364745
30320.722050474335 3269.062570274672
31124.23712971657 3196.4849207577618
31804.502980819485 3319.7341488971006
32441.763839798637 3362.73914102087
33089.599374396144 3352.164465402503
33786.58893031672 3303.0104440794435
34467.65114183737 3318.9377884793626
34890.70200999329 3576.9491318440937
35385.256429223286 3505.445580770018
37743.69969802926 1641.5567311940167
38158.00292580081 2227.2535034224893
38598.7506216185 2786.5058076047935
39005.2001532734 3380.056275949896
39390.06569318161 3615.134460091798
39747.08732142997 3642.9783717516343
40141.090247936045 3605.9970734938997
40558.255411237944 3582.8348366980927
41001.948014022404 3556.3073972155466
41440.59713598997 3561.350878032454
41937.41165441812 3503.185481571857
43484.94839197864 2452.4632624394862
45430.624597660135 1506.787056757998
46265.67630811197 1671.7353463061586
46857.43981745513 2079.9718369630045
47417.049860963656 2520.3617934544645
47965.24957477551 2972.1620796426114
48574.1570092802 3363.254645137936
49290.16897743714 3283.9880318430482
50103.375515466476 3186.7934619706666
50774.586652204576 3328.788863261954
51403.240808767725 3371.3458434368754
52036.111482396256 3367.129326371479
52989.72357041604 3046.387911980226
54076.32616479521 2913.3974056208217
55504.58407808574 2485.139492330298
56013.85514472412 2975.868425691938
