0.0 0.0
26.840433504047184 1000.0
746.6289245689603 2000.0
1394.4185308379651 2352.2103937309935
1999.6340764253196 2746.994848143673
2604.8876703790356 3141.741254189916
3272.314804721636 3474.3141198472863
3986.145871728499 3760.4830528403827
4609.64609871908 4136.982825849866
5234.972542802685 4511.656381766264
5838.683758024214 4907.945166544671
6477.059503739894 5269.569420829016
7130.486834540022 5616.142090028982
7753.156676039279 5993.472248529802
8968.501255982077 5778.127668587034
10381.340595642316 5365.288328926777
11414.037013948238 5332.591910620825
12204.90597037184 5541.722954197194
13178.561464075077 5568.067460493976
13811.538004947157 5935.090919621937
14473.206308008645 6273.42261656051
15104.14743937311 6369.058868635594
15737.54435969153 6366.603079681645
16320.683420183525 6416.860939508008
16845.666238544363 6475.017181639153
18541.04937614318 5304.616862401147
19415.03698502185 5430.629253522481
19829.19712890952 6016.469109634791
20244.249718061328 6584.947410848174
20695.081286567878 6549.168431493455
21117.32518603684 6577.75610053102
21544.126478788396 6573.198707248436
22008.148522261756 6535.977956526603
22502.341671100603 6505.806851161156
23017.08787970606 6485.25379139459
23575.89980138879 6441.188078317287
24392.718639535924 6183.181161852929
25288.484781702136 6104.233857833802
26384.879711663445 5903.605070038724
27178.731919909347 6109.75286179284
27815.796368108106 6362.935551801295
28424.902826628113 6390.893541479962
29023.208006868754 6401.694819759386
29556.685072171505 6466.522934697199
30130.449345609155 6426.235726562323
30834.39311336884 6296.056232240315
31484.575906738148 6349.817206630731
32196.390317343947 6288.185589394135
32971.682804767195 6224.70751257664
33651.25279249628 6320.430012270871
34274.516496724034 6376.73629577224
34895.95677074814 6378.559725975906
35570.36980923072 6325.586961517438
36217.43901142836 6352.930797802332
38025.65680151842 5191.78220990993
39208.769844660346 5008.669166767957
40441.91352647853 4775.525484949692
41526.01331783068 4691.425693597516
42413.1787724261 4804.260239002085
43251.94897373602 4965.4900376921705
44117.35450890445 5100.084502523681
44972.55191370724 5244.88709772085
45736.70163835956 5480.737373068497
46407.74602073198 5809.692990696068
47099.4666107241 6117.972400703959
48398.197683825136 5701.268926898982
49083.82551483854 6015.641095885545
49805.79366563377 6278.031849204784
50538.234474748395 6267.559190885456
51222.59114423455 6315.643330513871
51835.98050603181 6386.610638202723
52428.195509609526 6407.784996422306
53028.872304730336 6399.32320487927
53659.096729786026 6369.7755749444295
54278.52956960404 6380.567160182026
54925.182627038805 6353.3469425652065
55918.26444615194 6006.918180886879
56676.15472456616 6242.109721585736
57198.55018125335 6477.604543312683
57525.83609576324 6672.714085490077
57730.86098164609 6794.975114117162
57938.629340324325 6792.231641321821
58163.34939986954 6775.279940454866
58407.752308377385 6755.597091492154
58776.477849970135 6631.274458407251
59231.89750864548 6544.580341324658
60223.58992178444 6008.307586861037
61636.068549984026 5587.52137180039
63110.9077218994 5112.682199885019
64740.58144212622 4483.008479658205
66057.82458794376 4165.765333840689
67206.64140040439 4016.9485213800617
68164.21846567879 4059.3714561056377
69319.69354475079 3903.89637703363
70392.93061025356 3830.659311530846
71257.28720036027 3966.302721424124
