0.0 0.0
47.83208782011131 1000.0
852.46836870304 2000.0
1567.3132061475703 2285.1551625554403
2251.192863079373 2601.2755056236592
2963.686168126701 2888.7822005763546
3733.7076805682673 3118.7606881347388
4519.684727267089 3332.783641435893
5284.733505068269 3567.734863634699
6015.22645184275 3837.241916860195
6743.437296855273 4109.03107184773
7476.57035576487 4266.866941090426
8328.28158415332 4148.288771611531
9635.600802694622 3692.680781458646
10363.574194346289 3964.707389806927
11107.121765395475 4221.15981875772
11819.812258345182 4287.309507050277
12569.84735151761 4249.964906827558
12910.954956931653 4658.892394585975
13198.794229759205 4712.160727172457
13521.210760369759 4677.583469389432
13782.629499442022 4738.581260927742
13981.062645405818 4801.566854036211
14328.770140027644 4652.29250537815
14793.284447623786 4535.485692403834
15285.525546384559 4507.758901239251
15874.971029139191 4410.554517245351
16494.800159067683 4380.170870071466
17066.526484099588 4428.273674968096
17695.828715150612 4370.697768948974
18429.863762310684 4265.964952839942
19175.84281616178 4254.02094614891
19961.65099227072 4214.191823891052
21809.804851448367 3151.8461408223466
22653.376057363796 3308.2749349068977
23460.07953497835 3501.571457292322
24339.890869968454 3621.7601223022248
24954.007019491128 4007.6439727795673
25586.500365141954 4367.506654349192
26192.949391902708 4393.550973239266
26664.958010017253 4527.991381885438
27130.64280522167 4534.315204795567
27729.621276356153 4401.021528865506
29232.94914393625 3496.672132419889
30346.448438077772 3383.172838278333
31081.94621418735 3647.6750621687374
31673.584724312885 4056.0365520432056
32320.017668023032 4353.567056289859
32827.91104821609 4492.106619806954
33396.9069619183 4431.004086297788
34084.588477480786 4312.318484437537
34870.03948831218 4214.548989168637
35147.78784438642 4722.251643925786
35497.769473002554 4650.018371383861
37536.782073212424 2960.987399790125
37933.693822650945 3564.075650351564
38292.90015407867 4204.869318923804
38615.82339973591 4677.076754342736
38912.18343324849 4703.639966487423
39210.46894667383 4701.714486574643
39534.3285660507 4676.140380623105
39886.79290621013 4647.535659840571
40280.744080906 4606.048825304144
40699.24885950565 4581.495221400375
41170.2304967916 4529.018362714068
42854.85403471589 3315.3764620757224
44709.274395695 2460.9561010966127
45464.65845103561 2705.5720457559983
46034.15928188346 3136.0712149081096
46602.58820172037 3567.64229507118
47147.68088976908 4022.549607022471
47770.87071582507 4376.810173944015
48475.66845930268 4295.202256522389
49264.70093833541 4210.967520967266
49888.373760130395 4376.32717820507
50509.819076132255 4378.55468399816
51114.299616146214 4395.519459986039
52126.06510666538 3988.2345094808306
53145.449663181156 3968.849952965051
54545.540453637506 3568.759162508714
55053.853061602276 4060.4465545439616
55539.24913442712 4514.60392717514
56027.41742785508 4511.831706572009
56619.69771286882 4407.719714986275
57275.033449002935 4344.664263865898
