0.0 0.0
42.17621412080638 1000.0
821.6500249518217 2000.0
1550.8559565397923 2270.7940684120113
2303.20038081269 2518.449644139112
3082.735014314674 2738.91501063712
3748.202886756378 3073.4471381954418
4425.2847705390805 3396.365254412749
5106.631245590916 3715.0187793609193
5770.151829746176 4051.4981952056787
6417.117540858297 4353.0342888878895
7065.162561439179 4351.954979419113
7882.531620336061 4182.630941103073
8968.77178066858 3913.7598396674375
9791.010419614906 4091.521200721085
10554.869227304114 4236.141192310811
11352.116571621804 4202.752655682349
11737.421153890953 4614.695417730869
11971.998135295562 4765.423018595402
12161.958446383913 4810.039688911672
12396.024475017228 4765.9339713666795
12650.577148403887 4745.44732661339
12904.791746457 4745.785401946901
13687.069784450721 4217.721962006253
14755.392026074973 3931.6777583757007
15873.551572536317 3813.518211914308
16966.567534518217 3720.5022499324123
18264.784742460644 3422.28504198999
19458.48749945707 3228.5822849935985
20469.38215189861 3217.687632552055
21344.397415213687 3342.672369236976
22346.280309816062 3340.7894746345887
23437.675933798033 3249.3938506526106
24293.947453709276 3393.1223307413848
25064.268743293782 3622.801041156882
25784.71159845365 3902.358185997018
26533.64732608662 4153.42245836402
27326.101924077877 4207.545402008747
28172.84045335424 4153.261470723695
28877.791150650486 4295.049302703765
29714.841450908876 4162.949699741614
30396.72021734907 4318.121233559805
31608.44867383644 3788.271543512644
32495.000325734123 3901.719891614902
33239.34771357873 4157.372503770295
34113.66294728307 4125.684766295701
34960.70345926188 4152.95948802119
35649.369876643046 4311.333582618834
36043.07440667137 4606.295469971683
36368.387210095105 4674.687196576244
36728.326932207194 4640.060277887927
37091.332189710345 4636.994742496874
37328.8217783576 4762.510411352754
37490.99729909164 4837.8244792659625
37689.78304132551 4801.2142577660925
37955.83957255938 4733.943468766132
38261.579843832886 4694.259728726485
38608.16823743366 4653.411606399222
39063.40263898281 4544.765598450849
39646.078792046304 4417.323846936499
40451.886482941 4194.192309105298
42997.62106245522 2454.2654204857618
44038.39037164935 2413.4961112916412
44654.57182524314 2797.314657697867
45181.10457510044 3270.7819078405514
45690.043133861436 3761.8433490795364
46214.515129914595 4237.37135302637
46773.8062881266 4440.708841787993
47474.09264448957 4299.713643637022
48141.79681182669 4332.295832662895
48775.560726767835 4366.236085058865
49410.66951004347 4364.891216724334
50502.14111614874 3908.5283938947164
51575.60065798747 3835.068852055989
52073.011672107124 4337.657837936355
52628.37418590575 4444.637486201375
53315.50744747905 4312.866738426725
53789.95941634264 4525.548031136452
54294.00687361067 4495.952542731977
54862.96675365251 4431.04011995817
55441.56989996437 4421.3968536881275
56288.45474077646 4153.115159187884
56948.71070761187 4339.744033164576
58395.73779123051 3552.9729163813527
59277.134720741495 3671.575986870371
