0.0 0.0
45.93157748468127 1000.0
814.71774108755 2000.0
1513.9390892350657 2300.7786518524554
2201.0004983809467 2613.7172427066007
2928.1971199242016 2886.5206211633763
3710.6715608692266 3104.0461802183277
4508.151031127197 3202.520529741993
5284.500281583599 3223.650749543569
6036.514561777996 3247.9857198056425
6775.390643980324 3261.123917797719
7738.229568770618 3037.1610752096813
9141.763703732026 2596.4658650385572
9845.695476766856 2892.5340920037147
10578.746614507483 3159.482954263051
11307.132880113671 3271.613734393796
12052.971898524262 3254.1609815893985
12429.589643372834 3623.382255151433
12727.096556952722 3702.49308642011
13062.720442336431 3664.37611461627
13336.131233093585 3726.589209242841
13539.404395566493 3796.726837527094
13841.263095015196 3698.1413005512486
14304.063334413688 3537.199760601472
14793.671336444186 3510.391997969514
15358.580071351042 3435.0912650931255
15981.237871178375 3377.3422001726303
16586.221979396272 3395.0158917821136
17206.90937120713 3379.3126081891446
17991.597090552998 3215.3122806541464
18748.718965324664 3242.8781252283457
19514.29715618517 3234.4218091394832
21333.28961784245 2181.0075383427184
22208.058984245687 2306.2381719394657
23052.899187429855 2461.3979687552874
23950.329479540404 2563.967676644733
24571.96207973769 2942.335076447431
25224.109357385027 3290.1877988001197
25831.445580408785 3392.66377697627
26315.737280942565 3515.7082994662087
26800.721722923525 3515.0155580190117
27392.435262208575 3408.2864607149395
28869.327958192825 2523.1073040157708
30028.085889773847 2364.3493724347386
30781.886763723942 2610.5484984846225
31392.19056205995 3000.244700148619
32043.30243012603 3348.8881319339284
32559.743500167504 3483.558929958519
33119.66745363386 3440.076046533638
33798.608633934105 3321.0588196997637
34563.45316440112 3235.1554695330183
34888.34266989617 3675.1104945049537
35085.093764611374 3803.2489052847886
35363.502825793155 3721.590938818191
35719.16778945106 3644.3350363420936
36114.085039538346 3605.0827499127017
36484.4099506064 3629.6750889319305
36947.111458819185 3537.2984917872272
37506.460272561744 3440.6511862574475
38236.299119611 3270.1611529507213
40646.952790016716 1589.346329594276
41755.75950955438 1480.5396100566
42302.64054539524 1933.6585742157426
42774.364048125186 2461.9350714858065
43207.376456343736 3028.9226632672135
43664.12942199503 3543.247034348706
44154.80470913778 3509.32471285723
44746.27423682923 3408.5304723085337
45377.03840928133 3369.2358275478746
45986.48021763406 3390.5581916473034
46564.971437088934 3421.508780545105
47586.553422539386 2978.418014549517
48597.97168979846 2966.9997472904524
49170.65398043975 3394.3174566491844
49746.906019069866 3423.7479613698792
50395.35586020157 3351.550158868323
50848.15124095417 3547.2046192474463
51319.439870269685 3528.7113706845093
51880.22527276511 3439.214597504593
52441.47524940523 3438.7500233598635
