0.0 0.0
66.00713882985744 1000.0
1029.810913396747 2000.0
2006.833794350109 2022.9771190466622
2174.900441463989 2854.9104719328097
2372.236234881392 3657.574678515359
2571.3429485030774 4458.467964893641
2790.1117904405655 5239.699122956192
3010.5954799527526 5779.516310487841
3207.393770360567 5803.201709592137
3444.618088159717 5762.775682200811
3676.4759279947807 5768.1421601650145
3996.2953298921466 5680.180598102671
4358.730115540576 5637.5652143515645
5041.171247396589 5317.558868143917
5816.880040386451 5224.291207010236
7724.365985138804 4092.5140552476223
9342.542917236515 3474.3371231498945
10009.50968362823 3807.3703567581515
10571.685437584696 4245.194602801657
11115.406232174806 4701.473808211546
11646.344984010499 5170.535056375778
12257.390131117761 5388.954852892724
12957.781669086702 5299.608462030984
13754.307179298172 5203.474489788596
14373.372050834943 5380.935128463283
15037.14340001238 5336.228650822653
15672.664165015016 5364.4792349973795
16829.109299267075 4843.554865748001
18233.478009448856 4439.186155566289
19081.9488412477 4590.715323767487
19605.30861001993 5067.355554995282
20075.263357189393 5530.045252830509
20589.671205243296 5485.592151946144
21201.250793682048 5388.42041156122
21913.53808719395 5287.712706488138
22495.599566671874 5417.938520522147
23031.50476966988 5464.094797001906
23621.417737157597 5410.087032512222
24451.15742079987 5170.260316357733
25112.96226206639 5338.1951587334615
26462.80958264659 4650.1526794198635
27807.573669388483 4305.388592678042
28517.952654720604 4595.009607345919
29061.107047943482 5051.855214122995
29598.751589925203 5462.355458018247
30179.09061795905 5419.660971966112
30868.954234987985 5310.136382970982
31459.30641441183 5409.647820576148
32118.51093965732 5340.795474754535
32685.93960464173 5432.571335015549
33212.755493397075 5473.1841112446555
33786.13407723424 5426.621416162801
36282.8626141862 3503.27146304804
38289.712679898024 2496.4213973362403
39069.10063758179 2717.03343965246
39523.0399428349 3263.094134399292
39919.76813776964 3866.3659394645033
40280.67064036439 4505.463436869733
40632.44685347313 5153.687223761002
40983.167184632424 5649.279668840638
41237.47066771488 5745.696516917599
41574.25719238652 5663.21347532837
41846.04480314008 5728.212389246428
43744.90770165891 4101.137101481172
45454.31417372315 3391.730629416944
46818.706534562996 3027.3382685771116
47966.429567835694 2879.6152353044245
49120.17736688085 2725.86743625927
50190.919541099225 2655.125262040911
51318.65035602538 2527.39444711476
52543.31779557818 2302.7270075619426
53833.85494817877 2012.1898549613502
54497.80130370485 2348.2434994352784
55158.58749475114 2687.4573083889627
55860.18021859318 2985.8645845469464
56549.49720147575 3296.5476016643725
57194.305563708935 3651.7392394312023
57809.95568864633 4036.0891144938337
58370.03341632451 4476.011386815635
58859.15506912193 4986.889734018276
59096.84161572622 5749.203187413942
59364.05505341424 5732.786562311979
59777.02815709949 5587.026896314831
59983.54993809424 5793.478219005163
60344.03294134885 5639.516996745501
61652.38107238213 4691.65186896667
62921.97300396633 4422.059937382525
63575.670402193864 4768.362539155013
64004.787476300604 5339.245465048222
