0.0 0.0
22.877664646749682 1000.0
734.1790521590216 2000.0
1363.5621300978892 2370.616922061132
1949.132240185733 2785.0468119733214
2540.0386513837984 3194.140400775249
3150.246818665424 3583.9322334935932
3870.645925287692 3863.533126871272
4488.750104693173 4245.428947465813
5105.156099205586 4383.594005487614
5755.214792212882 4349.941306992698
6390.184997884792 4365.0297943281
7457.927061377671 3932.257936507144
8786.41590413159 3603.7690937532484
9909.649089980012 3480.535907904809
10624.18147811191 3766.003519772873
11717.434944600423 3672.7500532843587
12393.2142880518 3996.970709832998
13092.217555685691 4297.9674421991185
13749.975717075687 4342.241838609993
14386.005150234038 4363.97056684167
14983.324849325641 4402.680300908428
15519.373344596943 4463.951504728711
17275.084797962987 3244.288546633957
18106.261258039274 3413.1120865576977
18528.743835337784 3990.629509259253
18972.516988274954 4546.856356322135
19446.534500179852 4525.9824880951255
19902.076748988646 4544.457751191237
20334.058846759453 4568.017902229193
20771.44510144132 4562.613745318142
21225.612403270963 4545.83269817038
21746.16566971285 4479.446733558114
22293.011480956317 4453.154188756511
23064.91688109812 4228.094599858214
23991.439735226395 4073.4771458717655
25143.344396505876 3848.0953387205354
25928.07349450721 4063.366240719177
26532.704663818124 4395.368830689082
27114.740577830853 4417.964085987271
27724.428162134376 4390.312415696486
28266.73844254077 4457.689719593602
28820.114812272797 4446.623630267957
29511.421508576223 4308.693303696571
30151.043758983127 4360.377749593099
30855.19264628806 4295.85111269507
31635.70163446328 4219.491011824772
32292.499531403144 4343.202103060148
32902.06230760746 4390.437223795692
33542.23160522186 4359.830702385609
34212.133371913944 4330.09823330794
34870.04986600722 4342.083505906734
35291.40266354347 4578.647202463757
35596.97040196967 4694.432261573827
36114.960005703426 4482.010396266243
36593.38092533804 4521.579080365387
37077.204214496676 4516.176710841359
37644.432426899846 4432.771787596785
38921.39752205167 3723.03490484815
39460.532818195796 4183.899608704087
40229.44688745584 4231.085930739972
40826.70100423696 4402.745883218862
41554.55178797994 4272.149216257007
42244.97202383495 4309.579764144972
42947.948193460776 4297.023830374145
43692.323141721696 4255.6250517390745
44468.73893557788 4223.584206143816
45318.40963337419 4150.329302203665
46009.1506201655 4309.259013208696
47382.03328248561 3627.1173376799197
48115.89972879495 3893.2508913706147
48883.316553737146 4125.834066428465
49649.389622875475 4233.926930861697
50369.91626857189 4279.473354303562
51066.75237330753 4303.16389526435
51747.087032198055 4319.6653411094485
52398.06905497359 4349.017977224452
53094.67380805605 4303.395246917549
53783.490195690036 4311.183612366041
55394.32521765525 3389.164978034827
57077.625760755225 2705.8644349348606
58241.731536444175 2541.758659245883
59520.136752617385 2263.3534430726713
61052.32122014375 1731.1689755463046
61516.080584638556 2267.409611051463
