0.0 0.0
38.67586205194649 1000.0
735.7185925123532 2000.0
1738.3488240305976 1997.3697684817557
2435.071274724799 2300.6473177875578
3054.9943094471887 2680.7242830651644
3568.9380181037695 3166.7805744086004
4107.473373293681 3628.245219218685
4672.440367051088 4063.278225461269
5241.207657103747 4494.510935408614
5815.689995794238 4920.028596718123
6556.7386446491055 5178.979947863269
7188.019781945379 5368.718862703709
7691.1113267028995 5496.908455242442
8242.315419079494 5448.795907623415
8883.183627222494 5359.13179185703
9589.110295452187 5294.073331770291
10934.16336035997 4654.94693509217
11699.082837092341 4890.027458359807
12363.853922045677 5225.25637340652
12963.339875691077 5400.5140463546195
13517.369662114375 5445.970213576656
14097.942624290117 5419.42703782424
14602.539534103154 5495.403090187013
15114.907070205418 5487.632463897787
15694.428672505936 5420.4783976995095
16207.850915892515 5486.577756613449
16822.081696871443 5385.769219021097
18367.37100745692 4454.710689414504
20303.65938311555 3518.42231375592
21188.222587134762 3633.8591097366884
21690.085681812445 4131.996015058962
22193.45028548208 4628.631411389308
22704.18929238364 5117.892404487685
23124.754444446833 5579.434847936734
23460.849289120793 5663.905155325996
23804.232726398855 5656.616562722006
24234.984488641283 5569.248237757558
24641.523041644323 5593.461446996956
25055.894889665764 5585.628151978569
25566.577693094572 5489.317196571189
27024.99483246376 4541.582860630806
28338.906818666685 4227.670874427846
29375.116843822267 4191.460849272258
29974.0666451542 4592.511047940311
30305.062842859337 5261.514850235153
30637.377850340497 5667.6849925188
30959.934081168347 5677.443769172172
31260.57833814773 5699.35574302062
31563.24469076409 5697.333647383657
31890.269196210458 5672.975494553647
32270.370471483773 5619.898724726654
33083.73654303176 5186.633928451998
33645.09855451431 5438.637988517456
34241.04861218349 5404.049942330887
35024.38539129576 5216.663220887783
35697.77464220367 5326.610749092105
36342.62679762022 5355.147844583444
36991.18463055787 5351.442167062347
38353.886262907174 4637.298367650691
38991.08389934022 5000.100731217699
39790.871545133334 5200.21235420688
40409.52529226612 5381.3462528671635
41114.70585941164 5294.819432854461
41797.64126052707 5317.064598884575
42543.8857003279 5253.755560199238
43341.09701733333 5202.788682994642
44132.68655709339 5208.41046024
45015.03248993831 5117.654067155036
45723.53871264461 5291.493777293653
47098.868157077726 4624.670555566916
47800.377372987794 4923.161339656776
48586.98018672089 5136.558525923719
49356.956221721746 5230.023964999173
50020.47656321022 5336.479658511577
50755.65215558077 5264.824407629415
51468.37699180163 5287.275163779108
52147.989787465056 5320.38720433661
52838.36053850069 5309.629248964367
53531.27538958486 5307.085148915895
55241.002400142606 4290.272989442285
56962.925164906264 3568.3502246786193
58132.88241897536 3398.3929706095005
59423.3510130771 3107.9243765077395
60816.18160597479 2715.0937836100456
61268.624142314206 3262.651247270665
61718.031737576595 3813.2436520083115
62079.41864277791 4451.8567468069605
62422.90720046422 5108.368189120558
62763.82763382465 5659.0795666394715
