7 0.06807955420913997
8 3.623937081363178
9 2.2703245858922463
10 2.5105115952694077
11 0.8322331309689729
12 0.006317467409385733
13 0.0
14 2.0858622887572995
15 2.134349652106369
16 1.1762753784804203
17 2.0199893726449956
18 2.584004708815954
19 1.9775920347433578
20 1.7433826273044257
21 1.3506762724211674
22 0.6947195058027468
23 0.998878886553005
24 0.9660853199641755
25 0.7997570006002711
26 0.373601166373709
27 0.29566441134206967
28 0.7816947899140385
29 0.5579486470199297
30 1.3078840920026316
31 4.986415107877266
32 4.497943762563714
33 4.948379333402251
34 5.744949003221364
35 5.211781961516333
36 4.497226900124312
37 2.8214087038487468
38 0.8035904901783664
39 6.0026691972115644
40 5.2645235131546775
41 2.491996758628186
42 0.8807664500288804
43 0.5995070854068889
44 1.1105653256827572
45 1.81260521679816
46 1.973243540580371
47 1.9917534836268969
48 1.0370688550879958
49 0.5330953817037363
50 3.087043261475285
51 2.1463608495186572
52 1.170784679200555
53 0.2430275034851323
54 0.8702541630195404
55 1.7300207271149541
56 1.9306992869934159
57 1.6816206514292182
58 0.6659872166714884
59 1.3165689171187471
60 1.2799244353050183
61 1.2029700494888622
62 2.487674375236582
63 4.721182381538404
64 4.4347835514487866
65 7.464976945633222
66 3.3336927143881296
67 0.2657829274832494
68 1.5503889883984756
69 2.160376238992377
70 1.3662381451055694
71 0.749520780120871
72 0.5506063583973394
73 1.6607001946114084
74 1.7568263249025973
75 1.275657269643196
76 2.5479558108724
77 2.692935624432973
78 2.795082291418278
79 3.0409264263627103
80 2.5742123080630797
81 3.799952476303791
82 5.484941223000939
83 4.91056653433456
84 3.8188062691461706
85 4.094200891966901
86 5.926327769858642
87 3.64665843379183
88 0.7375052285534563
89 1.010635968543792
90 1.8231983077225387
91 8.182812926357709
92 9.276594830231964
93 3.6729133283025215
94 0.41114205316038044
95 6.650562630471511
