11 0.0
12 0.6289992389970599
13 1.7333254037284767
14 1.0583517021518394
15 0.32349887087687457
16 1.1817896489950375
17 9.524387851996465e-06
18 1.3480413761068286
19 0.0
20 0.08452505426649623
21 0.0
22 1.5843920890189653
23 1.6066252491509863
24 0.15380824295498013
25 1.7043246798917784
26 1.0870845947890924
27 1.8008231960646115
28 3.877710345642349
29 5.590037317151731
30 8.186077781448162
31 5.4033018495410685
32 1.2518384445363995
33 1.609417273655421
34 5.491135391537538
35 4.951988491614441
36 8.305203916410337
37 3.0024837392260406
38 5.147117877688595
39 1.864135961166674
40 0.0
41 0.0
42 1.0909546095639622
43 0.054851139272867035
44 0.11200806858659303
45 1.8343284287313588
46 4.927781658465287
47 0.0
48 3.3442699251545913
49 0.8429381646734281
50 8.868987614458081
51 4.779380899195285
52 5.784642462077227
53 0.3338981024132549
54 7.131678152269467
55 4.649316553790412
56 0.3559342567160111
57 0.0
58 0.01720702805328782
59 0.0
60 0.0
61 0.0
62 0.008194473294086265
63 0.19558973359814646
64 0.0
65 3.390333025104595
66 5.9237450940837695
67 0.0
68 4.216275698250163
69 3.3884600326891055
70 0.0
71 0.0
72 0.0
73 10.003591642742355
74 0.2473745690728585
75 5.066675162374912
76 7.274307834398484
77 0.0
78 6.660782477908655
79 3.1751539478463173
80 7.19072133276092
81 6.529052967761328
82 6.901370030330187
83 1.1834340287207823
84 8.218552645506696
85 2.5244900497628717
86 6.442349165320171
87 2.4348273691347235
88 1.2113429752010567
89 0.15560412054078618
90 5.2960168506850005
91 5.7246458675424154
92 4.588107091268724
93 3.435967701774276
94 4.282950720551138
95 4.258678285440967
