7 0.0
8 3.4139357719895784
9 0.6341948607874985
10 4.365625170078353
11 3.130682669988952
12 2.75204830410486
13 5.241010813295081
14 2.4623897866197493
15 2.4644651288298074
16 4.031341791568868
17 4.529387390702215
18 3.7178324636753137
19 3.678236822485368
20 1.614010093974164
21 2.2302342128329475
22 2.0789349399513437
23 2.013941159589953
24 1.5842766191508517
25 2.1583154647011074
26 4.005230354030663
27 4.688173220592631
28 3.952621238336696
29 3.4206803283719225
30 5.095361569825512
31 4.350510085286267
32 4.840664820982152
33 4.925667391951331
34 4.141506195690485
35 2.842924495968217
36 2.1385295167195393
37 2.2050350639349614
38 1.2370847142375545
39 1.8850837504247366
40 3.1933508783843774
41 2.5854486429003942
42 1.3727464345483924
43 1.9453392425956428
44 2.681605544551295
45 1.9678306606247815
46 2.917259301479463
47 3.885214051916982
48 3.731260846628779
49 4.931457267559704
50 5.77587467207791
51 4.935108486778646
52 5.62952789722301
53 7.463626407083836
54 5.71369424987522
55 4.4370771902277095
56 4.642735636085883
57 4.608995228252422
58 4.800387468839344
59 3.705405544269356
60 2.9571864832538433
61 1.412579770031304
62 1.5435442577670697
63 0.9478985536173269
64 1.771926313026338
65 2.3346684511750353
66 1.7679805994745548
67 2.2731514887477244
68 2.3587362322664593
69 2.506708665234454
70 3.3694509163986788
71 4.053058487135504
72 3.130738005065481
73 1.9301051704268104
74 1.5453970426899026
75 1.2298613375221832
76 1.7834999878663456
77 1.7492097173127183
78 1.8365737149647448
79 1.9501501444914289
80 1.9178589542238096
81 2.0655116041923014
82 2.058859069594294
83 2.0695859304133855
84 1.7291299807820213
85 1.3381581535228941
86 1.3493568773284939
87 1.819064497460286
88 2.4017195392391653
89 3.154547588699306
90 3.728219063469382
91 3.8285014110402624
92 4.898676145675286
93 4.183336897817309
94 4.5896709143080985
95 7.050717706042182
