7 0.21879046314768244
8 5.52025622962275
9 2.68403299679513
10 0.0
11 0.0032485629966182606
12 1.5511828224008133
13 6.974115729253358
14 4.653572562499963
15 5.917325682811984
16 4.237413689333166
17 7.147591884074033
18 6.6843405221491
19 7.487391526059416
20 7.494002338323648
21 6.080943856281226
22 6.424753482639496
23 7.83240869680525
24 6.023871691197753
25 6.101501579960995
26 7.451153957080985
27 8.212857129675216
28 8.430787938740266
29 7.82204246910574
30 8.2492317986923
31 8.382562548542909
32 6.546151575333359
33 6.689479153056334
34 6.99077385888539
35 5.529224079205993
36 4.063243402244288
37 3.980334055889657
38 3.6125082472003753
39 4.207948177853884
40 4.292228058497891
41 3.724404162845747
42 3.3468938174349994
43 3.46306832065918
44 4.3044409646288475
45 4.368478660247498
46 5.064295792760751
47 6.665100443294291
48 5.295118937505302
49 6.715567495293847
50 8.076425039322078
51 5.525499360340333
52 6.538754060971163
53 5.964234835116724
54 3.9269788678353716
55 3.970075794584632
56 4.422796303159796
57 3.2319075827551536
58 2.723908432993968
59 3.638226440259756
60 4.138826474712216
61 3.0785069588518144
62 1.8328493423243777
63 1.2164329874815858
64 2.1229591666334433
65 1.8163390351255104
66 0.1693686832187024
67 0.6746421105710678
68 0.5482090063485184
69 0.4550804749156061
70 0.5893365137910188
71 0.4404776087322908
72 0.6805401724027594
73 0.5552580922163148
74 0.4855913766774761
75 0.6993032360733691
76 1.0006772096104555
77 1.2550985005897735
78 1.644353023599295
79 3.2309707548182836
80 5.688136398343063
81 6.157221036124078
82 5.593323428261804
83 5.9828175552018115
84 7.025249256465818
85 7.767266094915227
86 7.996893530117202
87 8.392442576502724
88 8.78693390728581
89 8.958289148040784
90 7.666435264921476
91 7.239923793517495
92 6.432076482009146
93 5.35615569218748
94 7.96365820512273
95 0.2475262202087808
