2 0.0
3 4.315919677476061
4 4.376249952480001
5 3.712133683166653
6 2.9380001190839176
7 3.7420608242251423
8 2.0261638608596493
9 2.2095621959795033
10 0.9050700291878964
11 0.827161030086247
12 1.4432116312579486
13 1.509905941645163
14 1.2457359968254376
15 1.194747932274088
16 1.1696634000410537
17 1.2848722088706088
18 1.1070774414090985
19 1.0891180789538668
20 1.581160463616461
21 1.8247383409611106
22 1.9222507488491911
23 2.6355046150366896
24 2.6586143388378867
25 3.0163355906817992
26 3.8977849549520496
27 5.024754940353417
28 4.789616620455449
29 4.665897199648565
30 6.460876057552184
31 7.131523895313667
32 7.155164122230039
33 5.999441911969671
34 2.4503458297795753
35 1.1988283562007205
36 2.656032547712868
37 3.3261208463771545
38 1.817745252790138
39 1.830938669395749
40 1.8731395240154525
41 1.5075327802060274
42 1.3411833172966334
43 1.1707264293297706
44 1.5846285209130273
45 1.7833093367511677
46 1.3350164187249032
47 1.1172536069137544
48 1.5358721498871237
49 2.524284360283008
50 3.4543123537773917
51 3.0650994157308196
52 3.54281178490807
53 2.975697433258363
54 2.512471894173913
55 2.3316491152373184
56 2.6867277535232574
57 2.878692069607772
58 2.2308928932343908
59 2.090143065252819
60 1.8158053306274706
61 1.566151026943581
62 1.1243545522788596
63 0.7722932246798304
64 0.9434264514910917
65 1.1902966050086359
66 0.9238918965457735
67 0.820420420806462
68 0.7917906485026531
69 1.4192859511838396
70 2.3080699365669406
71 1.841573090786451
72 2.2664833220350062
73 1.6122825489829682
74 1.2355720140713589
75 1.2742284138847817
76 1.8579622711262758
77 1.9104588034973773
78 1.3619464011563782
79 2.0368924715196735
80 2.931218112431219
81 2.935565643332252
82 3.303435863565286
83 3.164062647461397
84 2.8819045425862777
85 2.827751657654173
86 3.0379176018955247
87 3.4286747943951994
88 4.073359546441614
89 4.470461826196521
90 5.511559896667158
91 8.749208610793769
92 9.458046468759044
93 8.101797700254123
94 4.734740050943616
95 0.22965299829276725
