2 0.0
3 2.478565323244301
4 6.64162839374807
5 0.000800579747389276
6 8.880642378695036
7 1.3233784131183708
8 3.2483700877317045
9 2.01569077056686
10 2.0216643489726245
11 1.660404314069254
12 1.7764406356569231
13 2.4248840918574768
14 6.578875841299336
15 5.698568521333396
16 7.0799796713624845
17 5.284769486654645
18 4.423131983148486
19 4.730382414055044
20 4.658478244147659
21 4.254244133541311
22 3.9217000995168787
23 3.9175959718665525
24 4.923823985367965
25 4.6936121694653075
26 4.707236483519647
27 4.084846122485252
28 2.25519634960581
29 1.5168580768954696
30 1.4201571585125263
31 3.016970703643674
32 4.808682037468967
33 5.13616338840666
34 4.922423460737025
35 4.0100300743511035
36 3.8901368755225407
37 4.081458161605084
38 4.88205090008341
39 6.269314416398613
40 5.402703367679132
41 4.186372263522877
42 4.2680916023388225
43 4.513139159855601
44 5.193047963771683
45 4.45556292562062
46 2.5169740026974616
47 1.894483789463489
48 2.445219435367091
49 1.9648590781461082
50 0.9887048283172102
51 0.7056705529377847
52 0.5419436536807892
53 1.146716898357881
54 1.2049554366743638
55 2.263406207857638
56 2.571233784483857
57 2.5098048386400054
58 1.8628263003079113
59 1.5349735201776091
60 1.4930602347157145
61 1.7564961872548552
62 2.309571917374864
63 2.786315641331697
64 2.5637158455906213
65 2.8755922106876834
66 2.5421246820767807
67 1.4369947689918936
68 0.9139631220215033
69 0.9970212074238366
70 0.8464291473074416
71 0.7794519639613567
72 0.4922272613196208
73 0.7791894370487665
74 1.461181243047946
75 2.2638975518329914
76 2.8290750497632793
77 3.8158083626918984
78 4.494543739223774
79 5.399289020960593
80 5.159829258321383
81 4.703065954716113
82 3.9626257658078607
83 3.8263772158499636
84 3.2075005866342416
85 2.811833079575421
86 2.523537837201882
87 2.4343648155515654
88 2.6096481457568483
89 2.9739190196238154
90 2.9346276441925205
91 3.3489492295908243
92 3.5904845502093856
93 3.12701393511581
94 1.1613721110493633
95 1.9540066498328577
