11 0.0
12 2.075549109212086
13 1.6772544760697488
14 0.8725185234847797
15 1.0366196243256944
16 2.1977785168444526
17 3.81508254982617
18 0.5616152115898657
19 1.3193406874416511
20 3.2104207657875032
21 4.515021488116334
22 1.059280183312263e-05
23 5.727273217877191
24 5.936167797710194
25 7.0671575044312185
26 0.8596799788981175
27 0.2092472838826261
28 0.0445407661604884
29 0.6204455828444952
30 0.09005489393463913
31 5.010556719846298
32 9.331019234942582
33 5.8503717428152395
34 3.330253562690749
35 1.512056437855118
36 7.666439904247811
37 11.45031132602087
38 10.449882505330784
39 3.390349455838875
40 0.8921945985764262
41 8.45770955844783
42 9.956071307208058
43 0.6084416466853848
44 6.440473540808256
45 6.763262645668739
46 3.372921051234294
47 0.1435063626357292
48 3.12512257852828
49 8.298491364468452
50 8.032449124264284
51 8.158834236388884
52 2.8791809932579095
53 7.366920228087642
54 6.859433524776326
55 8.07218807617884
56 3.509509032585048
57 5.8649044829601324
58 0.13990808699996735
59 1.2612766253025471
60 4.6545832584161015
61 0.07163235679858306
62 0.09765603066915869
63 0.776444866322093
64 0.5856863612774708
65 0.5391629440620095
66 1.749924299492551
67 5.906349629276948
68 2.9391741233341993
69 0.0
70 0.008452433267773932
71 3.1936093782883113
72 1.4420968869487774
73 2.511484719913245
74 0.011137726103656988
75 7.084430726549883
76 0.18295922132043757
77 0.0
78 0.0002971744379901784
79 0.6761585000401532
80 0.11632887175079347
81 0.0
82 6.720421857593965
83 4.795768307609843
84 5.895280303725591
85 10.163865899430823
86 8.581515554390215
87 8.684445381772465
88 9.66417742079987
89 8.97946351435749
90 9.907002682993799
91 10.026140797109539
92 9.606469921525852
93 10.965459878744248
94 6.066021342754308
95 9.105694959738669
