2 0.0
3 7.260142172487298
4 0.04214537304947451
5 0.0
6 0.0
7 1.489280883069339
8 2.16121105923357
9 1.4909232905324405
10 0.7518388556416818
11 1.3684838583195182
12 1.2702687562788815
13 1.7255291446895515
14 5.068001380967758
15 7.930764179303842
16 7.086597984749878
17 5.685834720327111
18 4.678974139609024
19 5.7323203958124465
20 4.353612975992276
21 3.52257131694979
22 3.8836112782571677
23 4.464128645113832
24 3.742532144682673
25 4.269434454077723
26 5.1102104517167115
27 5.040317265843759
28 4.118241831221696
29 3.872484672384563
30 5.139944694017258
31 3.6857763810727606
32 2.141874309790626
33 2.6010646458061677
34 3.484392105331269
35 4.217024078324024
36 4.752636627014993
37 5.222209230665528
38 6.004209348026616
39 7.679119473028635
40 6.253353331805368
41 5.456999916792031
42 5.41101361550205
43 3.744231879193941
44 1.8137309107688646
45 1.1789209545355552
46 2.7003026286703515
47 3.5592617132277953
48 2.6934012046933624
49 1.9637546914428923
50 1.6800389395655901
51 0.6274047485808681
52 0.46346359340066196
53 1.265946280901568
54 1.6461695434033008
55 1.9707411246512447
56 2.615113601957588
57 1.9856975880350307
58 1.1986499442468233
59 0.7350767624177751
60 0.8402483498272274
61 1.154542494650661
62 2.060394305054178
63 2.581708601272896
64 2.5461296355236454
65 1.5531179565802722
66 0.7765343096776012
67 0.5756705497371704
68 0.3001614291292817
69 0.4076657459891078
70 0.7082163114708885
71 0.7019904788568547
72 0.6848785751302218
73 1.772495166535098
74 2.1841153495425805
75 4.416042734098643
76 2.2502232549216132
77 2.879508930544864
78 3.064097661233242
79 4.526533688347767
80 5.880597834866706
81 5.449492400672511
82 3.5793355706833747
83 2.6056263608892456
84 3.507381343825853
85 2.7044393362654158
86 2.402164877338129
87 3.25590993584689
88 3.5000010171207485
89 3.2549201115274364
90 2.8198065206212837
91 3.3272654314384447
92 3.563265252356326
93 3.028102233725079
94 1.4145004653671545
95 0.03738439019549377
