2 0.0
3 3.999147977462877
4 3.368044651493046
5 4.434953861127896
6 3.0896480446746044
7 2.589764432030816
8 0.8048199052736942
9 1.23470222099516
10 0.581649671091133
11 0.645417833799581
12 0.7387660158625927
13 1.169149427117221
14 2.338379657112037
15 1.4839734730072291
16 1.6646884604978756
17 1.2627803234428776
18 0.7613262634497319
19 0.67277624879765
20 0.6035497598369552
21 1.8968813754936917
22 1.7454147736827121
23 3.2743027481031084
24 2.0389580710172646
25 1.904933929837218
26 3.9340932577656345
27 6.1432990020216565
28 5.372686564602997
29 3.8006908100058197
30 4.9376792155372975
31 4.599434888884719
32 3.605655498052524
33 3.6703510223736773
34 3.04682198978971
35 1.5066501842175775
36 1.4346624838664657
37 1.476697530278236
38 1.7751359625188137
39 2.4085518914816
40 1.8971835417967453
41 1.7738785409788589
42 1.7143692997944402
43 1.050526850536429
44 0.8308314985470345
45 0.9188915299808272
46 0.9495033243901466
47 0.7867149150706289
48 0.828497867841364
49 0.9983452103112862
50 1.3495628592343594
51 0.6538615380604147
52 0.6602407424565506
53 0.9538418104208849
54 1.447039450008142
55 1.3579557342269086
56 1.5314682347797435
57 2.029688572840798
58 1.8520979702205933
59 0.5519976687185821
60 1.3486513453110434
61 2.3063023798019677
62 4.173331777292143
63 6.363780335293343
64 6.3387587632489275
65 5.945391186671208
66 5.509794953030993
67 4.434548095393793
68 1.8333578287750982
69 2.3101082299686224
70 1.8566066971445496
71 0.6994945898199322
72 0.846227600584138
73 0.8027677005937065
74 1.3484468627329365
75 2.0982394489312104
76 3.614132519858705
77 4.00066864328222
78 3.5996589470068496
79 5.097342643613234
80 5.057500023879256
81 4.710787447852777
82 3.2947305985895814
83 4.199710762880305
84 6.230149931938359
85 7.832665533377019
86 8.845661196467555
87 9.067294903017618
88 8.889237016545996
89 9.65785741693302
90 9.747546357634226
91 6.595886202464109
92 0.33000318146267743
93 2.141371699163681
94 8.690134209184619
95 6.639130009020299
