2 0.0
3 12.582770341731548
4 10.674291272893122
5 9.511664356064507
6 12.597599818987229
7 9.332153930663091
8 9.30353490307664
9 10.562291759359939
10 9.298502538991427
11 2.1972683548283136
12 2.5589179343419834
13 3.7368296115090107
14 2.471495977569754
15 3.999045620653944
16 4.155966106932426
17 3.758908438536269
18 2.9852845330309146
19 1.547003718902669
20 1.8846450996320578
21 3.4967298519633587
22 1.961190437057009
23 2.0345004223261625
24 3.7486877058473875
25 4.354094000589068
26 3.1745183151792293
27 1.9098667661588982
28 6.359043889808426
29 3.4250781780042594
30 3.203799460455544
31 3.5826601191523357
32 4.540495769225869
33 3.1383554133883496
34 1.4241763794686886
35 0.7769653288218564
36 2.8679327064532236
37 3.239270683262639
38 3.1741800771467297
39 3.221896672340896
40 3.5853919656476285
41 4.965269510498098
42 5.184014807266297
43 6.847925210181221
44 6.24994253561417
45 5.288959992053987
46 6.0688416023907195
47 6.2530367318854365
48 6.535744969873599
49 6.556390160411098
50 6.705297157861812
51 6.989695539443349
52 5.143705483161308
53 3.7232158475086483
54 4.696001473139593
55 2.5791098951219467
56 1.976261733723724
57 1.5116775575424821
58 1.1298917629955865
59 1.4315789392011282
60 1.6695330350154964
61 1.2450692021193432
62 0.7021526473943445
63 0.8525430116452536
64 1.052894587851511
65 1.7657081985885168
66 1.4385284966137615
67 0.9512161516365479
68 0.4647744785050763
69 0.5081327779977499
70 0.7488606428122444
71 0.8443660493317495
72 1.2011740155885133
73 1.4130008964975898
74 1.856641244957308
75 2.12741272017139
76 2.2513628178680842
77 3.0832351509677878
78 3.4670906800487296
79 5.537068744519993
80 6.597898748042202
81 6.02659601353736
82 4.8683381880169785
83 3.840119837791931
84 3.6159820959278095
85 3.3088763926224427
86 3.044252674697271
87 3.241287496440752
88 3.3646218587107386
89 3.7206322156036977
90 3.570093203766465
91 3.6424026172147297
92 3.585722890430385
93 3.019173728081272
94 3.595356690502372
95 3.3722221948137197
