2 0.0
3 15.046280760419968
4 4.250413882602853
5 0.10139773649408945
6 0.0
7 0.28126280063494774
8 1.5003910325661698
9 2.5847144990447317
10 3.890703570379949
11 2.4325566303253825
12 2.4230856754134993
13 3.80902526470683
14 1.7699461898210238
15 1.8060130899716396
16 2.84970361032217
17 4.192309901495588
18 3.942813969507711
19 1.2899480022022107
20 1.934941664499861
21 1.9224979483043754
22 1.9354283929559457
23 1.167058854300284
24 2.444258221834262
25 2.786904466809956
26 4.21153064445297
27 6.5767905680624725
28 6.001586938513399
29 6.343033344151415
30 5.27104960541098
31 1.0363809072257915
32 0.7389212596796327
33 2.145240002879093
34 3.9374414386970678
35 2.8437169220524736
36 3.109199336577183
37 2.8418497883158658
38 1.7303997108324984
39 1.1388484568810506
40 2.003762782066313
41 2.503109135339356
42 2.0207007257148475
43 2.259669970605887
44 2.2551351910786126
45 2.318829580242006
46 3.2084188514986063
47 3.359974670014104
48 3.2961842996510655
49 2.777216851291295
50 2.599211875694345
51 3.6043588658873467
52 3.390855210787326
53 3.9556288477089017
54 4.622181108063288
55 3.252295692546507
56 3.077371406183206
57 3.4011077549526054
58 2.4176462662484126
59 2.476162973139896
60 1.820571576502723
61 2.171213812775791
62 1.315500913393243
63 0.5708888686917984
64 0.5708358616952922
65 0.44898266046678814
66 0.8219874492780008
67 1.871122507129611
68 3.1092564444788775
69 2.2705593694412323
70 2.0984166737562395
71 2.1355177828682206
72 1.4791342147087745
73 1.1465620720780805
74 0.7337895771413951
75 1.0977620329566637
76 1.1833240355005479
77 1.3718152208736172
78 1.7748173973739778
79 1.905787600238983
80 1.8334421477205118
81 1.7208363018880204
82 1.6732930838251026
83 2.0599279178517444
84 2.624977440608057
85 3.103070638402317
86 3.7504760147483935
87 4.09632077170161
88 5.113268139570279
89 5.3129525694389335
90 5.232432013946745
91 5.799746867166077
92 6.367866382887836
93 6.47730855344782
94 7.238965413958775
95 7.617625467565935
