7 0.0
8 1.9398029922982634
9 1.4255432576704459
10 0.8742116905962231
11 0.7847824829762756
12 0.00020489408334428808
13 0.3359862955208771
14 0.766323008547055
15 0.571093408831698
16 0.2902083301728772
17 1.174575074978284
18 1.827915724925047
19 2.100604654960436
20 2.9947627036557543
21 2.1992533469964717
22 3.1134178720326307
23 1.936230713259461
24 2.475601179876282
25 1.1136439546241899
26 0.5217194589023846
27 0.3521774472327919
28 0.38765379135813527
29 0.44168497623495284
30 1.3687450528811036
31 1.9814702701108757
32 1.2183250079858496
33 1.3665899315256487
34 1.1015962809525284
35 0.3835015103241748
36 0.3157333404151743
37 0.0355121198394378
38 0.6260200724392267
39 0.38507909177619054
40 0.48106710258873026
41 2.059102841056106
42 3.3241425851952267
43 1.5843347089826356
44 0.40000365417027156
45 0.572568145240645
46 1.7526940612178896
47 1.7166352171970294
48 1.4280090304024655
49 1.8332901308980798
50 3.5499885834550926
51 1.504328561910466
52 0.2412984556777911
53 0.5747470192840187
54 1.310943216664677
55 1.2832165964411468
56 1.6643846354260443
57 1.3296259529035137
58 1.363685388619798
59 0.7964345157255917
60 0.7430499840089082
61 0.9694493050201599
62 1.916051117532902
63 2.1078887693237034
64 2.0924107786286927
65 2.8905738871256954
66 2.9781328064374653
67 2.398332423073362
68 2.3607558239288564
69 2.222770048213961
70 1.5845119147342097
71 1.3311202325879317
72 1.2770597764834617
73 1.0148615946955797
74 1.432048253314497
75 0.9738661003759367
76 1.7277582554134956
77 2.873449284578957
78 3.2347453080367776
79 4.770937822517727
80 5.9866859650413415
81 4.652174439617313
82 3.8911399966121314
83 3.8661747355130696
84 3.915131164406017
85 3.981703206814763
86 4.04449020121699
87 4.741914891223973
88 6.201108488789245
89 6.724926497486286
90 7.581935391975226
91 8.841317120291512
92 9.23134361501905
93 8.196755435487457
94 7.28601146671495
95 0.01496387145940783
