11 0.0
12 5.728204074014782
13 1.0188044540389494
14 0.004673757472880986
15 1.5453308494322395
16 0.0
17 0.06204653523388107
18 1.7314097320214195
19 8.715395756573676
20 9.155544986204516
21 5.516300485164217
22 3.1251306437155484
23 9.522737273090288
24 6.237725503753999
25 2.5331590247352413
26 4.105350001338734
27 3.077768085290752
28 8.671632263425227
29 9.08909575100896
30 9.230332291580114
31 6.996884439970554
32 8.230826480288362
33 7.524735995462562
34 1.2924501529193355
35 7.778366710245311
36 8.431341128533987
37 8.521271957189215
38 9.20163876015986
39 3.1589106344053697
40 4.993944803942797
41 7.444488868691374
42 4.514395758755284
43 6.948953189916771
44 0.9602854261173783
45 9.812463606412267
46 0.9668250603536918
47 10.44143427556685
48 10.866506241274116
49 10.491209885320771
50 10.562097928060473
51 11.089553158571782
52 10.893341576928911
53 10.122102912797565
54 6.102140547844613
55 3.7668798532158423
56 3.3349821519433362
57 2.908136834312366
58 1.9067003758378713
59 1.941767753464223
60 10.685226514075518
61 8.149600463947765
62 10.40514455570304
63 2.7360715671528517
64 4.947033764259485
65 3.495191938278115
66 2.8130355621058274
67 2.946892770110344
68 8.599223368032646
69 8.406659983898246
70 8.056439012523638
71 7.610362470426245
72 4.434354684142994
73 7.228866281633027
74 4.115675862412347
75 2.157772934352916
76 2.2718223790545324
77 1.0043974115520526
78 2.2816706395422477
79 0.4876358908093507
80 6.7638809170339504
81 6.027816291427456
82 7.805540157698077
83 6.514190213792266
84 6.217822749550837
85 7.040507733730354
86 7.158473446221181
87 7.385459623031172
88 5.937044611767192
89 5.470452542985336
90 5.585525302850715
91 6.568148069502142
92 6.465616622272907
93 6.244203524609116
94 6.733901346536662
95 5.781695113006817
