11 0.0
12 1.5255483076391911
13 1.2790848240638837
14 0.8936561460274488
15 0.7684120398380719
16 0.7039848558178977
17 0.5369307285345366
18 0.5981293348187737
19 0.5482162117597095
20 0.6536920347526833
21 0.8393082350439712
22 1.3024683135182662
23 1.6713907618714705
24 2.34345623711529
25 2.4712737728193037
26 1.8327429243682023
27 1.909015215372892
28 1.8744511099382868
29 1.9096910889634884
30 2.843260483696789
31 4.230389493745309
32 5.046899007491341
33 3.534090866126937
34 2.4481089463675256
35 2.418557620261495
36 2.9917601047762616
37 3.4534093443473446
38 3.208969624792528
39 3.0578901676628654
40 2.287292195908202
41 2.2748381399320654
42 2.475972981606331
43 2.7014076405029743
44 3.7701311414476346
45 2.3811898744971223
46 1.1842935318536296
47 1.0555238759489263
48 1.2554807169476299
49 3.8243431897819953
50 4.1385001228686615
51 4.242831424297077
52 3.8456145102553094
53 3.724294799702653
54 3.593158347227364
55 4.370973618052999
56 4.255667629957625
57 4.043906449565269
58 4.220106976806236
59 1.4137805554972576
60 0.7274794188456359
61 0.7360905730353515
62 0.8884761812957311
63 2.8000886698072533
64 3.231784134624586
65 3.258633346402634
66 3.2325083884858823
67 3.218957588597598
68 3.0877985243036012
69 3.3527656950577467
70 3.723624666819871
71 3.6158386381256618
72 3.420165974719864
73 3.1832919278536913
74 3.2302875836356875
75 3.4849912050634306
76 3.6303031986103806
77 3.25227474385121
78 1.4854701911616441
79 0.8856964247449338
80 0.9201528166267459
81 1.231835137839084
82 1.8135968427034328
83 2.491411603516418
84 1.932299880030212
85 2.0470229960428283
86 2.8180691464927476
87 2.9616291811615896
88 3.3201962202652937
89 3.284898617304476
90 2.966447915277295
91 3.1396978942710816
92 3.17443816243212
93 3.318116934080618
94 3.376126118562269
95 3.487155320894387
