1 0.0
2 2.3623116870393175
3 1.4505810297961648
4 1.637979420344296
5 2.2460030223348917
6 3.222799895649715
7 3.1033141098648365
8 2.89270962376582
9 1.6018768755803912
10 0.7617023169815889
11 0.9331038292131973
12 4.41144496007931
13 2.208883705486377
14 3.256366101814311
15 6.186781748392597
16 3.4770725855389224
17 1.6783823156274273
18 1.9213667144519568
19 2.315995710858605
20 2.1664266044872784
21 2.513622668363111
22 1.8110465722574072
23 1.3033314778840026
24 1.3727002838522577
25 2.552343660295496
26 1.9264539714670448
27 2.9918404848669677
28 3.193939592144521
29 2.5059324722009464
30 2.9902136652065043
31 3.0155055029710525
32 3.294392082051459
33 3.4735462921197735
34 3.620490566053447
35 3.571429776338846
36 2.7011681492695168
37 2.513764345054199
38 3.1283383574041914
39 1.9203187198239542
40 1.746217501464604
41 1.8333419345002386
42 3.8271028632373048
43 2.75577505179702
44 2.6019214653040224
45 2.3578673092139626
46 1.565632283313125
47 1.49935252724559
48 2.3058089541353515
49 3.1530474984295984
50 3.737517392145223
51 3.6295907296070355
52 3.9940566446748846
53 5.015381606236513
54 6.403109690537636
55 1.846310982426107
56 1.2813122501244127
57 1.216826157435167
58 1.3283557475515886
59 2.898224554966315
60 3.709778128306573
61 2.576632941333061
62 2.0383056062280556
63 2.0497373949850104
64 2.3052198412154064
65 1.4598435684029463
66 1.3146540588783642
67 1.432783274713989
68 1.5340775487503433
69 2.600952957997786
70 1.8132844537577208
71 1.154437331487908
72 1.3443231754187475
73 2.6381922569419336
74 2.65740019424542
75 2.138919321681412
76 1.6972628223135722
77 1.4898840343151938
78 1.959378035121154
79 2.237569093536484
80 2.0480162697283637
81 2.0589719381878693
82 2.037449542099046
83 1.9119223849504128
84 1.6312684216757884
85 1.840107572091695
86 2.605268156657327
87 2.2352825424132714
88 2.760250503723993
89 3.1677033761747584
90 3.890172361794198
91 5.170832670907328
92 5.317860575474384
93 5.033150484456747
94 4.698023229455591
95 4.310852826486824
