1 0.0
2 6.564689633106431
3 6.462848192535195
4 5.144953185689051
5 5.153539023480601
6 5.183981784257932
7 3.696984710407782
8 4.7264854375809815
9 4.524790580880825
10 4.697020297453427
11 5.121259503274626
12 2.990682165524457
13 1.2766124349775672
14 1.1928300264661507
15 1.104827249754546
16 1.2060350395212307
17 1.1067047306729199
18 1.701875761741783
19 1.9845403399178918
20 1.948454000580538
21 1.6805018665612144
22 1.1925416742943256
23 1.1949750406522484
24 1.3083847349571458
25 1.1911209761317696
26 1.283577706128863
27 1.7902730359999748
28 2.516679693379336
29 2.1669879524436193
30 1.233859466118783
31 1.3192336906293818
32 1.3585873942348121
33 1.3220276106153759
34 1.2535108371094639
35 1.29850666358906
36 1.9050290778577819
37 1.8510007315028572
38 1.420075315194377
39 1.7930128285106286
40 1.971301240399905
41 2.422956542495145
42 2.836050177468818
43 2.874207051302077
44 2.629103227829987
45 3.2789527380038983
46 3.7523817615367294
47 3.757559950802604
48 3.7351583792814984
49 3.879809584306043
50 3.8688157785084014
51 3.3013807578275403
52 2.4172804278327473
53 1.6409510760873784
54 1.556512707328314
55 1.5473416861667215
56 1.1323211400001139
57 1.230322998651977
58 1.9899037293437725
59 3.7459547808494973
60 2.375122345569221
61 2.3309848139954985
62 3.6396327906279344
63 4.172325548120853
64 3.147583159471958
65 2.295780186738608
66 2.6914071737654384
67 2.478484362250416
68 3.365240022633936
69 2.9862610652011705
70 2.5463698374973287
71 2.209454319541689
72 2.839372546484874
73 2.5976764154642336
74 1.7211176367732648
75 1.3637053113909505
76 1.300705467397431
77 1.8112436899018503
78 1.5744498475988884
79 3.4977912505762236
80 2.7310923410795924
81 1.8402583067350173
82 1.9215629818377824
83 1.9043521124114613
84 1.8734965904641516
85 1.7229110979353655
86 1.5374846717748767
87 1.5811978136347247
88 1.6031895276838004
89 1.905822534345678
90 2.796452774617325
91 4.1843158189319345
92 4.195077065026044
93 3.8197907211864424
94 3.51264232003551
95 3.579804848421342
