12 0.0
13 2.4849894399227637
14 1.6118269708642843
15 0.9439342554457156
16 0.8086316955310143
17 0.9927799359134692
18 1.8006657384531783
19 1.4818383430566393
20 1.5272618251178907
21 1.4383799320936665
22 1.1218050537164006
23 1.090584645962435
24 1.2052789888462727
25 1.9584710508599756
26 2.2115389960132634
27 2.1992816329222213
28 2.7050703115325963
29 3.2949779405823283
30 3.882763801000907
31 3.731521929276173
32 3.0151489539639202
33 3.984632494219943
34 3.993285406484278
35 2.7968501366477496
36 0.9907187147399817
37 0.8654975378032201
38 0.9051780850449603
39 1.209598029850932
40 1.2551884005225016
41 1.2410072170070523
42 1.2516934500258359
43 1.3815425889250883
44 1.4399054407905039
45 1.6058868566116993
46 1.803009995835881
47 1.8624858172391807
48 2.237556442287593
49 3.7231106968995995
50 4.436146459673496
51 4.123218124041321
52 3.9301822691490464
53 3.4723639582130654
54 2.255295784197913
55 2.063035496257653
56 1.9490146390262704
57 1.8728900570217013
58 3.1757262758617344
59 3.341138694616237
60 2.6256699137787427
61 2.512254685727537
62 1.851979187099319
63 1.2397283718386027
64 1.0531601619238962
65 1.2765496234887423
66 1.2258284121731315
67 1.0423934982830405
68 1.1881791826252097
69 1.314897689314637
70 1.3351674692754774
71 1.505118368610523
72 1.183364068350481
73 1.3436151097420497
74 1.5609551825851053
75 1.7792611579665965
76 1.8209708566058138
77 1.8512060915604087
78 1.9238933250371404
79 1.9873103249745954
80 2.664874320113654
81 3.4115429720647477
82 3.524264738567614
83 3.8011649268412206
84 4.007187675857214
85 4.504480247228871
86 5.353892722522745
87 5.6892000709523005
88 5.7498507736614695
89 5.95552923736933
90 5.595406281219304
91 5.298503487031196
92 4.407333204105065
93 3.9193082774772274
94 3.652729035156673
95 3.695396993390104
