2 0.0
3 2.703507659933619
4 2.272721226042924
5 1.6045689140886505
6 1.2644868914546532
7 1.1746991502863167
8 0.6004898285820933
9 1.082414105265707
10 0.5719758995876413
11 0.645660072045265
12 0.737498796046203
13 1.0263237563065148
14 1.1679442244603333
15 0.9517838717391541
16 0.9492720641232866
17 0.981378241010782
18 0.6931089931880925
19 0.5775972650761253
20 0.6146929750934202
21 0.8407879682530339
22 1.2648412135791138
23 1.0256354669862848
24 1.237655330927691
25 1.3064950590437245
26 2.0050177780855414
27 2.9479155986832057
28 2.2605927863568214
29 1.683789079780975
30 3.0823291154901957
31 2.3569565129330194
32 1.8031451871081308
33 1.844848722082907
34 2.007417724881344
35 1.6023005938500887
36 1.6046839132543098
37 1.3381385435456872
38 1.1251946246303621
39 0.9637178629676824
40 0.9076269207686539
41 1.0851965413280613
42 1.2466061721462744
43 0.6152616244818161
44 0.5221160165841306
45 0.5173824053518317
46 0.5112949221499934
47 0.5166861780758178
48 0.5384592348313997
49 0.5812408709114104
50 0.7931670682747126
51 0.7820613879058784
52 0.8082306640018044
53 0.8988405521873641
54 1.0111774232144313
55 1.0839046508396128
56 1.0594916068128923
57 1.3362263210047352
58 2.0370463857746612
59 1.158361231103566
60 1.880079714414658
61 2.7694497707929275
62 3.033530279041745
63 3.882240770551135
64 2.5475070114428515
65 2.1822722075283614
66 1.8392013013777415
67 2.5368842788526527
68 2.1204611848196806
69 2.0752503712413937
70 2.343873628178037
71 2.044223342100451
72 2.1873042661475823
73 2.1091909420061326
74 1.969672206363165
75 2.634351512415314
76 2.6990345412470593
77 2.5213215053241265
78 2.438879001258589
79 2.1929452959720126
80 1.9638298242476209
81 2.272837391798307
82 2.1884502819263285
83 2.3112685826800465
84 2.8455403612624077
85 3.2468097341180986
86 3.6691300965767493
87 3.465602770532263
88 2.959860468884668
89 3.1710769371937455
90 4.1649330205920885
91 3.651723803996584
92 1.2983686979169449
93 2.620124133458052
94 4.996527453988869
95 4.664613085311736
