15 0.0
16 1.1501955713527199
17 0.8170499328555633
18 0.9086524416233377
19 0.777256959539542
20 1.2906989528365174
21 1.555782470183671
22 1.7832478594502141
23 2.3080506545975714
24 2.276268264232104
25 2.3755592624284394
26 2.9850232664891663
27 3.9691803721490264
28 6.157384281219021
29 6.034918442106202
30 6.0496526849286445
31 7.079714361257366
32 5.391741038864446
33 4.201143299212838
34 2.5938755541400567
35 1.7441016505110363
36 2.1660858394562434
37 2.509601660232671
38 2.12912263987101
39 3.155191078571296
40 4.659816404603161
41 4.8993245671615835
42 5.039022673583829
43 3.9248268978162413
44 3.508713021194451
45 4.650146915360478
46 5.431081456481933
47 5.539739908692363
48 3.340938578619659
49 2.8884771313216184
50 3.145958005260007
51 3.3372969814229085
52 4.392005442032958
53 4.850561727836857
54 4.79172750529714
55 4.610491007587003
56 4.718765432248983
57 4.475984170378911
58 1.828347451160184
59 0.6877569758492125
60 1.0315024129703394
61 2.259370314416935
62 1.7162254705578466
63 1.7523109766649034
64 0.7028004422543305
65 0.7753145170844115
66 1.8868733418921235
67 1.8929234668063877
68 1.7651971766909467
69 1.7755081828342776
70 1.818912126615883
71 2.101092404071017
72 2.3873912691537935
73 2.2542224613584483
74 4.33237166682499
75 3.732350550788592
76 2.340012607358726
77 3.829317567277913
78 3.635523807145964
79 3.7060250792113862
80 3.88101799876023
81 3.6172038711366197
82 5.022535023797544
83 4.757592695430701
84 4.400718609384562
85 4.973055415169732
86 4.807464739625759
87 4.280415675650125
88 3.6737712242412557
89 4.223891125983524
90 4.600377918592947
91 4.683793778562552
92 5.138237818780665
93 3.647649522046109
94 3.5376940757274715
95 4.710944998043997
