12 0.0
13 1.8251259238192858
14 1.358854662009591
15 1.1753317729147827
16 1.299238876880298
17 1.8087384152716457
18 1.6861165366057969
19 0.7518325840065057
20 0.38353414276883985
21 0.47938792565156163
22 1.7482038909666724
23 2.184265012875174
24 1.5489978988581543
25 0.6981509217776037
26 0.6991030769328817
27 0.6072342175291974
28 1.490321966741679
29 1.4631228999010608
30 1.8246833270624574
31 1.3257499074369892
32 0.9189983758872116
33 0.9476670503574189
34 1.0861244586984935
35 0.9440296658449431
36 0.7140494873933799
37 0.5702997533413962
38 0.9918813742640744
39 1.578405664937972
40 1.127681025702149
41 1.0184136662153853
42 1.325189653377605
43 1.6931087787410894
44 1.6380835505622329
45 1.613133682590231
46 0.9096499124451459
47 0.9458341700624208
48 1.121630709286096
49 1.3495530627743053
50 1.4989657989309146
51 1.6986168802021169
52 1.7303037521103135
53 1.9220625075501718
54 2.0691482576029485
55 1.9087916984286737
56 1.6165547235332967
57 1.51993613676897
58 1.5951636960357258
59 1.7484238696685037
60 1.760531417268038
61 1.9833938420950439
62 1.9214873284972018
63 1.6992572628859688
64 1.3577775280263609
65 1.2731448864494008
66 1.568671885545638
67 1.8901341390013238
68 1.7925833361398134
69 1.7330019800362049
70 1.9853463987787343
71 2.614491939858209
72 2.7506254994221386
73 3.0914586603502254
74 3.028134250362699
75 3.0221589145358827
76 2.877248215685985
77 2.8422374757583277
78 3.2701412477980596
79 4.024454536053337
80 3.4254037223199805
81 2.8770367858343655
82 3.588922375020997
83 4.178990844746462
84 4.856781711961588
85 5.507096155480159
86 5.578850293440972
87 5.489169549423402
88 5.6846050533573
89 6.098346911147022
90 6.4122685667595025
91 5.2566327397880155
92 4.719822031288245
93 4.6160641808718434
94 4.679284825529982
95 4.163635446257213
