15 0.0
16 0.5961799484936487
17 0.9170679069097056
18 1.396952980638741
19 4.101237346162621
20 1.8231028639280573
21 1.7539628970566634
22 2.2466639528929635
23 4.899509153049005
24 3.771107986520601
25 1.4521196284377178
26 2.622681057460514
27 5.331206971471288
28 4.889553688009551
29 2.8683216182530327
30 3.7518805516823326
31 3.053251609642325
32 1.392468742805885
33 3.0575774237762614
34 2.6071418505121433
35 1.5930075039109464
36 0.9272888774892833
37 1.0349217740821286
38 1.5716236230063294
39 3.132893601521918
40 3.499375138643367
41 2.92456078064665
42 2.83652940013251
43 3.7380376859689113
44 1.430813765094015
45 1.0348709523344573
46 1.0154060055075125
47 2.6262663756770817
48 2.1006767604538603
49 2.0753612196114
50 2.0347319269346973
51 1.8802345690858873
52 1.605812154721723
53 1.7852745162825663
54 1.9606846498770758
55 2.1723721276622188
56 1.3696368729557076
57 1.4226243376008518
58 3.0135087563195633
59 4.007828511611853
60 4.730562322278509
61 3.544610432970771
62 3.50007308571395
63 2.7152393540352926
64 3.7170887250358446
65 5.540713808854479
66 3.3130754307562533
67 1.776111277940619
68 2.39812562401441
69 3.1698531887448422
70 2.8245423795646323
71 2.540992056104009
72 2.9631021963341797
73 3.1212138888164733
74 3.8725316370678016
75 3.213795489790282
76 3.408017863832737
77 7.560593529326094
78 5.555149795331835
79 8.217058877295738
80 5.928108958665162
81 5.2819068799803714
82 5.6859139919532335
83 7.080386161855232
84 6.613494490292537
85 3.973765151886013
86 4.57584984118053
87 5.038063714798328
88 5.4522233464519605
89 7.430981860536342
90 6.400266864675419
91 5.019884104587259
92 5.985292763230283
93 5.7183957266753955
94 4.187453562983028
95 4.874898326406107
