1 0.0
2 5.881112813142861
3 6.9788837091069436
4 7.258904219445403
5 2.409091224086513
6 1.3391863300167084
7 2.099966663936744
8 1.0351008868061577
9 0.9010468791203151
10 1.2221308325007667
11 0.6702221731788934
12 1.0291544485101691
13 1.5132746664244405
14 2.51797360547705
15 2.4712345065540218
16 3.0980541262611356
17 3.0639071709038097
18 2.3563133459840744
19 2.8395942448344615
20 2.4782238492382063
21 2.6250257857705233
22 2.523205233304841
23 3.333640439272876
24 3.0373919510655703
25 3.064056477246964
26 3.128882735757837
27 3.607484895650084
28 4.81515268012265
29 5.639096012672094
30 6.092201258404838
31 7.283017589150585
32 5.898570530359689
33 5.0349806149671466
34 3.6075207075152167
35 2.164537633178677
36 1.5861406804441778
37 1.640111329410318
38 1.9445593506964232
39 3.0398349019552824
40 2.635126205026066
41 2.1990769502910954
42 2.7658753062531236
43 3.316448067868844
44 4.113498107088492
45 4.865582962717396
46 3.864227634360616
47 3.223861856859049
48 1.2917000942896646
49 1.1225706952712138
50 1.2201279548172472
51 2.5465861726906107
52 3.0379628564743193
53 3.1903544344317765
54 2.409264662359147
55 2.1867350913068155
56 2.7315253911276733
57 2.665418779039667
58 0.7431741686402049
59 0.7382557836704758
60 0.8434301216351695
61 3.611939053725616
62 3.1119564523515697
63 1.3146278799390692
64 2.2188635633799936
65 1.8730670262477909
66 1.6193492761088295
67 1.3716100262959148
68 1.2361573947800897
69 1.5158468701277505
70 1.5158468701277505
71 2.661188747639986
72 2.225254606436296
73 1.792610481575818
74 2.004195998966284
75 1.4445325947076577
76 1.1526576698011293
77 1.2965249259387444
78 1.4711107527530973
79 2.2753608587126433
80 3.3565259722625367
81 3.7832150033659246
82 3.611436789059115
83 3.3096256525471883
84 3.5695504654695633
85 5.358185285047788
86 6.335862746588525
87 5.457965493131691
88 4.456530535304806
89 3.5698297494020252
90 3.5200551109589124
91 3.984325799108315
92 4.220821113029599
93 3.666197170863895
94 3.5300255103543106
95 3.7830806799493297
