17 0.0
18 2.7048425772456075
19 3.0294184432584634
20 3.623920828395165
21 3.9595453421847084
22 3.8689754348251997
23 3.843479072914555
24 4.470765973629995
25 5.435056621409317
26 6.426631974412983
27 6.581957982421709
28 6.325013328896269
29 6.469914529111989
30 6.054557399878188
31 4.014293475877024
32 2.472839633439799
33 2.3971529094135358
34 2.6408640435805952
35 2.3809096257975124
36 2.2949805475450042
37 2.551078466274729
38 2.3217953939272524
39 2.258941531517219
40 2.3285208014866523
41 2.570956285632737
42 2.8611063487572572
43 2.9919670218896868
44 3.414043588639509
45 3.953326184651021
46 3.9208868060091215
47 3.303285416147089
48 4.923095919274737
49 5.886300188216287
50 5.944737081585767
51 3.525420670988942
52 3.1120279579166437
53 5.1884586037051115
54 5.5049061805342845
55 5.233409785867243
56 5.306002927686554
57 4.5929046867637515
58 3.369209203754616
59 4.448908575460316
60 4.65420388326227
61 4.733620323424013
62 4.68302922740021
63 4.232732762602573
64 4.2470646767315525
65 4.730060460973286
66 3.8478080501878713
67 4.390603377154978
68 3.0110958226410633
69 2.1310905320409566
70 1.704869636563044
71 1.2213372137389997
72 1.1958578128329966
73 1.0305454503955114
74 0.9670985230269462
75 0.9641530299806036
76 0.9805249567171219
77 1.0260956787626778
78 1.003562901753363
79 1.350761670653968
80 1.6913828956217354
81 1.8521600277394392
82 1.8301867465600106
83 1.6317126829817161
84 1.6123264935731103
85 1.709007168439658
86 2.021070741071992
87 2.7908082455495165
88 3.058875701254664
89 3.4750818174347295
90 4.044729901487815
91 4.559433270660146
92 5.169904701055014
93 5.562715956977456
94 5.190661073672643
95 4.6460848595649455
