7 0.0
8 4.811779663845071
9 5.26400718984651
10 5.025431006642742
11 6.265852231988104
12 5.333794532526187
13 3.5965394961314217
14 1.6516806874256182
15 1.1294176777892964
16 1.1808005791718443
17 1.4624535660802391
18 2.194669791886558
19 3.099582856289807
20 2.1072629365084814
21 2.3327326889006503
22 1.9394864506444327
23 1.7415412490090836
24 1.7227035925693446
25 1.6089786024401722
26 2.1148594917345247
27 2.4283463780838037
28 1.9994775194042322
29 2.1856044540392223
30 2.635682611203396
31 2.951836396523286
32 2.8792403074421635
33 3.0509207720280678
34 3.588330347268752
35 3.5363918390088562
36 3.2114393901063627
37 3.082990091249018
38 3.2497840058184515
39 3.887397878612771
40 5.369787358967108
41 5.495544190559245
42 5.236692532936716
43 5.025541317707081
44 4.8771144294862845
45 4.951238730346309
46 4.72156247396099
47 4.513170764867022
48 4.544627322428856
49 4.922331414714452
50 5.127739049603816
51 4.469905930293274
52 2.86500376246097
53 2.3312653441262543
54 3.3067885859448403
55 4.903814946398468
56 4.921780065954297
57 4.444911095464133
58 4.527751572196993
59 3.9424448975376905
60 3.687547858623752
61 3.4263939232134932
62 3.2301970010790697
63 3.3493575097434185
64 3.0428345091638347
65 3.1238550176933257
66 3.2605689440200014
67 3.3391868897286234
68 3.2183523539489656
69 3.8014734382818838
70 4.865073407850743
71 5.059461838756954
72 5.106556972281792
73 3.804906687505324
74 2.851292146896565
75 3.682431046698413
76 3.1316284509699006
77 2.6217427046909614
78 2.5936209718585923
79 2.1750015220500702
80 2.0402540796518815
81 1.675745541439298
82 1.5825552167089207
83 1.6279706942467826
84 1.137513723615108
85 1.1281894440288565
86 1.4966428190693035
87 1.6199956932829318
88 1.955167927734437
89 1.911303445289938
90 1.7971286379432263
91 2.029803037292207
92 2.243282307510334
93 2.79227559181789
94 3.027184994771688
95 3.402117986470459
