17 0.0
18 0.6840445462762448
19 0.3796649068869873
20 0.37922741244372554
21 0.384539182986589
22 0.3851359114372652
23 0.3894503718933397
24 0.41119699031843104
25 0.4133000216660216
26 1.0401245637684822
27 1.5378727115365762
28 1.6100647741154834
29 1.616596256335308
30 1.7302795706025276
31 1.9457082033050577
32 1.8714774737900663
33 1.2745886467724885
34 1.1279162708131578
35 1.4740549416433002
36 1.4038535544556399
37 1.592127477155774
38 1.7020538745597051
39 2.285141565565589
40 2.392531990171829
41 2.3786562152806043
42 2.199489518818928
43 2.2054114446371886
44 2.779284180212124
45 2.6304843690952033
46 1.1249783071701989
47 1.1007777798733351
48 1.2857659331287163
49 1.4898224057362017
50 1.353110048508918
51 1.6023619712784194
52 1.6715386302570068
53 1.6659812699547416
54 1.8531872341389013
55 1.847933739424867
56 1.8260111295027865
57 1.8509576171043296
58 1.7439862897788916
59 1.0965858193124682
60 0.706452563457267
61 0.5978368088982781
62 0.8716678800865489
63 1.0945783888460094
64 1.1191208779182764
65 1.2942854648641247
66 1.736972427377797
67 2.1160519986173068
68 2.675635202192773
69 3.472884311560276
70 4.1778370395575966
71 4.93739482485226
72 5.249540452082298
73 5.694232209721008
74 6.248495154103431
75 6.6388606130082914
76 6.945061517171573
77 6.87886668115913
78 3.4311876006085416
79 2.332188460000857
80 2.547502292047507
81 3.2757999517226994
82 3.297295363569024
83 3.2179241825353184
84 2.8121086086533706
85 3.1551755468369596
86 4.142404192155897
87 4.4254281468471515
88 3.5099429374575726
89 3.8497798549774385
90 4.667500564178241
91 5.00232200775773
92 5.4365811895733405
93 5.608644350666297
94 5.759551308138793
95 6.152275200853261
