12 0.14959305783777374
13 1.4551632813220703
14 0.7484765478470206
15 0.8623287115177662
16 0.9009814598718316
17 1.0458992703844816
18 1.1824350386407838
19 1.407813715444207
20 1.6147746527927118
21 1.2486321065606951
22 1.259637275517565
23 1.4616325850147625
24 1.3457855079937908
25 1.2922765137220742
26 1.2127706622446213
27 0.7494887083767904
28 0.8469647606367515
29 1.5244774747751262
30 1.9473169374688402
31 1.6953715068589585
32 1.4303679170677583
33 1.4483378543585592
34 1.8826941567456377
35 2.108907964113747
36 2.171746957618495
37 2.2006562607922446
38 2.9231922512630626
39 2.7510126412691394
40 2.4477200266047148
41 2.395591341931644
42 1.5766142439167035
43 1.3996871127466588
44 2.5782620791527147
45 1.0876691514518555
46 1.194557719377716
47 1.882356438389575
48 1.8237007272027768
49 2.451387160891777
50 1.7425736080369174
51 1.5421276652281943
52 1.7792701178918495
53 1.7768936844046566
54 0.9757175050775613
55 0.6678615928194991
56 0.6433526335559266
57 1.601236165204764
58 2.155836334262902
59 2.130057127741406
60 2.555143785800719
61 1.58032520204413
62 1.2334205246091787
63 2.757924988832558
64 3.22874514692219
65 3.374583241907237
66 4.145292467347596
67 3.5037794858731703
68 1.8068873952656028
69 1.4353305378084065
70 1.7314248522417395
71 1.4898717103986077
72 1.7345251735344909
73 5.812384912624302
74 1.6103078782965503
75 1.9508459214085445
76 1.5061668960339682
77 1.5102999878227215
78 3.1185341118123353
79 3.7201125965199107
80 2.5204862707472837
81 2.2469135504563598
82 3.692505504771531
83 4.8632856907009625
84 5.382503106538943
85 4.919533128424461
86 2.6313056090431526
87 3.9242167625829705
88 5.285594481926321
89 4.8035511938320905
90 3.2650247750988015
91 4.966152870554899
92 6.502147667118708
93 7.31360536222818
94 6.839341143928636
95 6.536759245661082
