17 0.0
18 1.8515041794854858
19 1.4400511312010178
20 1.626474576650402
21 2.0469743264223674
22 2.448552268567309
23 2.4747935032239843
24 2.764733409512152
25 2.1041229239082035
26 0.962692010018306
27 1.6639993095651882
28 1.773816699270276
29 1.2727233607369808
30 1.8550648605159703
31 3.1786704653347995
32 1.5966280449635555
33 1.4792343892256128
34 2.4115441716941555
35 3.1097829509990325
36 3.0769690685180793
37 2.939634798482655
38 2.751643108688792
39 1.9987581525959355
40 1.5621297722673253
41 2.818350348881733
42 3.67384140333905
43 3.8643427897496094
44 3.214061678063551
45 2.650881072241985
46 1.7554061445337639
47 0.6735797839951908
48 1.04457974123719
49 1.1731503479784993
50 1.0159716360631579
51 1.0003982967497482
52 2.666835567068174
53 5.0494374661887935
54 6.554220317845387
55 4.761378380846698
56 4.183724430417258
57 5.1654054213720135
58 5.14267183493321
59 5.33977924588671
60 5.616884043770908
61 5.622851889150917
62 5.757200497423945
63 5.749577864130142
64 5.074411891672462
65 5.565773395701113
66 7.1067221850150215
67 8.175468701536202
68 4.695335453698634
69 2.907936246227635
70 2.5061464185464346
71 4.933449784305451
72 2.2009154330036718
73 1.4231684827101065
74 3.4637479439277956
75 1.6184485436353118
76 1.4819365671893396
77 1.421324199921297
78 1.5460243446626296
79 1.528928755438036
80 1.4316768690870558
81 1.443988330301631
82 2.012438317920707
83 2.348982748674387
84 1.9356774035514814
85 2.021366651666852
86 1.789768291704222
87 1.7056701002523198
88 1.9269530232870964
89 2.0878181415209673
90 2.196116701447669
91 2.1588883948324327
92 2.199358039810389
93 2.7067799353592883
94 2.151475982644311
95 2.038934524723112
