15 0.0
16 2.6205961672394182
17 1.7874498585569678
18 1.7493319323703376
19 1.529418916322603
20 0.777427464075183
21 0.5578508692690163
22 0.5302406321016955
23 0.6420152629361059
24 1.2319515810411845
25 2.102783412927162
26 1.9634675687839271
27 1.9734261432678497
28 1.9647973114524686
29 1.3589829450731847
30 0.47976008358967853
31 0.41194308773738264
32 0.6743661175928216
33 1.521394811277597
34 1.7354817036191352
35 0.94888732105174
36 1.1254001666605358
37 1.4535308347336267
38 2.642151698743912
39 4.797477152050886
40 5.708746374360653
41 5.1758172254481245
42 5.909374845601825
43 6.15571664472545
44 6.132945533345693
45 6.382824990072459
46 5.294892120594227
47 5.25940895408761
48 5.026529059829965
49 4.843724239299327
50 4.697792523913404
51 3.9431945374961037
52 2.3607206514173757
53 0.935261431743094
54 0.8058567428421204
55 1.2528348392597284
56 3.119047024787085
57 3.7323623491611118
58 3.5176561082779556
59 1.9780586966918383
60 0.8717078453758189
61 1.237810909232324
62 3.3724686307575626
63 0.8263162528050844
64 0.7227231507182585
65 1.2059087334177985
66 1.6252849529912947
67 2.078405818071411
68 1.8244232846517385
69 1.8703292062460921
70 1.902859215822561
71 1.2329987530172084
72 1.8134033708970319
73 2.3291249977457187
74 2.5690055396006723
75 0.851747875879676
76 1.2292957713641426
77 4.143756749047603
78 4.919360526902212
79 3.1332158837109017
80 1.8252578012262486
81 1.7065611879696279
82 4.280159056846449
83 5.071563977284396
84 4.330682587340237
85 2.516727517261645
86 1.4193676822468615
87 2.2606594741449797
88 3.701020181699083
89 4.465100239113449
90 4.633974861245092
91 4.932722188666903
92 5.0773000472084036
93 5.292781031466826
94 5.374572244378426
95 5.5798103808697475
