15 0.0
16 3.497820040600656
17 0.6778866905491847
18 0.577953121435622
19 1.0397993351185755
20 3.3244504392457337
21 3.049636583583507
22 2.576180391725547
23 2.4756049158460973
24 1.8626887530431808
25 2.0254468141595927
26 1.894352920298765
27 1.4528408765160066
28 2.1212699105949664
29 2.950309418791854
30 1.8277277955015405
31 2.0398384294203504
32 3.5905458928884673
33 3.9095835564214747
34 1.9260570907012957
35 0.6131422460812285
36 0.6399694339249126
37 1.0690870518318203
38 1.1938409227913664
39 0.8841840410195887
40 1.26406376334709
41 3.9819805603647276
42 4.320169513333429
43 3.146944299136192
44 1.2527223481508416
45 0.7855795747687694
46 1.0380765128106453
47 1.1122156497581994
48 2.215081206032068
49 2.1882696183481647
50 2.2945044384521442
51 1.992597136049233
52 1.1279521615996237
53 1.1099010830850464
54 2.1111597025185076
55 4.772232984624034
56 4.658955450879005
57 3.443606108436104
58 1.4917314611470045
59 0.8176800001116244
60 0.6520053585536053
61 0.6970567122933946
62 0.9570769613252638
63 1.4505384512259076
64 2.384191360819325
65 1.3932781498193632
66 1.1296097579143196
67 1.5728548090733736
68 1.8329841386958559
69 1.7559099186493194
70 2.4709280123562922
71 5.0721788275676465
72 6.567326854092398
73 1.839140645518171
74 0.8730196310507299
75 0.7885075453431449
76 0.8172384394499886
77 1.1006620485893763
78 1.7437725144292155
79 2.560324156430989
80 1.9184223072903042
81 1.9194599690041987
82 1.6606827157418342
83 2.0738480265267216
84 2.633782910126478
85 2.9633759182137713
86 3.0291176174128167
87 2.821392682317527
88 3.9593875410740145
89 4.436015976830513
90 3.067383125807546
91 2.9186211351835647
92 3.7734602091082072
93 2.6813771080279944
94 1.3193629168167151
95 1.3209323018596946
