17 0.0
18 2.0295446630492036
19 1.3731282160143854
20 1.5394939404361925
21 1.5316405605921517
22 1.7723725814553637
23 1.8839751786155956
24 1.9064937267741742
25 1.7832605451576524
26 1.3937132505105054
27 1.8287111649708976
28 1.9109973097448756
29 2.193260959345513
30 2.0042838415450017
31 1.2667836736429878
32 1.0835505425280803
33 1.227069798490241
34 1.7981700841736474
35 1.8834267562630167
36 1.9139272545138721
37 1.7812735536396647
38 2.1978873401041246
39 2.449935296945761
40 3.1207513129094924
41 4.2752247204580645
42 4.743680118508108
43 6.977817628459883
44 6.547023361334745
45 5.86353019556971
46 6.821649875351969
47 5.152657830062055
48 2.6973143193435227
49 3.894775410017444
50 4.395327286398507
51 2.796959522034187
52 2.692608589643127
53 3.8158899284570005
54 3.6853212034571428
55 3.5000318129045302
56 3.434430431940226
57 3.6154973920884554
58 3.9905721587828227
59 3.940432312032888
60 3.640760881669895
61 2.4881746337954813
62 1.9114257171230953
63 3.8180608760637775
64 2.0819169032045735
65 0.8300889266567844
66 0.7098314098842667
67 0.736896253789137
68 1.2099753897445336
69 1.756268444266896
70 1.822179565061924
71 1.670736109914129
72 1.7795429380118128
73 1.9064705459743565
74 2.2554180818657135
75 2.6267781997855257
76 2.7312351473728755
77 4.07907080108112
78 4.8141033021630575
79 4.986581955681946
80 5.293976492105802
81 5.229314133246198
82 5.1032757741003305
83 4.98683119944774
84 4.573997463866302
85 4.487599637431149
86 4.527108952852547
87 5.076908464479971
88 4.743216741757904
89 4.714381885846789
90 4.818132414406616
91 5.208621674114897
92 5.3972501487233036
93 5.542162370720708
94 5.667769383450497
95 5.831452947062237
