11 0.0
12 10.517750148398266
13 7.756998599287154
14 4.461794090363729
15 3.428948841390761
16 3.6872853562669246
17 7.122016433952647
18 2.8987654969455843
19 1.635222975527799
20 1.1038780499377254
21 1.7703017057262846
22 4.764930005747183
23 2.5810766273248356
24 2.3181768632885893
25 2.045231540969308
26 1.4248135295205193
27 1.4312222288678245
28 4.350989442182119
29 2.1701165323934917
30 1.943594265652988
31 2.021386380169698
32 2.381147289012525
33 2.21183342608312
34 3.486595264845324
35 2.7993359367995914
36 2.158591389778729
37 1.9359851057996202
38 2.5838072132878427
39 3.164128666125605
40 2.387886116517911
41 2.249487544205818
42 3.266399647354887
43 4.4649454650433595
44 4.245818860549817
45 3.650174278364107
46 1.7589385625227438
47 2.0118789711091143
48 2.5856941890520386
49 3.6980966650480798
50 3.920688152310337
51 4.788615072190194
52 4.825647947736382
53 5.7215253346111306
54 5.619183096586728
55 3.100920180527548
56 1.5549706174727211
57 1.5474290905724823
58 1.8549167076396331
59 3.1228780156575966
60 4.087635036405837
61 4.48346472186152
62 2.683894503384561
63 2.459786559307167
64 2.322957690784009
65 2.2852267723029422
66 2.0656139355787433
67 2.0468630954623945
68 1.7170065143011388
69 1.5740472056895827
70 1.5657076963296257
71 1.5359775628997108
72 1.5927806232938944
73 1.581933435016218
74 1.6694992347895357
75 1.813227256794375
76 1.7899989010938528
77 1.8800323988144623
78 2.0195927038694537
79 1.9400704797633557
80 1.6568831113576659
81 1.5296733546412984
82 1.7143090666671321
83 2.521981776996605
84 3.008286348441321
85 3.4595617564710865
86 3.629906304773913
87 3.5444570359076204
88 3.9416983798788783
89 3.643578409574788
90 3.3218352170291663
91 2.6612772775557185
92 2.700801184948314
93 2.7432587635725008
94 3.0993133710722662
95 2.5277704485507035
