7 0.0
8 3.1749333244055866
9 4.251693517503092
10 2.8021079299446496
11 1.4217249085908692
12 1.9001111859031092
13 1.6639501220222397
14 1.3229104349473082
15 3.300432849079557
16 3.3341289481874106
17 2.7302388497278525
18 3.0276759304531518
19 2.576682654784913
20 2.3577617732684284
21 2.487272470317709
22 2.5354416772406667
23 2.552211178406063
24 2.7498151183415867
25 2.6119408878536143
26 2.974909465175553
27 3.802413622094905
28 2.880980836750491
29 1.2870586123120016
30 0.4491173469594561
31 1.0834065027199489
32 2.020664344059424
33 2.383792675982184
34 3.271398332024887
35 2.0899219758798275
36 1.2052099552342417
37 1.1960710220914774
38 1.259965797371188
39 1.8778842316956366
40 4.372536699610736
41 5.002279482698992
42 4.192121038706753
43 2.3891241174543953
44 1.0280445994340464
45 0.6401998275676871
46 0.8219143922505672
47 0.9584064435188293
48 1.1117404376420945
49 1.222097589592357
50 1.1253178959608932
51 1.0977184015248156
52 3.40610448558327
53 4.196739804267767
54 3.8232791450694124
55 4.38947044471389
56 4.475947308771835
57 2.3500744428085025
58 1.4536792639699747
59 1.7100187394701452
60 2.9206684512024452
61 3.4165065435155957
62 2.8978213582933168
63 3.2541148054484137
64 3.8823995949077363
65 3.0648267656487276
66 3.4982638223924414
67 1.7525947466917395
68 0.8481803500265487
69 0.7853572608574758
70 0.9037766717660803
71 2.078827638994883
72 4.071937992359619
73 3.867898014426021
74 4.130176887026591
75 3.924512968005998
76 2.858110600117358
77 3.034436169794704
78 3.428705723985822
79 3.6253138907722127
80 3.4248305455482146
81 2.9017322375178685
82 3.155271284190972
83 2.408835455088819
84 2.038229040035926
85 1.6777429168988014
86 1.7470525448601089
87 2.3394691018967495
88 2.8642406407196495
89 2.2712948184831627
90 2.143965819923178
91 2.1723368939595993
92 2.2420606657615743
93 2.1071950092198097
94 2.1047689347798944
95 2.1243642881028357
