7 0.0
8 1.383860847782268
9 1.9175855551082555
10 8.486539939138956
11 7.780342324520781
12 5.181261179796032
13 4.474495550058812
14 3.5574921207746573
15 2.7827402931760674
16 4.808924178410027
17 5.441168296322667
18 2.3288692014925663
19 1.2260475604287429
20 0.9293102983641371
21 1.0327361427389108
22 1.9526578429893766
23 3.7758037703904925
24 2.441054939388628
25 2.0935470393880706
26 2.15318937726664
27 3.4454407108141925
28 3.1328929601772706
29 3.6081595870093075
30 5.3789214281357305
31 4.926382495117695
32 3.903613405118938
33 3.490982779421354
34 3.1143745955022646
35 3.7334783973679153
36 4.9843791656564145
37 5.651509451702792
38 3.5949697032330366
39 1.8926624872683258
40 3.4942880935014267
41 3.6597786304830344
42 1.2950814595029565
43 1.4285666761959064
44 1.7253496075412549
45 1.932048953538838
46 3.270468306289619
47 3.809762602682765
48 3.9338841912451796
49 3.0222327330900014
50 4.6188776286214015
51 3.9027264020540215
52 2.1464950818201776
53 4.64246700900412
54 3.088798331919573
55 4.765375863412352
56 4.044023797174017
57 3.1054861574591013
58 2.37900770002597
59 1.8674072362609164
60 2.7707053245364905
61 2.850491882578922
62 3.025511070449162
63 1.8484647827961025
64 2.837118025991361
65 3.3142704803840854
66 2.0195947662833804
67 1.699122453990051
68 1.5021971602988458
69 1.9665315717389842
70 4.497510293252246
71 2.1725137852593663
72 1.7904731412450843
73 1.217462872222493
74 1.2890405319349387
75 1.17541994922118
76 1.6829651520141153
77 2.445615197729382
78 1.7503427802332199
79 1.6641023219654556
80 2.077563239577067
81 2.5244567174274875
82 3.201528252565517
83 3.2640214671181202
84 2.736386146537057
85 1.924684603335405
86 2.0902351845597984
87 2.636764170880501
88 2.5975781051012716
89 3.178331439285433
90 3.681198914261651
91 4.422226743400546
92 4.644937525520437
93 4.454500480787852
94 4.555892048573679
95 4.799941633313137
