2 0.0
3 3.346578664700907
4 0.6514446329416187
5 0.468284774589295
6 0.45050331710033603
7 0.5801699863946408
8 0.7699934468346648
9 1.022177112405237
10 1.016962984595852
11 1.0791491884744138
12 1.2379034398079813
13 1.2022418218880189
14 1.2945394369969287
15 1.4899836760517104
16 1.6234391284268381
17 1.623056428799165
18 1.0444797189002395
19 0.9132632693685513
20 1.02527329211154
21 1.3471846509622218
22 1.6541921819714727
23 1.1078452610057568
24 1.858265829838917
25 1.5791631150100216
26 2.5022354643259614
27 2.6717334059069002
28 2.761589081311417
29 3.2472088308818954
30 2.4995995105446975
31 1.7059218677594519
32 0.9269606971307536
33 0.6170528650639491
34 0.7049105430128604
35 0.9306570533773741
36 1.0492578517804427
37 1.0658310935947166
38 1.0316125667553684
39 1.0757651811448552
40 1.181631738293795
41 1.4857207764452078
42 1.6685315316217575
43 1.5602848148420174
44 1.545112432875463
45 1.644706353528972
46 1.7079485426131837
47 1.7088721770141093
48 1.7593224567111292
49 1.888740913266139
50 2.1321483111142725
51 2.057358273031174
52 1.9261904843609357
53 2.7266830531009076
54 2.6955814223606143
55 2.629250633547772
56 4.224411714573438
57 3.2172632824606344
58 2.8847622977903673
59 3.020079732345804
60 3.1332168612370976
61 2.184279395594876
62 2.2894358960353753
63 2.3296010841538233
64 3.6821370753113922
65 3.0909316355388428
66 2.271300482963002
67 2.306967755333691
68 2.070594449219283
69 1.6707620766451938
70 1.632658059060098
71 1.7907903129536191
72 2.004591520066553
73 2.514630660261193
74 2.114607022311536
75 1.6818536584149237
76 1.3412978480527498
77 1.6033218942282088
78 1.5944085847649272
79 2.3961543958977685
80 2.7892853408122797
81 2.3812209715342014
82 1.6154705336766233
83 1.4815604027656155
84 1.399758877420034
85 1.5108511594262986
86 1.5979016536901702
87 1.164257565963938
88 1.0849341080736752
89 0.9671835721586821
90 0.9861976409903186
91 0.8378758254371271
92 1.3942041741172333
93 1.6736359656307545
94 1.2621753788546608
95 0.6538525504631636
