12 0.0
13 0.8418429829702285
14 0.8491177964282112
15 0.8457362864546814
16 0.8197373212879668
17 1.3630569020262124
18 0.773322673954791
19 1.6739509836000666
20 0.5774874253653843
21 0.4954186422087774
22 1.0326334478296197
23 0.688720668943982
24 1.3136368678688677
25 0.9783347729928709
26 0.6315013866447761
27 1.0725843236882913
28 1.5451987620377705
29 1.6778476564581712
30 1.548719888596007
31 1.637842914877527
32 1.5721668141979421
33 1.3681958419707447
34 1.311631345553268
35 0.9037096025824558
36 0.5947999679290658
37 0.5433198354041211
38 0.9164970741210455
39 1.2497836719224988
40 1.1515597528448627
41 1.0239918890163415
42 1.2815482635803626
43 1.08665672663876
44 1.06869906557042
45 0.7111333750437905
46 0.5412998323662279
47 0.8112692021852091
48 1.0103576055946437
49 1.300941142724247
50 1.4111528754553218
51 1.160362200300166
52 1.3513517030237407
53 1.4889820897917208
54 1.279331670323344
55 1.4445517133179149
56 1.2368649957360953
57 2.4765776353571476
58 3.289043889945485
59 2.840804536632745
60 3.351841515398884
61 2.9342411669504673
62 2.2141347323825094
63 0.7175481790753685
64 0.49369694432313743
65 0.4840089999406373
66 0.5578112878598106
67 0.7513808954339523
68 0.9952878353540903
69 1.551784604933429
70 1.690737291595808
71 1.4789645188388862
72 3.192562339348483
73 2.2794893670463114
74 1.453754806151889
75 1.1493435783722596
76 1.0874674665407422
77 1.5012445899553317
78 1.8537223183850324
79 2.2110748343507267
80 3.3695162436121913
81 3.5683396170721813
82 3.4218687409814477
83 3.652523223309651
84 3.4545621315428776
85 3.674373564417238
86 3.894468040825841
87 4.0991056311205405
88 4.048152765141145
89 3.9409348685161896
90 4.2282979277254125
91 5.25287878298509
92 5.381061466753949
93 5.2263690057678405
94 6.874731040363112
95 6.8964392764587075
