7 0.17677340429048197
8 0.39296998539414896
9 0.36721332621473696
10 0.353962010852838
11 0.47598134317476587
12 0.6686398108574999
13 1.005541328264914
14 0.8884918939384191
15 0.8967024016173969
16 0.9749174057456762
17 1.1495488930759092
18 1.7896068640030722
19 3.170480484584114
20 5.527199567740639
21 2.4061307730590897
22 1.6825016111824442
23 1.5774396638638366
24 1.7623298112379682
25 1.8619014700327652
26 2.6197529390355174
27 2.619861291733208
28 2.908347680870343
29 2.8398882891995805
30 2.7078218838525028
31 2.58244122814621
32 3.0299793148388448
33 3.5689013452041287
34 2.543075735177485
35 1.9312300191080938
36 1.360415852429185
37 1.274143743478083
38 1.1897215107914512
39 1.0855781040114434
40 1.0538205805787997
41 1.2627581645544876
42 1.4677282287755389
43 1.5234115270398838
44 1.6159929592054392
45 1.7807760002674715
46 1.9508617319835881
47 1.8490443674583898
48 1.665402205696127
49 1.7008413908523627
50 1.8474840444827874
51 1.8683002001214788
52 1.8995610196235664
53 1.9650997083324107
54 1.3182628256684135
55 1.3733124611524847
56 1.601944084761377
57 1.8136894495119447
58 2.060037246400697
59 1.982971531033263
60 2.0036612074407554
61 1.5638931157836984
62 1.275339343290613
63 1.4047328303790152
64 1.8912247475980253
65 1.9944873127612217
66 1.9385439603265122
67 2.023237880164952
68 1.6770003557268534
69 2.0076469514076245
70 2.0409226720725258
71 2.2469539740231466
72 2.10320599157092
73 1.4702512351170094
74 1.3173702976737525
75 1.32387347448515
76 1.688972834048166
77 2.44749758219206
78 2.1351844814904326
79 2.044997328547046
80 1.9656256216683332
81 1.8859871226162557
82 1.652832373586951
83 1.5263108508273093
84 1.7816554445723205
85 2.3612438491467937
86 2.8540699513795125
87 2.939025703516786
88 2.958603304464456
89 3.5256469806660773
90 5.029800321717895
91 4.901346563941156
92 5.21204802731319
93 4.797202276534255
94 4.073667206553049
95 1.3850508120263294
