1 0.0
2 6.71624169629869
3 5.4227046168605035
4 1.2965141627151804
5 1.0342743999297543
6 1.21205619634483
7 1.1255891038282893
8 1.647850138008181
9 1.6574862407386732
10 1.9894034665048688
11 2.114910385705259
12 2.351632483060422
13 2.397073842372113
14 2.359214536606051
15 2.167272515494559
16 2.025355121614177
17 1.9973006734640253
18 1.1887427325109412
19 1.0935943586112715
20 1.346366333379868
21 1.646313955151869
22 2.004397952316839
23 1.3603868701557316
24 1.9400583633818687
25 1.637050912741005
26 2.4631729643259614
27 2.677569701952167
28 2.960365278263311
29 3.0464939498455696
30 2.7465104751399
31 2.5785895349574566
32 1.5722132607884667
33 0.9913425508392228
34 1.1160139404195033
35 1.6867006582284185
36 2.034080558428029
37 1.9612923820339152
38 1.7943860087743713
39 1.8036253482038982
40 1.7921710181012553
41 1.7289605084439643
42 1.6265259395179417
43 1.6871797289497579
44 1.7848904329101793
45 1.8871666217938152
46 1.941942256206894
47 1.971820215932466
48 2.0117485209648764
49 2.184206800279693
50 2.449689664349733
51 2.3535675296995224
52 2.1449437479065394
53 2.3839911632919537
54 1.780556307467013
55 1.3474847365670715
56 2.0647799234077597
57 1.3799382337985
58 1.0984073484161538
59 1.1020764522720186
60 1.0645196247201272
61 0.9175744120090538
62 0.8992998781228169
63 0.899249146631783
64 1.266765859610774
65 1.0404137508904088
66 0.9500827322250851
67 1.1286731555417335
68 1.033534604849341
69 0.8771383930908725
70 0.9001908419863061
71 0.9413201516726009
72 0.9789474605949825
73 1.0564938482702098
74 1.0369215861498873
75 0.9945581688376914
76 0.9203718762391968
77 0.8238184638222295
78 0.9400219372870733
79 1.4354539556755601
80 1.6273102661080727
81 1.666954078539637
82 1.348028978586358
83 1.5770853941949148
84 1.7983429166259155
85 1.9969599939921088
86 3.0209578253125233
87 3.3464064518191607
88 2.192371446963967
89 1.7323736875475286
90 1.6651898737097974
91 1.3275154544494063
92 1.7306416090156098
93 1.6110055457050565
94 1.262388882462341
95 0.8115844482009628
