15 0.0
16 1.6564993316778132
17 2.155510472926883
18 1.9366034839991084
19 2.3816879796060344
20 2.5321556140890804
21 2.161585508008599
22 2.2038407063445895
23 2.669654559216985
24 2.4811036626308383
25 2.528688434247083
26 1.519243226125735
27 1.5253545023172825
28 2.9984825591589117
29 3.6117315303357778
30 3.614593179861555
31 2.861157492408576
32 2.136979995739221
33 1.7133486310762078
34 1.829270205551707
35 1.7152819561984947
36 1.7810257935248677
37 1.8179873285034447
38 1.8606447559963273
39 1.6927546949980021
40 1.7065676425368288
41 1.027599771562343
42 0.5518133916767688
43 1.6678109300689952
44 1.3006082469387061
45 0.5267340119413896
46 0.8329509205407483
47 1.5287275194679324
48 0.9800930971809406
49 1.7903925974392092
50 1.260375548691306
51 1.758177244744048
52 2.7273225459598796
53 1.2998320983231089
54 1.0441129966565774
55 0.5877520094559069
56 1.0512339012316476
57 3.2150960929670247
58 1.4947275660296009
59 3.5339602090787468
60 2.9601434939844045
61 1.5392698320972946
62 4.005692389836195
63 6.781744432067602
64 5.9547277281449515
65 6.7215704455778535
66 7.188949851682034
67 4.592050285608899
68 1.5864478430522804
69 0.9909205793605569
70 1.0443060890794793
71 1.2883993607011115
72 1.461832069330968
73 4.63932757373279
74 1.756717069245413
75 1.1582129789613658
76 0.841755297736668
77 1.5895192446845072
78 3.583553816174982
79 2.5846165038944657
80 2.304240982623966
81 2.956609984177256
82 3.817990499812147
83 4.6162061550210485
84 4.134546748490775
85 3.7711431332823078
86 1.6137682228782388
87 2.9873863204160562
88 3.761448703334644
89 2.274320918040008
90 3.6759930747597056
91 5.245589135272543
92 5.738634063260219
93 5.92083427205822
94 6.194037104368346
95 6.476323104068465
