12 0.0
13 1.514888041029069
14 2.820290991545964
15 3.1415700267670963
16 3.105631102166022
17 2.613423080380075
18 2.377001703435636
19 2.9823605903343644
20 2.9675450333779207
21 2.758935898188497
22 4.71164740682049
23 4.030903072685829
24 3.0210385158018345
25 2.725129059789052
26 3.376387955870783
27 4.969465642801034
28 4.753572913079885
29 4.2521451594228665
30 4.752250620075442
31 3.5062479689537502
32 2.6968441735406583
33 2.6580644892245333
34 2.2630432710211337
35 2.4216224684464662
36 2.0492320350217104
37 1.6574958447882615
38 1.1179640086398188
39 2.538044347273254
40 3.162145434115749
41 3.822926906092634
42 3.4246877995959237
43 2.116847108564337
44 0.8059657316645595
45 0.7783543753182588
46 3.1237625710803827
47 3.244578407838011
48 1.0828130026812826
49 0.7758697725824152
50 1.0810265305874867
51 1.9243434370550478
52 2.0225163846394842
53 2.2198788356876267
54 2.790136885185839
55 4.375929404635165
56 5.106059969699594
57 4.881171472283525
58 3.7299331060082994
59 2.531189906548138
60 1.7846801523638944
61 2.7240226742447295
62 3.7293894745605503
63 2.797770533228947
64 2.394436989007071
65 1.827280473096904
66 0.7305443213035037
67 0.6722354678592205
68 1.0935926600030903
69 0.48802463534365764
70 1.0381788795496785
71 1.487344538253424
72 1.1724467979767375
73 1.3030857063539076
74 1.3245445395846098
75 1.308350417919791
76 1.3013014177428053
77 1.3969138677424813
78 1.5528872883528957
79 1.4207139277430032
80 1.755563978792419
81 2.2723026484790414
82 1.7801014478154873
83 1.6477202254549423
84 3.657572455377328
85 3.2933237739271592
86 2.86101177545423
87 4.130039773104143
88 4.666253724361369
89 3.772944186719229
90 2.6993557857127435
91 2.7149605625667306
92 2.2384947937285147
93 1.963623064035989
94 1.6436161588718676
95 1.678534640119505
