7 0.0
8 2.8827991059930356
9 2.802099844206042
10 1.9369954900768054
11 1.1011689105362323
12 0.7840703915410253
13 0.5813220090033455
14 0.5602117486395222
15 0.8150822226523855
16 1.6868254524972133
17 1.2486742380619267
18 0.7999406473074128
19 0.6257784533777659
20 0.5022936540976787
21 0.5210199898056314
22 0.512863673793281
23 0.52852566154026
24 0.5949775910164378
25 0.8150408694954537
26 1.0086624143615346
27 1.0662426518556596
28 1.2018763489510818
29 1.1164193383614802
30 1.2080657412631437
31 1.2481033915767645
32 1.475704902744122
33 1.6369992810311425
34 1.6107736670524186
35 0.9029250630856368
36 0.6291495997401659
37 0.6998785735362555
38 0.7912538342679823
39 1.02642087577762
40 1.5215304329734358
41 2.426063306164279
42 2.6045651538430405
43 2.1891958807523166
44 2.7790758789033045
45 2.873464843263909
46 2.741780897574043
47 2.4756032923426043
48 2.8286855453947757
49 2.4680507232820097
50 1.8448226890929837
51 1.2834279167524534
52 1.2799162440368643
53 1.5448819810392604
54 1.8002684425786961
55 1.5620186336052226
56 1.4024700151700058
57 1.293590396817203
58 1.2356093648578284
59 1.788346392444133
60 1.9840018035684253
61 1.7816685696545318
62 0.9103564594791931
63 1.6893374104658574
64 2.8890365941547436
65 1.8408564752601422
66 1.3531358149943027
67 1.3401522897481963
68 1.3964533476145677
69 1.9090221689534974
70 2.543749384237342
71 2.233019785021148
72 2.0024482833582646
73 1.9572463629766703
74 1.9369681588408076
75 1.9657129810191831
76 2.0363801796079595
77 2.1349134015749294
78 2.1806153680208835
79 2.1385347312726255
80 2.0510938963961505
81 2.148636623084317
82 2.522704528071506
83 2.907158625656797
84 2.975644666789329
85 3.0161488809029997
86 3.0130036573419123
87 3.193722711322122
88 3.518406061848272
89 3.8854837235227406
90 5.517855580545767
91 6.002553732150717
92 5.695403386614477
93 5.381617007003699
94 5.189614966489544
95 5.291900554179603
