1 0.0
2 5.989017049677943
3 6.087970568271741
4 7.16688946752671
5 4.3721266284447875
6 3.4864191316745776
7 3.282299604531079
8 3.01747329733497
9 4.312198420126821
10 3.109724461071455
11 2.027003886010139
12 2.126037688870828
13 2.5069825987994108
14 2.213377912312974
15 1.782279013241274
16 1.75822278217139
17 2.096658919131168
18 2.024341307694047
19 1.831091809741059
20 1.8238402065488342
21 1.9997570091378436
22 1.8085009606916091
23 2.1321638089929205
24 1.6757473554388385
25 1.6022169370703885
26 1.581275395881869
27 1.594215228825929
28 1.577472496002535
29 2.2289266299229418
30 2.534045279400772
31 1.3938905850021752
32 0.9888387438988865
33 1.1672461176546174
34 1.5539812683776513
35 1.5957357371250083
36 1.1012336993081087
37 0.9330595959049269
38 0.9585908677513377
39 0.9589087641804709
40 0.8502448973151591
41 0.8396898252247358
42 0.929745285591995
43 0.9268171499138249
44 1.0990425251269262
45 1.3519343997326414
46 1.5103145032089054
47 1.3763248871949045
48 1.0325028054909884
49 0.8831985610739284
50 0.869977275655953
51 1.0399636374648564
52 1.1432941909117889
53 1.4395033824948054
54 1.7324461839329082
55 1.7529262418930052
56 1.747027523585692
57 1.821318800021336
58 1.830395734456174
59 1.656469469696873
60 1.1358148165899065
61 0.7737754736623543
62 0.6351045014472347
63 0.6528599797211738
64 0.6582841975451906
65 0.6170755291489473
66 0.8315142946046769
67 0.9352790464656198
68 0.942532417761104
69 0.999597461721431
70 1.1125467426463613
71 1.4474906664657174
72 1.4085125135757546
73 1.1294271078395093
74 1.2155269602289196
75 1.5748077012742974
76 1.5965610138546553
77 1.9953013078946253
78 2.00418976273589
79 2.25717407803473
80 2.4966208298051713
81 2.8439896346392137
82 3.0254398195860563
83 2.878849351876567
84 2.795291523559056
85 2.1831914452604235
86 2.245460126075339
87 2.2669844818628597
88 2.461170404864553
89 2.8398907746164683
90 3.1810501196353465
91 3.229792086364964
92 3.2277604645952374
93 3.2836339576838487
94 3.3219568124830947
95 3.3219568124830947
