17 0.0
18 1.0386977161998738
19 0.6238552653390194
20 0.9883418832001785
21 3.2290457102009027
22 3.2631507710848657
23 2.9466512547215666
24 3.972498997257139
25 3.6679005035556616
26 4.635371289270362
27 5.5219577994292015
28 4.9705839744821665
29 3.00262570520007
30 4.270919628771319
31 3.5771221666408417
32 2.5850782036823343
33 3.0735423741222236
34 4.204629169541731
35 3.886940891744882
36 3.6339052834203733
37 3.888739881656294
38 3.547560086385343
39 2.6352649090035873
40 2.06182525957656
41 2.197078554400485
42 2.438743445485549
43 0.8002878541909877
44 0.43708137012153747
45 0.4121333001211294
46 0.45705585793816716
47 0.5860210296404007
48 0.7451136270230504
49 1.1876130619029655
50 4.329266667852673
51 2.9005361423242055
52 2.2211579270336417
53 2.002090794331922
54 2.941838592202162
55 3.7332287659141983
56 3.592738441191548
57 3.533261255409154
58 2.968278622062131
59 0.9269059132846583
60 1.4708474872414754
61 1.6712529055479826
62 1.617025747956452
63 2.070045059687633
64 2.889714578889861
65 2.8911912187272737
66 2.1007262128469
67 3.237070344111064
68 1.7554935390157675
69 1.244747891266523
70 1.5707559719087312
71 1.6043804786393614
72 2.2900426310477457
73 1.892137980993507
74 0.9647278555895848
75 1.6253125694702035
76 1.8875206956999655
77 2.0683758461789803
78 2.028218032007325
79 2.221166013833104
80 1.96997945355196
81 1.5761627317783724
82 1.0852776936325375
83 0.980283925042988
84 1.3305387365629537
85 1.222589990397147
86 1.2431782766602004
87 1.5009034957283003
88 1.7771600275862864
89 1.7900113324914724
90 1.6787512014721266
91 1.363521104659734
92 0.9052323298958262
93 1.0743696079157425
94 1.7767349721305192
95 1.4924107596825384
