17 0.0
18 4.751353037933969
19 6.565803352314291
20 8.39507850519024
21 7.602096702746654
22 8.175397154739686
23 8.064240872440314
24 8.545050382555798
25 8.349522050035516
26 4.899743645414777
27 7.627919384554216
28 7.5319422972208
29 7.244952231625571
30 7.466811847826233
31 7.651079459426477
32 7.54070517326821
33 7.313767859702181
34 7.062582632717299
35 5.691953118343678
36 4.607607961307255
37 2.1911112159666413
38 1.8022072896827674
39 6.816666148058238
40 6.377450007781091
41 5.912826840832237
42 5.9551675107546975
43 6.100914614285881
44 6.919136918530756
45 7.277171753944988
46 7.48537944627799
47 8.09207978767585
48 7.67204173640019
49 7.2385897299105615
50 7.124791113481657
51 7.364347911164432
52 5.896311495417931
53 4.484689649772355
54 4.990454076616534
55 6.9245293098903105
56 7.6696453462178695
57 7.97495721325374
58 8.753805607336027
59 8.206156291791965
60 7.6395786424739525
61 6.431692391875573
62 5.2238757770470805
63 5.796499359185925
64 6.114334733647654
65 3.539304261637555
66 3.1023760625159156
67 4.676871517134286
68 2.4953260581933017
69 2.878058275276988
70 3.732009233670633
71 2.920383115777264
72 2.9905089879999363
73 3.5578042511495678
74 4.160683060348282
75 3.113341484810045
76 2.673167467485729
77 3.037071578846751
78 5.612896558774794
79 5.221299878273727
80 4.051221941205187
81 3.292677322175988
82 4.790634612373038
83 7.517858292024932
84 7.231165021274456
85 6.751904107569544
86 6.982977304920745
87 6.726638777864206
88 6.588944018687088
89 7.2538515983960465
90 8.012665454462024
91 7.60532636393292
92 6.5941985093998605
93 6.4751385953244265
94 3.2692971543572322
95 0.6866275423656779
