7 0.0
8 0.952770148749438
9 1.1287562998914975
10 1.2172139916951958
11 0.7730834888501776
12 0.4342836440741317
13 0.8139605321968917
14 0.6916416938534435
15 0.543077334087657
16 1.2233542844919303
17 1.4698402126365377
18 1.9610868939556974
19 2.6562916936565295
20 5.1245913888579535
21 6.713004250659302
22 5.095419783369666
23 3.552576174739262
24 5.211364670083795
25 4.889130741460999
26 2.141012317642271
27 1.7657384866115888
28 1.6221166930623725
29 1.481758241986134
30 2.290271045879347
31 2.243569577650203
32 2.690149689319416
33 2.892140648026961
34 3.114923080645312
35 3.424689041569816
36 3.3082394500345016
37 3.2220672991661417
38 3.4467930849055652
39 4.1585534360852225
40 4.090431114757849
41 3.8795412617864695
42 3.995475628097422
43 4.343985610169296
44 4.830404950676875
45 2.0381418813238836
46 0.7277778282495306
47 0.6228941161179529
48 0.6141472190031627
49 0.6556503901317874
50 0.8179940972561416
51 1.4167428040543744
52 1.9450152054375267
53 1.9620806322897373
54 2.259495773852077
55 2.073482557824915
56 2.6228708982647584
57 3.5752013419332593
58 4.552440021016188
59 4.958742449319993
60 5.700640524859503
61 4.892616396609311
62 4.447031103490693
63 4.432100195355168
64 3.5311095684175733
65 3.223416935110139
66 2.9204624965627684
67 2.838753094631995
68 2.274755073467653
69 1.9034422971997298
70 1.7048650348329486
71 1.775872578833319
72 2.0860628508795953
73 2.082080955440073
74 2.1222429641551237
75 2.0896622427746663
76 2.1441833833421504
77 2.132884337595873
78 2.1775403458297116
79 1.87060446105209
80 1.725138501838398
81 1.7258515046707263
82 1.7095223926870602
83 1.7829099329503388
84 1.8661019448760385
85 1.862525120225683
86 1.9019702848729156
87 1.901231790716812
88 1.9921972198326094
89 2.551381491198869
90 2.380009583488983
91 2.3552943344513855
92 2.9096515148856503
93 2.9642172010188252
94 2.8257257800362634
95 1.5257562238919826
