12 0.0
13 0.7571889255799887
14 0.9572604739655942
15 0.846925385943714
16 0.752249908666509
17 1.157832757901112
18 2.5232998579888952
19 1.4173657463472338
20 1.2143167096601264
21 1.4999278795497273
22 2.2966151634660315
23 2.2893181237131257
24 2.3171199663600444
25 2.5335907475132085
26 2.6376550950440847
27 2.5213812617433162
28 2.3961631401566446
29 2.406604892662471
30 2.508605616497023
31 3.1303810049234415
32 3.325827132702983
33 2.940969261072335
34 1.2099377689070965
35 0.6056057075318156
36 0.8379672954744996
37 2.722674878445122
38 2.466913299157422
39 1.4364252820341799
40 2.317174242216189
41 2.0456676789091697
42 3.198308058737928
43 3.3120304457908167
44 3.396295846660714
45 3.3459499516192404
46 3.4106026755327474
47 3.393174907953303
48 3.390958683062002
49 3.4546464007373228
50 4.619647176240478
51 5.3948169368698835
52 4.730555293661012
53 2.609914390743225
54 1.3933882514102869
55 1.7248647266575057
56 2.674229999782276
57 5.026944974160938
58 3.651625063449031
59 3.5641674838771453
60 4.547713626053366
61 7.091725210375812
62 8.05460899906001
63 9.193877310749981
64 9.309511539702905
65 8.496760304322997
66 7.144430968685951
67 3.7800721923026464
68 1.8558433451692284
69 4.509618138926411
70 2.117152599479755
71 0.5993379587215052
72 0.8900732792272199
73 1.7749024615259685
74 1.9870350011076172
75 2.2444064277538787
76 1.5624485201466476
77 1.0610590242883076
78 0.971245088119563
79 1.3042449207855815
80 1.785282854599968
81 1.1045273015819812
82 0.8989520130125983
83 0.9344967520928256
84 1.103157545889561
85 1.3615505758368065
86 1.4436469197820265
87 1.4048954984049773
88 1.480555458677986
89 1.5077132310735786
90 1.7592664422844868
91 2.0060330521042
92 2.8613287268149645
93 2.8921028211186486
94 2.175716412205854
95 0.5702477804554275
