7 0.0
8 0.8749029126803864
9 0.47532519060493406
10 0.38578582626077657
11 0.36193389186218866
12 0.38013107060929224
13 0.47569838915383034
14 0.5320635568906971
15 0.5919109266975321
16 0.8292033467018908
17 1.0484925576971214
18 1.1410528522209118
19 1.1497224204687233
20 1.2200425650595879
21 1.4004287778544313
22 1.8602472901946936
23 2.0915563705277935
24 1.9155228080753721
25 1.65021276910087
26 1.5569779258919874
27 1.6405288856617295
28 1.365131738749451
29 1.5165558988059424
30 1.5445744951701017
31 1.0807046182167408
32 0.9737765926867179
33 0.9122676223744419
34 1.077489526118883
35 1.143706423452198
36 0.8583909935889126
37 0.7892610363686202
38 1.0851445567053695
39 1.2729429829776033
40 1.6443547556212637
41 1.4541343425114146
42 1.3407545208218667
43 1.874204038535959
44 2.000414076585336
45 2.5148303146172206
46 2.826213209488797
47 2.459913563939033
48 1.939651906973568
49 2.0761954159293934
50 2.315715655564958
51 2.3545156968144263
52 1.794651734239416
53 1.5650745747043397
54 1.4751063327775007
55 1.293313652750116
56 1.691147112590497
57 1.1846095569809127
58 1.5876442894262845
59 1.5774287720289422
60 1.60016330516328
61 1.3949925338787381
62 1.0588558537052597
63 1.761711648941415
64 1.6105261887379931
65 1.2839261543195775
66 0.8436205531785576
67 0.8935094046990267
68 1.049372275778859
69 1.4031002280301126
70 1.6082013312996302
71 1.8949961034844132
72 1.9270556621485708
73 1.9014490718501011
74 1.979988785203529
75 2.045155060347515
76 2.126974479896256
77 2.1516575222303795
78 2.146214388276655
79 2.3090118859127817
80 2.5555552749655623
81 2.2217287020234635
82 2.6490240638780453
83 2.831054137284086
84 2.9662115054982965
85 2.9475526333157793
86 3.1445239349489946
87 3.2974632970915874
88 3.550074402741318
89 3.685428373226954
90 5.733742868101968
91 5.853240835153206
92 5.70971067701976
93 5.283496932796712
94 5.211268079985595
95 5.212447691799697
