17 0.0
18 1.7506994756365029
19 1.6314606900658932
20 1.3843386344925095
21 1.408658048637958
22 1.357430422994211
23 1.5905487583907285
24 1.7782206669590348
25 1.9885908549688793
26 2.094884694845481
27 2.025272978407453
28 1.9597743840503774
29 2.0769618840503785
30 2.4073964100464185
31 1.9985655112201468
32 1.3764886901990383
33 1.5013848801420195
34 1.8454895548003278
35 1.904110247556294
36 1.812738367444266
37 1.9288544970443178
38 2.229129326276422
39 2.5619601062686987
40 2.860184778962694
41 3.524048690628234
42 2.8209589122751417
43 3.015822365732037
44 2.9292767935604243
45 2.7588426007116404
46 2.5696418052733487
47 2.183362794649438
48 2.079458293438294
49 2.0109220442346443
50 2.0122298869055606
51 2.037948574560794
52 1.9469082578920835
53 1.8857278862881675
54 1.9420155371958672
55 1.0823933765392277
56 1.3287361448309667
57 0.7249305090240081
58 0.7337309670483628
59 0.7080154044260794
60 0.9805606033643278
61 0.8459710050110065
62 0.7996318226943122
63 0.8749221592854569
64 0.9093945502654135
65 0.9481894860265532
66 1.058330009669316
67 1.3623280024905176
68 1.8397777537561877
69 1.772039918147959
70 2.1199519400272795
71 2.488239888606437
72 2.8193587525342934
73 3.2830402568961436
74 3.6504552489948767
75 4.043781433947815
76 2.8917056453018284
77 2.3291103923721352
78 2.5054957345829503
79 2.4287150839478513
80 1.3064929255792854
81 0.8589687037994611
82 0.8754381521265522
83 0.8498115966665963
84 1.573170271047179
85 3.4286049157878593
86 2.816499507624773
87 2.183460858275386
88 2.4722391724945245
89 4.312103842824736
90 4.361581938347323
91 4.383336380260147
92 5.041434249540528
93 5.534665249681449
94 5.6323966272511585
95 5.313316730368911
