0.36 0.06642457843044136 -0.16534453463255372 1	0.36 0.06642457843044136 -0.16534453463255372 1
1.32 0.23347248459977088 -0.6139872133508129 1	1.32 0.23347248459977088 -0.6139872133508129 1
2.32 0.2566662348426938 -0.7602073027046385 1	2.32 0.2566662348426938 -0.7602073027046385 1
3.32 0.4600322087245834 -1.2131322863690062 1	3.32 0.4600322087245834 -1.2131322863690062 1
4.32 0.3639139248509422 -1.1454394469843105 1	4.32 0.3639139248509422 -1.1454394469843105 1
5.32 0.3641187566919566 -1.0837624433719744 1	5.32 0.3641187566919566 -1.0837624433719744 1
6.32 0.02673495348204913 -0.9032735471935256 1	6.32 0.02673495348204913 -0.9032735471935256 1
7.32 0.0005076813728202012 -0.9112541350114398 1	7.32 0.0005076813728202012 -0.9112541350114398 1
8.32 0.020072892100846396 -0.8685124528000849 1	8.32 0.020072892100846396 -0.8685124528000849 1
9.32 1.8476177634659612 0.0026112918136638186 1	9.32 1.8476177634659612 0.0026112918136638186 1
10.32 2.132009181795115 -0.08630143514970379 1	10.32 2.132009181795115 -0.08630143514970379 1
11.32 2.5862809662300767 -0.14852884579494918 1	11.32 2.5862809662300767 -0.14852884579494918 1
12.32 -0.7330598581071732 -0.15853827414855148 1	12.32 -0.7330598581071732 -0.15853827414855148 1
13.32 -1.7276554196701044 -0.22104340158437408 1	13.32 -1.7276554196701044 -0.22104340158437408 1
14.32 -1.1477551149292717 -0.7051235595943912 1	14.32 -1.1477551149292717 -0.7051235595943912 1
15.32 0.27844312679884764 -0.3611336153525151 1	15.32 0.27844312679884764 -0.3611336153525151 1
16.32 1.2999181551058934 0.21943522030500118 1	16.32 1.2999181551058934 0.21943522030500118 1
17.32 1.7306870565808188 0.23752011257465622 1	17.32 1.7306870565808188 0.23752011257465622 1
18.32 1.8855399283874439 0.15710319462439148 1	18.32 1.8855399283874439 0.15710319462439148 1
19.32 -0.7135888951587539 -0.5591328065042775 1	19.32 -0.7135888951587539 -0.5591328065042775 1
20.32 -1.5154150748603543 -0.6562699088754775 1	20.32 -1.5154150748603543 -0.6562699088754775 1
21.32 -0.14469987266875384 -0.7411001361855054 1	21.32 -0.14469987266875384 -0.7411001361855054 1
22.32 -0.46420550040561226 -0.6392427908522862 1	22.32 -0.46420550040561226 -0.6392427908522862 1
23.32 -2.686092443595425 0.16007388463762595 1	23.32 -2.686092443595425 0.16007388463762595 1
24.32 -2.5396021144415375 0.16220231366043336 1	24.32 -2.5396021144415375 0.16220231366043336 1
25.32 -2.2451052606872866 0.056129893463892744 1	25.32 -2.2451052606872866 0.056129893463892744 1
26.32 0.4242651763634635 -0.39197023220309135 1	26.32 0.4242651763634635 -0.39197023220309135 1
27.32 0.32218037972212477 -0.474233464155871 1	27.32 0.32218037972212477 -0.474233464155871 1
28.32 0.3565450051226824 -0.40210689505916397 1	28.32 0.3565450051226824 -0.40210689505916397 1
29.32 0.17100191468313808 -0.5272239640810312 1	29.32 0.17100191468313808 -0.5272239640810312 1
30.32 0.12878707755979102 -0.21348975620808242 1	30.32 0.12878707755979102 -0.21348975620808242 1
31.32 -0.018312343577775003 0.19263837744767653 1	31.32 -0.018312343577775003 0.19263837744767653 1
32.32 -0.131923015346604 0.5803709153203405 1	32.32 -0.131923015346604 0.5803709153203405 1
33.32 0.13161011271830647 0.7100533467864043 1	33.32 0.13161011271830647 0.7100533467864043 1
34.32 0.18827564772963656 0.6881702689985593 1	34.32 0.18827564772963656 0.6881702689985593 1
35.32 -0.024895236824107325 0.7040745818073575 1	35.32 -0.024895236824107325 0.7040745818073575 1
36.32 -0.0916873815950181 0.8596519048799006 1	36.32 -0.0916873815950181 0.8596519048799006 1
37.32 -0.8368386015073277 0.8333495487062508 1	37.32 -0.8368386015073277 0.8333495487062508 1
38.32 -1.353910194769018 0.03231253707923254 1	38.32 -1.353910194769018 0.03231253707923254 1
39.32 -1.195389827698592 -0.4397601396494992 1	39.32 -1.195389827698592 -0.4397601396494992 1
40.32 -1.0656188033196972 -0.6461759716794937 1	40.32 -1.0656188033196972 -0.6461759716794937 1
41.32 -1.0435893273141947 -0.7047129534345671 1	41.32 -1.0435893273141947 -0.7047129534345671 1
42.32 0.6642665188159254 -0.21191110589965367 1	42.32 0.6642665188159254 -0.21191110589965367 1
43.32 1.2508998849319317 0.10527979637003959 1	43.32 1.2508998849319317 0.10527979637003959 1
44.32 1.09049267731376 -0.04524176164508131 1	44.32 1.09049267731376 -0.04524176164508131 1
45.32 0.7718742353422745 0.554348789211391 1	45.32 0.7718742353422745 0.554348789211391 1
46.32 1.078726784507535 0.8262869342617155 1	46.32 1.078726784507535 0.8262869342617155 1
47.32 1.1633795118326349 0.8863947123435836 1	47.32 1.1633795118326349 0.8863947123435836 1
48.32 1.217402967422296 0.6081802934899173 1	48.32 1.217402967422296 0.6081802934899173 1
49.32 1.2698738479225522 -0.04804657556620606 1	49.32 1.2698738479225522 -0.04804657556620606 1
50.32 0.8877575352367115 -0.25827064621088214 1	50.32 0.8877575352367115 -0.25827064621088214 1
51.32 0.5839630123604551 -0.2960759438856513 1	51.32 0.5839630123604551 -0.2960759438856513 1
52.32 0.4666138453338542 -0.3160448492696639 1	52.32 0.4666138453338542 -0.3160448492696639 1
53.32 0.8010388965826105 0.21992059636998085 1	53.32 0.8010388965826105 0.21992059636998085 1
54.32 0.4868670648530169 -0.010954105264536995 1	54.32 0.4868670648530169 -0.010954105264536995 1
55.32 -1.1293001430450236 -0.2778116666754762 1	55.32 -1.1293001430450236 -0.2778116666754762 1
56.32 -1.5899078915437448 0.06641955188219528 1	56.32 -1.5899078915437448 0.06641955188219528 1
57.32 -1.7730520618330075 0.13532410355338031 1	57.32 -1.7730520618330075 0.13532410355338031 1
58.32 -1.9919375034236304 -0.20273985446602927 1	58.32 -1.9919375034236304 -0.20273985446602927 1
59.32 -0.728038336409675 -0.08446140433249627 1	59.32 -0.728038336409675 -0.08446140433249627 1
60.32 -0.04783263310649666 0.258431495754746 1	60.32 -0.04783263310649666 0.258431495754746 1
61.32 -0.22704918426024134 0.23715286039345163 1	61.32 -0.22704918426024134 0.23715286039345163 1
62.32 -0.4377532902623864 0.25558961104030864 1	62.32 -0.4377532902623864 0.25558961104030864 1
63.32 -1.5983663156042698 -0.15664200882284463 1	63.32 -1.5983663156042698 -0.15664200882284463 1
64.32 -2.141526322579901 -0.2428290899999579 1	64.32 -2.141526322579901 -0.2428290899999579 1
65.32 -1.8594131872431294 -0.472153729819194 1	65.32 -1.8594131872431294 -0.472153729819194 1
66.32 -2.0070975729327936 -0.360736832200367 1	66.32 -2.0070975729327936 -0.360736832200367 1
67.32 -2.1330232879036943 -0.1429035099894309 1	67.32 -2.1330232879036943 -0.1429035099894309 1
68.32 -2.015426563375991 -0.14747672641526188 1	68.32 -2.015426563375991 -0.14747672641526188 1
69.32 -1.3869886521371957 -0.0007367034772669534 1	69.32 -1.3869886521371957 -0.0007367034772669534 1
70.32 0.154954031090071 -0.08019197991626759 1	70.32 0.154954031090071 -0.08019197991626759 1
71.32 0.8562423343729599 -0.5679173278822454 1	71.32 0.8562423343729599 -0.5679173278822454 1
72.32 1.1790786786411545 0.22862406465748597 1	72.32 1.1790786786411545 0.22862406465748597 1
73.32 0.2755327553645621 0.48893737441173246 1	73.32 0.2755327553645621 0.48893737441173246 1
74.32 -1.3916545455463072 -0.05383464587118003 1	74.32 -1.3916545455463072 -0.05383464587118003 1
75.32 -1.5909622100382894 0.585763144950962 1	75.32 -1.5909622100382894 0.585763144950962 1
76.32 -1.4132284906170391 0.8229841779049966 1	76.32 -1.4132284906170391 0.8229841779049966 1
77.32 -1.3401581870871941 0.7823385663121171 1	77.32 -1.3401581870871941 0.7823385663121171 1
78.32 -1.3504638676280298 0.7548637677601476 1	78.32 -1.3504638676280298 0.7548637677601476 1
79.32 -1.3122533045009481 0.5426259362245207 1	79.32 -1.3122533045009481 0.5426259362245207 1
80.32 -1.390505350953624 0.18202419250825796 1	80.32 -1.390505350953624 0.18202419250825796 1
81.32 -1.5028964564543297 0.05604538462151121 1	81.32 -1.5028964564543297 0.05604538462151121 1
82.32 -1.4367753558742251 0.1395888155806284 1	82.32 -1.4367753558742251 0.1395888155806284 1
83.32 -1.4015888898354887 -0.18048732538212175 1	83.32 -1.4015888898354887 -0.18048732538212175 1
84.32 -1.7946674759267667 -0.18635456382196636 1	84.32 -1.7946674759267667 -0.18635456382196636 1
85.32 -1.8959995469683053 -0.15606426993384925 1	85.32 -1.8959995469683053 -0.15606426993384925 1
86.32 -1.2560897959956618 -0.06853133046393856 1	86.32 -1.2560897959956618 -0.06853133046393856 1
87.32 -1.1132013656509678 0.01034683540459791 1	87.32 -1.1132013656509678 0.01034683540459791 1
88.32 -1.003607534249019 0.19104401917597968 1	88.32 -1.003607534249019 0.19104401917597968 1
89.32 -0.9145339577417873 0.11688892370285009 1	89.32 -0.9145339577417873 0.11688892370285009 1
90.32 -0.9432833004333183 0.10596434940925703 1	90.32 -0.9432833004333183 0.10596434940925703 1
91.32 -1.1484280440756705 0.14717764679463996 1	91.32 -1.1484280440756705 0.14717764679463996 1
92.32 -1.2472154250678016 0.1529688586922675 1	92.32 -1.2472154250678016 0.1529688586922675 1
93.32 -1.2964498368163297 0.1410465145718942 1	93.32 -1.2964498368163297 0.1410465145718942 1
94.32 -1.3537908142481816 0.1339578249083342 1	94.32 -1.3537908142481816 0.1339578249083342 1
95.32 -1.4628468049878363 0.11195630907744891 1	95.32 -1.4628468049878363 0.11195630907744891 1
