18 0.32432771867796073 1.5 3
19 0.08455789158384541 2.5 3
20 0.774184594512445 2.5 3
21 0.35056131712903676 2.5 3
22 0.0 2.5 3
23 0.0012471800043190688 2.5 3
24 0.45662332353740065 2.5 3
25 0.32676728388874965 2.5 3
26 0.17151411298602898 2.5 3
27 0.6220143408920472 2.5 3
28 0.405480847257145 2.5 3
29 0.550306036034917 2.5 3
30 0.8997143147733644 2.5 3
31 0.8345469215437145 2.2518721354840343 3
32 0.6419745694483008 1.9110406993619944 3
33 0.610095808993943 2.246120250848235 3
34 0.08934804087929177 2.5 3
35 0.00327431194440131 2.5 3
36 0.8297638546957607 2.5 3
37 0.21784860562463132 2.5 3
38 0.4010530401344143 2.5 3
39 0.8300629757161342 2.5 3
40 0.7346114105646653 2.5 3
41 0.670353724802963 2.5 3
42 0.8181240738105734 2.5 3
43 0.31934773596952 2.5 3
44 0.8306880493215603 2.0081186383746097 3
45 0.9490688983741138 2.48480146637588 3
46 0.761260882759928 2.5 3
47 0.4410433833745769 2.5 3
48 0.7027767652162518 2.5 3
49 0.011521216454163439 2.5 3
50 0.6229497056890632 2.5 3
51 0.4917867439935486 2.5 3
52 0.4702812812537042 2.5 3
53 0.5868701193021839 2.5 3
54 1.815546845338479e-05 2.5 3
55 0.4463130695729626 2.324716188500075 3
56 0.8317333856347754 2.0600714327674066 3
57 0.059822976072160305 1.9777246244156632 3
58 0.4464055861398123 2.3962628883306385 3
59 0.0 2.5 3
60 0.8818077401438068 2.5 3
61 0.3469425474523036 2.5 3
62 0.8020491873580613 2.5 3
63 0.4684065603631952 2.5 3
64 0.7623227840396253 2.5 3
65 0.983665582784653 2.5 3
66 0.9520048374508666 2.5 3
67 0.8913747400823657 1.6134971401869698 3
68 0.7370019758402585 1.4999999999998108 3
69 0.39634143393041066 1.5 3
70 0.0902625071272011 2.0671850806915173 3
71 0.6389088845597333 2.5 3
72 0.3459832070159966 2.5 3
73 0.1861030694187484 2.5 3
74 0.3295245093938719 2.5 3
75 0.11821239433803787 2.5 3
76 0.4400879736411795 2.5 3
77 0.6879934616510187 1.9048424087721652 3
78 0.9539131326609466 1.6196375621863262 3
79 0.939091737462708 1.5000000000000147 3
80 0.8832922643611102 1.4999999999998543 3
81 0.8002192935950099 1.4999999999999127 3
82 0.8974843904005201 1.4999999999997236 3
83 0.6200896923044202 1.521628672504812 3
84 0.7614824975314605 1.6638024439203873 3
85 0.5278721919289548 1.8337016769528418 3
86 0.31287354050531935 1.8303568325156667 3
87 0.37419741269576434 1.815602353322014 3
88 0.12934304382615588 2.323025910011289 3
89 0.5575473639564932 2.5 3
90 0.8266357481035368 2.5 3
91 0.27953299026612094 2.5 3
92 0.7311253065415685 2.5 3
93 0.9267101186196346 2.5 3
94 0.875622090226548 2.5 3
95 0.9801934245642709 2.5 3
