13 0.28331079706395795 1.5 3
14 0.018877828427136832 2.5 3
15 0.0 2.966569593707256 3
16 0.0 3.471265353471812 3
17 0.2700219016807783 3.5 3
18 0.3336677539251819 3.5 3
19 0.13538087533012017 3.5 3
20 0.19148325753724926 3.5 3
21 0.5702866962602803 3.5 3
22 0.3863198994242225 3.5 3
23 0.22473667610886114 3.5 3
24 0.666968396475902 3.233036571226723 3
25 0.6168258387617389 3.5 3
26 0.09507834417433247 3.5 3
27 0.10113172460756356 3.5 3
28 0.0038064474770428147 3.5 3
29 0.13609815970228548 3.5 3
30 0.5615688622846287 3.5 3
31 0.22389172982208366 3.5 3
32 0.6248165815646807 3.5 3
33 0.03089226147570682 3.5 3
34 0.5543518547799456 3.5 3
35 0.7123134696931634 3.5 3
36 0.6798949419023771 3.5 3
37 0.48660373040691834 3.5 3
38 0.5512227938311884 3.5 3
39 0.10102252600333546 3.5 3
40 0.01740990371534649 3.5 3
41 0.00024515130381021156 3.5 3
42 0.0005067836748403294 3.5 3
43 0.2963059555231252 3.5 3
44 0.11405792490934706 2.680412878741947 3
45 0.000460155956403421 2.6928636325854893 3
46 0.12217862149253193 2.8120281349750513 3
47 0.2241545678985727 2.890686759766359 3
48 0.6895251343659011 3.256432417715361 3
49 0.46490726953379585 3.5 3
50 0.04933224824865717 3.5 3
51 0.0 3.5 3
52 0.009842323906041773 3.5 3
53 0.0858349577958591 3.5 3
54 0.10989089923614734 3.489973589626927 3
55 0.25007331487358375 3.0778608161139562 3
56 0.36409666319748213 3.28014634219469 3
57 0.03834809385537612 3.5 3
58 0.10162722875860512 3.5 3
59 0.0 3.5 3
60 0.054580789902489955 3.5 3
61 0.09960399711876025 3.5 3
62 0.6727807785819404 3.5 3
63 0.06394021183136331 3.5 3
64 0.12659823735105646 3.5 3
65 0.5462357271706446 3.5 3
66 0.16821559493222002 3.5 3
67 0.251878921062168 3.5 3
68 0.017220165903092416 3.5 3
69 0.0016815397754390356 3.5 3
70 0.03236918096187006 3.5 3
71 0.04354962817424675 3.5 3
72 0.6427547326016555 2.540847080403939 3
73 0.004903710506647974 2.0118906976584547 3
74 0.0 2.462744561574116 3
75 0.12612487289968563 2.9348392299904806 3
76 0.004254148041340135 3.4493685437617825 3
77 0.06867748610259655 3.5 3
78 0.4270225060039189 3.5 3
79 0.283327943381713 3.5 3
80 0.041779860404704314 3.5 3
81 0.4876585498326408 3.5 3
82 0.4469176953752498 3.5 3
83 0.0 3.5 3
84 0.7758550293962214 3.336881775817848 3
85 0.0010016446643229453 3.5 3
86 0.0 3.5 3
87 0.0 3.5 3
88 0.34797223909038694 3.5 3
89 0.004888918360296743 3.5 3
90 0.5002799553164616 3.5 3
91 0.0 3.5 3
92 0.07995058910453834 3.5 3
93 0.8715865548441344 3.5 3
94 0.9580093171780815 3.5 3
95 0.8776053193050681 3.486674387873005 3
