13 0.5296745773780509 1.5 3
14 0.17325219445034018 2.5 3
15 0.14874039226792446 2.8419759716200734 3
16 0.1185620063021524 3.201952844334672 3
17 0.0035590771763154326 3.5 3
18 0.22424584337571854 3.5 3
19 0.09521573770812343 3.5 3
20 0.6365359893312873 3.5 3
21 0.17408809705002795 3.5 3
22 0.62737739101749 3.5 3
23 0.3689061870613632 3.5 3
24 0.8404248123013085 3.3383123180834446 3
25 0.7537901287810133 3.0838994972009677 3
26 0.6836137761468372 3.350266026710695 3
27 0.27281186966220666 3.2577281892532954 3
28 0.6894357267566221 3.5 3
29 0.8719923736443199 3.5 3
30 0.4527395005293654 3.5 3
31 0.2618493792925447 3.5 3
32 0.1371575594197177 3.5 3
33 0.32187640604914697 3.5 3
34 0.5205447762278697 3.034716271601308 3
35 0.481277238384661 2.947607111899655 3
36 0.3882298510884916 3.5 3
37 0.04211637559988766 3.5 3
38 0.6653104346523295 3.5 3
39 0.7975058687034108 3.5 3
40 0.9842871764585253 3.5 3
41 0.6374655241657391 3.5 3
42 0.5455522115020699 3.5 3
43 0.5261833683995962 3.5 3
44 0.6911491783544266 3.5 3
45 0.13828694192123794 3.5 3
46 0.9067247642175172 3.5 3
47 0.8687259650016602 3.4747010734089927 3
48 0.7170789554797329 3.5 3
49 0.7714203116753693 3.5 3
50 0.21712541488584258 3.5 3
51 0.28128252981752166 3.5 3
52 0.041481672621494665 3.5 3
53 0.5064892380061747 3.5 3
54 0.019515806938537363 3.5 3
55 0.5707877080208735 3.5 3
56 0.07894387278932737 3.5 3
57 0.24437643791265704 3.5 3
58 0.5339009178983773 3.5 3
59 0.6560788960137326 3.5 3
60 0.8286028713263575 3.5 3
61 0.1471655457760027 3.5 3
62 0.26615691700602334 3.5 3
63 0.7144378573972021 2.727157020774277 3
64 0.9099327477386616 2.197852726109697 3
65 0.6541703775564013 2.077822190568273 3
66 0.20016558555187397 1.945077054103429 3
67 0.4194181377249486 1.8440104044025938 3
68 0.06562395369063036 1.8210624451813056 3
69 0.6946850023771725 1.9439289283329855 3
70 0.36061857526075697 2.1657249700744288 3
71 0.8075815982625595 2.4804879389453127 3
72 0.6168107859897496 2.716147193503406 3
73 0.711734246632349 2.6971440684556582 3
74 0.7426780567703741 2.799371145800382 3
75 0.8483630201945915 3.2487461885081865 3
76 0.8047996034992148 3.5 3
77 0.45284502820386874 3.5 3
78 0.3275604611762097 3.5 3
79 0.3720446437801392 3.5 3
80 0.33849244207679097 3.5 3
81 0.6134532321642622 3.5 3
82 0.82975348051929 3.5 3
83 0.3464919037880505 3.5 3
84 0.5279799362110462 3.5 3
85 0.5700087882332984 3.5 3
86 0.3987615362334598 3.5 3
87 0.3007941097669547 3.5 3
88 0.8524672397343104 3.5 3
89 0.8987365245587264 3.5 3
90 0.6335466836930762 3.5 3
91 0.4757361770693127 3.5 3
92 0.5487586267262797 3.5 3
93 0.6137424963226323 3.5 3
94 0.02970472094452553 2.767673239665397 3
95 0.6317902497142948 2.832176500285641 3
