8 0.9081296963214942 1.5 3
9 0.8302782445694595 2.5 3
10 0.8044152256127917 3.064343886917436 3
11 0.2723168082722791 3.594488366247093 3
12 0.010381819092434843 4.121358031210702 3
13 0.0 4.5 3
14 0.006800913495757547 4.5 3
15 0.004790368599725232 4.5 3
16 0.0 4.5 3
17 0.0 4.5 3
18 0.0025411269561604844 4.30682031897687 3
19 0.7603724495421152 2.872791196519975 3
20 0.7092335225742576 3.323756046905539 3
21 0.7201584905227422 3.83292196586751 3
22 0.12088059363057098 4.390045745881121 3
23 0.09917528026893083 4.5 3
24 0.151762202984111 4.5 3
25 0.3313529698695105 4.5 3
26 0.04477365729399685 4.5 3
27 0.1098307897161754 4.5 3
28 0.1595416458469176 4.5 3
29 0.803216347943424 4.5 3
30 0.7766682961987135 4.5 3
31 0.8839307747145284 4.5 3
32 0.8927040422841019 4.5 3
33 0.7442969352345331 4.5 3
34 0.7521959613211423 4.5 3
35 0.8371781958536999 4.5 3
36 0.7598505883873465 4.5 3
37 0.7779020876802549 4.5 3
38 0.8873681808195928 4.5 3
39 0.6420991152917979 4.5 3
40 0.17177634873657427 4.5 3
41 0.41047320529120285 4.208521372714582 3
42 0.610284250041373 4.454974430698924 3
43 0.12274182146693102 4.5 3
44 0.5739012880382303 4.5 3
45 0.5632146940495667 4.5 3
46 0.7272371835688387 4.5 3
47 0.029364719675264748 4.5 3
48 0.7866136112665234 4.5 3
49 0.8851609579908968 4.5 3
50 0.8896964327472319 4.5 3
51 0.9116264251984217 4.5 3
52 0.9401039614989561 4.241017096094918 3
53 0.873384070163501 4.371822190859079 3
54 0.5339257966884656 4.5 3
55 0.32903248538891 4.5 3
56 0.271607711313481 4.5 3
57 0.26944386736728915 4.5 3
58 0.040303612202999356 4.5 3
59 0.024647997364464488 4.5 3
60 0.8273171273356139 2.963421886832177 3
61 0.7816312166062916 1.9117348195227677 3
62 0.3401855927829615 2.44217942206045 3
63 0.2148052717360294 2.9592347734602154 3
64 0.1897543452098679 3.5799185576836754 3
65 0.2842525780233606 4.2003534339804975 3
66 0.6710391835333875 4.5 3
67 0.00517855801923901 4.5 3
68 0.5929435100485898 4.5 3
69 0.7819854280409213 4.5 3
70 0.9211856175194347 4.5 3
71 0.9514657166353556 3.5987734175599324 3
72 0.8954265640759013 2.844122595760229 3
73 0.8743151356901552 2.472955133653988 3
74 0.4729520906142981 2.101616193068054 3
75 0.29651871127777313 1.9556879999566008 3
76 0.3375662106312404 1.7094082372983685 3
77 0.5433308498118316 1.4999999999993014 3
78 0.9173685313089699 1.4999999999990687 3
79 0.7185849045509726 1.7865586300145369 3
80 0.7334059742823342 2.1089115692269695 3
81 0.9579094820064975 2.4539660698037915 3
82 0.8633810513067881 2.7904977063556435 3
83 0.7655441076046337 3.1359934488504075 3
84 0.728203578954646 3.4926722210101433 3
85 0.8750670526533705 3.9006028990225023 3
86 0.7400827411497612 4.35535116677235 3
87 0.53802729316094 4.5 3
88 0.8552931639753959 4.5 3
89 0.8024526936923118 4.5 3
90 0.9291895912010464 4.5 3
91 0.4517388834782082 4.5 3
92 0.8177807828978493 4.5 3
93 0.881789103599496 4.102175247302119 3
94 0.8673924362751358 4.194369966336235 3
95 0.8174463119925027 4.5 3
