8 0.17680061133430425 1.5 3
9 0.23062578193794728 2.5 3
10 0.13255052127936262 3.0567117386575493 3
11 0.008307497046666898 3.5244685780735234 3
12 0.0 3.7833334441449096 3
13 0.6462873368615433 4.265509282622309 3
14 0.018509155285918746 4.5 3
15 0.42749939264350967 4.5 3
16 1.2899815417797504e-06 4.5 3
17 0.22942849749158814 4.5 3
18 0.2733437172448138 4.496879633855324 3
19 0.270950128446626 3.122573777938991 3
20 0.03503345783615538 3.454987574838571 3
21 0.24961085712655495 3.911259408454938 3
22 0.004159324069248538 4.459096309687997 3
23 0.0017793328232260268 4.5 3
24 0.003206350704308001 4.5 3
25 0.0 4.5 3
26 0.5734571295938565 4.5 3
27 0.0678703494238748 4.5 3
28 0.06506951914403059 4.5 3
29 0.00023112873552959693 4.5 3
30 0.49236115814836456 4.318967080603139 3
31 2.3764817875072882e-05 4.5 3
32 0.0 4.5 3
33 0.29368884553519276 4.5 3
34 0.1629782650658464 4.5 3
35 0.02438553327418313 4.5 3
36 0.7258731606910255 4.5 3
37 0.8597762883393306 4.5 3
38 0.19695876505534113 4.5 3
39 0.0 4.5 3
40 0.029638336322658422 4.5 3
41 0.059606324509471745 4.345719374330757 3
42 0.41909272882175536 4.4670142601435 3
43 0.38131987277523016 4.5 3
44 0.06531498350675337 4.5 3
45 0.26451762085071867 4.5 3
46 0.025880246790043658 4.5 3
47 0.004575870914633087 4.5 3
48 0.13951984532075165 4.5 3
49 0.15623865336639148 4.5 3
50 0.2526315792313716 4.5 3
51 0.005572960888200103 4.5 3
52 0.0001644969445319637 4.052580729559711 3
53 0.47773283265337363 4.130120336953819 3
54 0.5561733471310565 4.364214070572794 3
55 0.0020286751857522714 4.5 3
56 0.0018520652555670833 4.5 3
57 0.0007959102735480191 4.5 3
58 0.00026399667178552045 4.5 3
59 0.374098743876278 4.5 3
60 0.3792959394595495 3.859419009309444 3
61 0.0 4.274161341106286 3
62 0.0 4.5 3
63 0.10936786226137143 4.5 3
64 0.06218003544254841 4.5 3
65 0.021028785481541804 4.5 3
66 0.27996775998175755 4.5 3
67 0.13518213829348116 4.5 3
68 0.3355702394615005 4.5 3
69 0.023651238144580995 4.5 3
70 0.6704114593816001 4.3166915724059365 3
71 0.00023661655858233405 3.953767729903528 3
72 0.22476258269977567 4.258391675198043 3
73 0.017222439062438737 4.187028766035844 3
74 0.0 4.400396283084352 3
75 0.012404886218513635 4.5 3
76 0.0 4.5 3
77 0.07037425438559307 4.5 3
78 0.5524622785812416 4.5 3
79 0.4887251011575554 4.5 3
80 0.18546458232691398 4.5 3
81 0.0 3.6834283271954917 3
82 0.005075218380024201 4.225932947083304 3
83 0.1264806768790591 4.5 3
84 0.7568359834228794 4.5 3
85 0.2767915951250885 4.5 3
86 0.05275982509061585 4.5 3
87 0.1154656462473421 4.5 3
88 0.8060912124769309 4.5 3
89 4.9709778801583093e-05 4.5 3
90 0.08531810250860168 4.5 3
91 0.28374879512790196 4.5 3
92 0.4864811335390792 4.5 3
93 0.30577358341383476 4.5 3
94 0.8895902404184015 4.5 3
95 0.9144094556362005 4.5 3
