8 0.2101934559091504 1.5 3
9 0.007282754078178956 2.5 3
10 0.0205830308036935 2.5184132272252118 3
11 0.35826077622668473 2.8111888940081937 3
12 0.1129289610101407 3.2201142815161274 3
13 0.020306225412307383 3.7591482544552366 3
14 0.0 4.250972340845019 3
15 0.0 4.5 3
16 0.06136030403259442 4.5 3
17 0.5874961398635947 4.5 3
18 0.15133236164414673 4.5 3
19 0.5146971823038754 4.5 3
20 0.09631701446859035 4.5 3
21 0.016952160822739086 4.5 3
22 0.1390170702029939 4.5 3
23 0.24500697416826567 4.161495823459245 3
24 0.15508061117318173 4.414907913726249 3
25 0.0 4.5 3
26 0.009980877241652303 4.5 3
27 0.34024338761350714 4.5 3
28 0.4545484455388552 4.5 3
29 0.16838113260359805 4.5 3
30 0.3765696496824171 4.5 3
31 0.250462813931807 4.5 3
32 0.8916323757062987 4.5 3
33 0.5721089704604371 4.5 3
34 0.2204010123037487 3.89395773962712 3
35 0.014099129512483589 2.9870730963348398 3
36 0.4425239045419821 3.089075210819472 3
37 0.731352355300292 3.591126455907164 3
38 0.848847425569092 4.0887500318760726 3
39 0.41538319611002783 4.5 3
40 0.0 4.5 3
41 0.003162450043971987 4.5 3
42 0.9551865866711513 4.5 3
43 0.8794794954772887 4.5 3
44 0.8162921556252812 4.5 3
45 0.8606472222746643 4.5 3
46 0.9592774404748491 4.5 3
47 0.953420357692734 4.0921925834559225 3
48 0.6732459056806473 3.6762128928677047 3
49 0.504697455460732 3.610415193409608 3
50 0.6073888386099224 4.022030863489686 3
51 0.5553286218128008 4.5 3
52 0.4323253823234444 4.5 3
53 0.014480670194110038 4.5 3
54 0.045599290851111605 4.5 3
55 0.0 4.5 3
56 0.0 4.5 3
57 0.0 4.5 3
58 0.0 4.5 3
59 0.12831546105696906 2.8965821248073116 3
60 0.09315290093935477 2.0819898357789572 3
61 0.6632646512618612 1.5562637008815 3
62 0.8382864214143639 1.4999999999999272 3
63 0.931482580261791 1.4999999999998619 3
64 0.8872024248825958 1.5479972682518783 3
65 0.8574544876874595 1.631978941167865 3
66 0.8407965576794898 1.5463518901639837 3
67 0.8577466387883966 1.50000000000016 3
68 0.8689846619022614 1.9375608991885238 3
69 0.719213573098203 2.396400556224311 3
70 0.4054607433101435 2.835793318368509 3
71 0.11213091866470427 3.300653227492978 3
72 0.3373823425839603 3.6656596349915636 3
73 0.163882770546557 4.023326414970521 3
74 0.5294773903384369 4.5 3
75 0.02838417915876779 4.5 3
76 0.022776404926306244 4.5 3
77 0.48479378942154233 4.5 3
78 0.12292980305570073 4.5 3
79 0.5595557554248192 4.5 3
80 0.636768669359904 4.5 3
81 0.19553040414154882 4.5 3
82 0.524826845044363 4.5 3
83 0.8449779162370276 4.5 3
84 0.7658528721121839 4.5 3
85 0.7920116115517417 4.5 3
86 0.9085327339381786 4.5 3
87 0.4686676325458656 4.5 3
88 0.7538692125844494 4.5 3
89 0.7213801006660417 4.494447041645573 3
90 0.8558777945939785 3.7777238491339085 3
91 0.8281503442071736 3.943277481738987 3
92 0.1312191350950158 3.855184651012474 3
93 0.44248628824075487 4.16559710462825 3
94 0.6077506224250021 4.482211883348282 3
95 0.7380862491182967 4.5 3
