8 0.5528650013368396 1.5 3
9 0.39061298816557677 2.5 3
10 0.38261197961031224 2.5518834923738587 3
11 0.08360520308010524 2.8641600295858844 3
12 0.3188791959081124 3.3176076225247852 3
13 0.2303709881430926 3.8588759421159464 3
14 0.16550772566086555 4.395851645418772 3
15 0.2584332919770684 4.5 3
16 0.19739185010669735 4.5 3
17 0.5503708821375016 4.5 3
18 0.019313508782471556 4.5 3
19 0.35937003376898174 4.5 3
20 0.19907076000390445 4.5 3
21 0.3502023051073204 4.5 3
22 0.2234070722409011 4.5 3
23 0.6126929315697834 4.269492682322557 3
24 0.5308705740488371 4.5 3
25 0.007587742270245365 4.5 3
26 0.01389188664871688 4.5 3
27 0.4884669007107371 4.5 3
28 0.060136766069975735 4.5 3
29 2.8014489472771247e-05 4.5 3
30 0.0022745001046992966 4.5 3
31 0.5877727166147718 4.5 3
32 0.36761510201137093 4.5 3
33 0.0 4.5 3
34 0.0 3.917190980490279 3
35 0.18875378276362106 3.109256828895712 3
36 0.7337713826373017 3.1724503580343515 3
37 0.48200917352607775 3.716841201550218 3
38 0.04217211010380021 4.253392495725079 3
39 0.3288309626794935 4.5 3
40 0.20197088037280064 4.5 3
41 0.1142259253479982 4.5 3
42 0.012565351881146599 4.5 3
43 0.0 4.5 3
44 0.0 4.5 3
45 0.29523149275326915 4.5 3
46 0.00665097210912872 4.5 3
47 0.3196954651035167 4.093275677450154 3
48 0.8950470481371976 3.603537976106236 3
49 0.7913787062408247 3.563367265520916 3
50 0.06870068756667204 3.9989735781164053 3
51 0.5200145189123816 4.5 3
52 0.7255269420305697 4.5 3
53 0.0 4.5 3
54 0.22670036078503522 4.5 3
55 0.5444173526949898 4.5 3
56 0.4619261192684522 4.5 3
57 0.0966798706572294 4.5 3
58 0.0008308486292761728 4.5 3
59 0.0 4.5 3
60 0.04248767645136981 4.5 3
61 0.49158791356952003 4.5 3
62 0.4856407931923739 4.5 3
63 0.2859806972414954 4.5 3
64 0.16096828083733664 4.5 3
65 0.358234536085257 4.132752714622423 3
66 0.026215598056083686 4.5 3
67 0.20902177644346423 4.5 3
68 1.4602086961437671e-06 4.5 3
69 0.17033109804743 4.5 3
70 0.6493740952331315 4.5 3
71 0.6446207163550265 4.5 3
72 0.13074453041996023 4.5 3
73 0.02585001913933572 4.5 3
74 0.13453968909859607 4.5 3
75 0.28042217431129685 4.5 3
76 0.02974656331241589 4.103581265361936 3
77 0.21812361921710274 4.351669669336944 3
78 0.11119103946053459 4.5 3
79 0.18378293204537957 4.5 3
80 0.4041465077016883 4.5 3
81 0.41572210778958 4.5 3
82 0.1552548756622666 4.5 3
83 0.5524072112991235 4.5 3
84 0.042965642615985046 4.5 3
85 0.5102946248222415 4.5 3
86 0.8362215750772269 3.6818795707882526 3
87 0.7273024495850919 2.94216093217858 3
88 0.9076099213460453 2.7119692376541353 3
89 0.6900153618575009 2.3771664488204842 3
90 0.5840139738443264 2.1671790741257864 3
91 0.36255813004021215 2.7911184995124496 3
92 0.5137986166608088 3.43707753666646 3
93 0.29480277550300465 4.098265596260491 3
94 0.23762551753245545 4.5 3
95 0.0 4.5 3
