18 0.4290264878687466 1.5 3
19 0.0008127258320943124 2.5 3
20 0.028649485021890415 2.5 3
21 0.45127309181151526 2.5 3
22 0.3063965607538197 2.5 3
23 0.03188120972199647 2.5 3
24 0.0 2.5 3
25 0.03144162991673966 2.5 3
26 0.0 2.5 3
27 0.0 2.5 3
28 0.3414671260538945 2.3388457354079986 3
29 0.8629136257640045 2.0807107152931055 3
30 0.7436778399111742 2.3259038213595264 3
31 0.17538734929801658 2.254356234073104 3
32 0.2316545715882164 2.5 3
33 0.6073193360731077 2.5 3
34 0.37510751467807235 2.5 3
35 0.6596366599610427 2.5 3
36 0.6878857085210212 2.5 3
37 0.6500361928808935 2.5 3
38 0.09991038276099283 2.097355809112865 3
39 0.013211303909466846 1.9375166075233574 3
40 0.004075630516170706 2.5 3
41 0.41325391114667037 2.5 3
42 0.16640697067264892 2.5 3
43 0.006155061469472429 2.5 3
44 0.14056657271748002 2.5 3
45 0.24071616890814904 2.5 3
46 0.007392959553208243 2.5 3
47 0.6133797205436747 2.5 3
48 0.4180424909773171 2.5 3
49 0.09874143626674949 2.5 3
50 0.35667517735547316 2.4960349909942816 3
51 0.17687124439682658 2.4283241473642194 3
52 0.307033721893864 2.5 3
53 0.6100366216623813 2.5 3
54 0.36170881193056376 2.5 3
55 0.00405060318054404 2.5 3
56 0.0 2.5 3
57 0.2743318966644922 2.5 3
58 0.25406814308544207 2.5 3
59 0.03498303601620308 2.5 3
60 0.0 2.5 3
61 0.32061804572316566 2.5 3
62 0.0016574737912277368 2.5 3
63 0.12275525922149831 2.5 3
64 0.17368319221167186 2.5 3
65 0.4346448225036921 2.5 3
66 0.0 2.5 3
67 0.3247902748826219 2.5 3
68 0.8547067936654268 2.5 3
69 0.09867649194334896 2.460497110893062 3
70 0.004073286361026828 1.9693601841041382 3
71 0.08929405876898491 2.0246489831810175 3
72 0.0018455684543418874 2.2609558148995568 3
73 0.0 2.5 3
74 0.019930761276691803 2.5 3
75 0.38162872216401855 2.5 3
76 0.051292362026269966 2.5 3
77 0.48192627758926704 2.5 3
78 0.4506295683789429 2.5 3
79 0.594454660765245 2.5 3
80 0.46378596106070175 2.5 3
81 0.6129187842448511 2.1726729726024203 3
82 0.08475829879163511 2.3830647472281417 3
83 0.6361329765347791 2.5 3
84 0.3262845841163952 2.5 3
85 0.6555458113583782 2.5 3
86 0.369970202352795 2.5 3
87 0.28193084581004163 2.5 3
88 0.7272883097116363 2.5 3
89 0.5741210572766181 2.5 3
90 0.5817008748867758 2.5 3
91 0.4930238176384027 2.5 3
92 0.817193842125293 1.9145394562764413 3
93 0.9246783441771799 1.499999999999738 3
94 0.9436810308065955 1.5452207573997003 3
95 0.9420452647202298 2.0057950915342078 3
