13 0.2755864296866624 1.5 3
14 0.09923478605976577 2.5 3
15 0.0014675765178698197 2.8539870426555463 3
16 0.37525796703918746 3.2428775663474863 3
17 0.01828647699320268 3.5 3
18 0.01656991462464292 3.5 3
19 0.6626870167800435 3.5 3
20 0.026648100266844364 3.5 3
21 0.0 3.5 3
22 0.6244441032158699 3.5 3
23 0.0009896852603041317 3.497686841489976 3
24 0.40789652025969847 3.1490400014145745 3
25 0.011683027067910587 2.9499991387562003 3
26 0.17993946976652597 3.1785653570876273 3
27 0.023191254504470498 3.1132129082065587 3
28 0.0 3.422457996604484 3
29 0.19271590552340967 3.5 3
30 0.18118005302361462 3.5 3
31 0.5475356354985393 3.5 3
32 0.45336202209238774 3.5 3
33 0.25848021650879355 3.5 3
34 0.18616756230357218 2.473254671292307 3
35 0.16755406709266493 2.8634102236707477 3
36 0.01415402214135175 3.4366463670096783 3
37 0.7430274901729066 3.5 3
38 0.2852784362388366 3.5 3
39 0.0880507968146719 3.5 3
40 0.13223280971345866 3.5 3
41 0.35329562822029825 3.5 3
42 0.13340017401131413 3.5 3
43 0.07041619603713886 3.5 3
44 0.038816801418976844 3.5 3
45 0.0021971206034847785 3.5 3
46 0.0 3.5 3
47 0.2656671439744747 3.4118446793484836 3
48 0.0 3.5 3
49 0.57642453354867 3.5 3
50 0.05712885263483936 3.5 3
51 0.0005448688460723551 3.5 3
52 0.5846435521109502 3.5 3
53 0.0037413817416595187 3.5 3
54 0.19042976076954815 3.5 3
55 0.19959930390211836 3.5 3
56 0.7286221011445236 3.5 3
57 0.18187667028057006 3.5 3
58 0.003939509737553386 3.5 3
59 0.0035892427053366436 3.5 3
60 0.3575789562336514 3.5 3
61 0.0 3.5 3
62 0.009764659937294563 3.5 3
63 0.09023676654236054 3.5 3
64 0.05863396597360332 3.5 3
65 0.03732953727351299 3.5 3
66 0.0005444494891620661 3.5 3
67 0.0007953572655517746 3.5 3
68 0.7740061851503487 3.5 3
69 0.7088059360679422 3.5 3
70 0.7758034386291893 3.5 3
71 0.716552114228517 3.5 3
72 0.6766347718248698 1.9357479176019987 3
73 0.7476755721599763 1.8797065569009719 3
74 0.264883391069925 2.2872562803174223 3
75 0.07816245543787702 2.777055938014484 3
76 0.0 3.3235262428433487 3
77 0.1843702418898906 3.5 3
78 0.22974877938540939 3.5 3
79 0.24616182036075693 3.5 3
80 0.5461945805924777 3.5 3
81 0.5257758907237624 3.5 3
82 0.45155107968505975 3.5 3
83 0.16212799370215014 3.5 3
84 0.6259343575576223 3.3928652506578802 3
85 0.46952850498114135 3.5 3
86 0.23607082187434464 3.5 3
87 0.6328228393468057 3.5 3
88 0.17563635492773377 3.5 3
89 0.8658480704418907 3.5 3
90 0.05652824743355139 3.5 3
91 0.45607329842106015 3.5 3
92 0.5481398480812281 3.5 3
93 0.20982583382848433 3.5 3
94 0.208209723413252 3.1149186910296995 3
95 0.05551640455302007 3.204842278020587 3
