2 0.8577724555005083 1.5 3
3 0.8776202547500258 2.5 3
4 0.35406228167664067 2.865464007727892 3
5 0.24796757231881747 3.249721136743947 3
6 0.3262874189502298 3.680255631066972 3
7 0.4207323304887249 4.140392938227018 3
8 0.8929349790609391 4.44012649039599 3
9 0.8801279434643065 4.738775169852738 3
10 0.8483792346712711 5.0349943699850295 3
11 0.7190947813814079 5.360478113957873 3
12 0.011935851293074905 5.5 3
13 0.28541509799466824 5.5 3
14 0.3042962583203586 5.5 3
15 0.3133663333423594 5.186147919244815 3
16 0.0027253523417920186 5.5 3
17 0.13798484464410907 5.5 3
18 0.0 5.5 3
19 0.0 5.5 3
20 3.0921470078002387e-05 5.5 3
21 0.0 5.5 3
22 0.2761646724871956 5.5 3
23 0.031383860199289994 5.5 3
24 0.2761643392848669 5.5 3
25 0.06963128856020848 5.5 3
26 0.3765731810965543 5.5 3
27 0.3590210399935317 5.5 3
28 0.673054599836092 5.5 3
29 0.30919595051743365 5.5 3
30 0.45689492769616336 5.5 3
31 0.15889327904950262 5.5 3
32 0.027924858631820114 5.5 3
33 0.4346562481580169 5.5 3
34 0.0 5.5 3
35 0.0 4.605513209506586 3
36 0.0 4.639473456267904 3
37 0.007134264202829259 4.77046802743305 3
38 0.1487634652168579 4.915471106216792 3
39 0.1503613353448631 5.364120969810879 3
40 0.538501376618047 5.5 3
41 0.8999598414587744 5.5 3
42 0.8928970669752719 5.5 3
43 0.5415458789483469 5.5 3
44 0.7693796889915243 5.5 3
45 0.7719514654836553 5.151912765228292 3
46 0.7717190905812176 4.888104209196746 3
47 0.6536207616916706 5.114263398023315 3
48 0.42317804362423295 5.5 3
49 0.06541871865512605 5.5 3
50 0.44886356758834467 5.5 3
51 0.005943705912565779 5.5 3
52 0.11258763387252263 5.5 3
53 0.0 5.5 3
54 0.003476507487433442 5.5 3
55 0.6161863389600838 5.5 3
56 0.8670029499746612 4.461072933133568 3
57 0.5779307180361143 4.931797727187004 3
58 0.7360936783866057 5.5 3
59 0.302154448803362 5.5 3
60 0.3866237017699436 5.5 3
61 0.4567875813001786 5.5 3
62 0.26207295471796854 5.5 3
63 0.022589294811657275 5.5 3
64 0.1857247397097642 5.5 3
65 0.5592232486203935 5.5 3
66 0.6653810960994827 5.5 3
67 0.28097955671574554 5.5 3
68 0.7368350154833984 4.2364243724638655 3
69 0.94142523422852 4.501454492751771 3
70 0.4667196487761354 4.880386705040335 3
71 0.5634279971003526 5.299327425673633 3
72 0.6214472905709884 5.5 3
73 0.5473944623565741 5.5 3
74 0.3240389080968439 5.5 3
75 0.6521516963903501 5.5 3
76 0.1275078342883118 5.5 3
77 0.0008995952158010473 5.5 3
78 0.0009151975444436193 5.5 3
79 0.17170504392784938 5.5 3
80 0.18673669417219302 5.417590596841299 3
81 0.0 4.965279970154734 3
82 0.043799038660633206 5.499553836019651 3
83 3.139525063148698e-05 5.5 3
84 0.26463269172098763 5.5 3
85 0.11773093234435346 5.5 3
86 0.8553039141078592 5.5 3
87 0.6658195869432415 5.5 3
88 0.73577062455078 5.5 3
89 0.34469186196359625 5.5 3
90 0.8059216388087702 5.5 3
91 0.2809252983434217 5.5 3
92 0.2138311486920033 5.3661185290928985 3
93 0.0 5.08295765315101 3
94 0.0 4.938829826409928 3
95 0.003032972854715386 5.3567858268765995 3
