18 0.4958719240104127 1.5 3
19 0.3474505597968311 2.5 3
20 0.4157548524322656 2.5 3
21 0.7633166021943546 2.5 3
22 0.7984863717321432 2.5 3
23 0.7437533086967174 2.5 3
24 0.1778303703476832 2.5 3
25 0.6260650365350616 2.5 3
26 0.6858919209491056 2.1934477815823303 3
27 0.7776400078574405 1.5000000000000728 3
28 0.8055958815048082 1.8910546400063177 3
29 0.6886911587984663 2.3481041511373366 3
30 0.9315066696429202 2.5 3
31 0.8741193932306573 2.5 3
32 0.23412759703127026 2.5 3
33 0.353593048031725 2.5 3
34 0.40090855662486613 2.5 3
35 0.6811588366054319 2.5 3
36 0.6161738828726254 2.5 3
37 0.31206639244393203 2.44849126028856 3
38 0.13795182680167614 2.4072977657578525 3
39 0.5318300984723385 2.5 3
40 0.0004703504342348222 2.5 3
41 0.4211446048124463 2.5 3
42 0.2498734239476512 2.5 3
43 0.1912962227271009 2.5 3
44 0.5491231408359742 2.5 3
45 0.40505662377772444 2.5 3
46 0.7613584617074722 2.5 3
47 0.8734676272127311 2.5 3
48 0.4614995225329689 2.138506190303022 3
49 0.3927261022271586 2.3515007796410865 3
50 0.35856270608272356 2.5 3
51 0.0 2.5 3
52 0.1545634919451824 2.5 3
53 0.40314282570332827 2.5 3
54 0.44112474498479737 2.5 3
55 0.9645520302812237 2.5 3
56 0.981568188375857 2.5 3
57 0.6345247458679393 2.5 3
58 0.17378649932077864 2.5 3
59 0.050615974010843015 2.0274758130795454 3
60 0.7746703136169729 2.17393517934611 3
61 0.005881741298414939 2.3636934550461155 3
62 0.0386119844427191 2.5 3
63 0.055730855239376084 2.5 3
64 0.25560729946752786 2.5 3
65 0.31180340635813086 2.5 3
66 0.5578091246683122 2.5 3
67 0.9303093025576084 1.5 3
68 0.8837497395260644 2.0255846801413426 3
69 0.9464442385975579 2.5 3
70 0.9911922303257471 2.5 3
71 0.36146312042335477 2.5 3
72 0.12728346147980202 2.5 3
73 0.14294927012684783 2.5 3
74 0.46714660148962317 2.5 3
75 0.0 2.5 3
76 0.7714026334441918 2.5 3
77 0.6516177894456799 2.3565606775461054 3
78 0.7168728035266595 1.8953281722950197 3
79 0.4182534874601226 1.950006429581612 3
80 0.33761371379942057 2.002586376304098 3
81 0.6277024219803531 2.1129583907824125 3
82 0.20373284791072882 2.383352716112742 3
83 0.11047810085229713 2.5 3
84 0.4241799830723129 2.5 3
85 0.095391087538231 2.5 3
86 0.8409141686520138 2.5 3
87 0.3511570943773739 2.5 3
88 0.8639153041066431 1.4999999999999853 3
89 0.652695333691131 2.0728887762413652 3
90 0.28034506231140033 2.5 3
91 0.6823882661766042 2.5 3
92 0.6302667706544187 2.5 3
93 0.0 2.5 3
94 0.2899406870498479 2.5 3
95 0.28294514521017633 2.5 3
