8 0.2823078689645291 1.5 3
9 0.12627832711055598 2.5 3
10 0.2621263405762014 2.865991735046563 3
11 0.3947234578650343 3.322382200611424 3
12 0.5587043084725394 3.669736862083899 3
13 0.7081482235636991 3.984954121986506 3
14 0.3980877555359439 4.248098389017311 3
15 0.3140352218264752 4.5 3
16 0.6857876428738282 4.5 3
17 0.5189295694267937 4.5 3
18 0.31275124674504545 4.5 3
19 0.034368084971271265 4.5 3
20 0.5859787561892298 4.190145135760642 3
21 0.41398406081518896 3.994322862942885 3
22 0.30525604145841234 4.273458830902924 3
23 0.3644424270020622 4.19564774949682 3
24 0.12149925273711046 4.476267454267858 3
25 0.6381052167246426 4.5 3
26 0.5861875747869059 4.5 3
27 0.0873862799555422 4.5 3
28 0.13830237642639964 4.5 3
29 0.18402046018483623 4.5 3
30 0.6541240727679066 3.7606877624180015 3
31 0.2405437590017587 3.8895132097630847 3
32 0.1113214560480164 4.5 3
33 0.019176376477151903 4.5 3
34 0.11697418767559926 4.5 3
35 0.3249648691887385 4.5 3
36 0.00021352808210594172 4.5 3
37 0.1335573740719525 4.5 3
38 0.2238119715728485 4.5 3
39 0.016806183196781118 4.5 3
40 0.21450079562840663 4.5 3
41 0.1205036508889712 4.5 3
42 0.01623333344163239 4.5 3
43 0.04812373529976935 4.365413104176048 3
44 0.3708706932577239 4.5 3
45 0.0 4.5 3
46 0.4401866008137658 4.5 3
47 0.0013632821941071344 4.5 3
48 0.0 4.5 3
49 0.0 4.5 3
50 0.1770900231120265 4.5 3
51 0.0 4.5 3
52 0.0 4.5 3
53 0.1534965214291034 4.5 3
54 0.06182499688969972 4.5 3
55 0.08686924195833604 4.5 3
56 0.6260154531678453 4.5 3
57 0.4662644101300483 4.5 3
58 0.0 4.5 3
59 0.4864968968019067 3.7398984013565424 3
60 0.2698447704915109 3.452397418355518 3
61 0.3888280038216923 3.3664775637806086 3
62 0.1563517066376475 3.3944849383363325 3
63 0.0 3.483830333285863 3
64 0.09859128779318665 3.61459215607676 3
65 0.3791082228425884 3.816498262730405 3
66 0.0 4.1282737200854385 3
67 0.0 4.4034775182873345 3
68 0.14823330496527243 4.5 3
69 0.40110419749377046 4.5 3
70 0.6506533861731553 4.5 3
71 0.7265392203802596 4.5 3
72 0.0 4.5 3
73 0.6096790097128243 4.5 3
74 0.541984802072035 4.5 3
75 0.0 4.5 3
76 0.42870774848676 4.5 3
77 0.3432822428642964 4.5 3
78 0.4049106094091768 4.5 3
79 0.2456214889393342 4.5 3
80 0.21292457078081953 4.5 3
81 0.20210124004360494 4.442817626872405 3
82 0.6122474486481737 4.33735306417603 3
83 0.6263556198928002 4.262319399677246 3
84 0.400857306394331 4.033987444164188 3
85 0.4246007878145106 3.707054696678373 3
86 0.3050237109451791 3.7112375304132437 3
87 0.2284587626749746 3.829758481392419 3
88 0.009428418373143212 3.83389136243127 3
89 0.0404036045202885 3.6310248014320967 3
90 0.1046495122294989 3.798535537835807 3
91 0.0002752405340033915 4.085575520518411 3
92 0.14040252734343564 4.410102415192348 3
93 0.13938177438439622 4.5 3
94 0.18316376257874353 4.5 3
95 0.016699582844149536 4.5 3
