2 0.5745562367962839 1.5 3
3 0.44700790308540517 2.5 3
4 0.15303384451091653 2.5869094189962487 3
5 0.016039462211050137 2.869693903034042 3
6 0.019518905023402772 3.3209267417386084 3
7 0.0876578313913891 3.874058581926665 3
8 0.04758184114135008 4.3795904238842756 3
9 0.6693533241449455 4.879004263862321 3
10 0.7210248746857042 5.322970289863555 3
11 0.005823095675360019 5.5 3
12 0.003015266545849765 5.5 3
13 0.0 5.5 3
14 0.0 5.5 3
15 0.0 5.5 3
16 0.43725686330022207 5.5 3
17 0.18115650713793427 5.5 3
18 0.2628001875860241 5.2724681379344 3
19 0.24106768102712395 5.5 3
20 0.23063922519101887 5.5 3
21 0.014363470011288385 5.5 3
22 0.14277155052037255 5.5 3
23 1.2944680367700715e-06 5.5 3
24 3.581833553384723e-05 5.5 3
25 0.13345233129637205 5.5 3
26 0.09999200707208691 5.5 3
27 0.17539088869413078 5.5 3
28 0.005872291978389817 5.5 3
29 0.0 4.972053536395215 3
30 0.33807573330444984 4.103558339062653 3
31 0.08796505163102986 4.171879007146494 3
32 0.0 4.733211839774565 3
33 0.0 5.305799031718671 3
34 0.5935235830443198 5.5 3
35 0.0 5.5 3
36 0.4221953979057087 5.5 3
37 0.31257456370005676 5.5 3
38 0.15791302290445355 5.5 3
39 0.19131567663782661 5.5 3
40 0.295831295823953 5.5 3
41 0.6447345603072999 5.5 3
42 0.0008103545837951418 4.943599729019887 3
43 0.02254826863114783 4.553168397711219 3
44 0.0 4.5744274337601745 3
45 0.017929603785465466 5.030955623402646 3
46 0.026646530221255273 5.5 3
47 0.0 5.5 3
48 0.24331225429347306 5.5 3
49 0.0 5.5 3
50 0.008439089115157353 5.5 3
51 0.2451118587738758 5.5 3
52 0.1693094092749137 5.5 3
53 0.010626442857300971 5.5 3
54 0.000569597614858098 5.5 3
55 0.0 5.5 3
56 0.0018629889117213112 5.5 3
57 0.5330266279373482 5.5 3
58 0.003538910204597738 5.5 3
59 0.06404624881477598 5.5 3
60 0.0 5.350723823696761 3
61 0.10891078843619234 5.5 3
62 0.015428958350776862 5.5 3
63 0.31313623995100187 5.5 3
64 0.30043796437166337 5.5 3
65 0.0018983316351269723 5.5 3
66 0.3580724844599573 5.5 3
67 0.5242301399275238 5.5 3
68 0.0 5.5 3
69 0.0 5.5 3
70 0.00808521587717216 5.5 3
71 0.012045223748125009 5.032571146355957 3
72 0.011057870332270035 5.2603604655107485 3
73 0.1157499450106557 5.4809678538884326 3
74 0.00732318229607444 5.5 3
75 0.01573606820761322 5.5 3
76 0.03171807700923305 5.5 3
77 0.12346297130944003 5.5 3
78 0.23113345961985574 5.5 3
79 0.04111902946000165 5.5 3
80 0.055216732134694885 5.5 3
81 0.5515765283425472 4.942600426505 3
82 0.0022230406123236565 4.102922056539828 3
83 0.34566603145224567 3.972555692237991 3
84 0.000550484596828241 3.9106341711377026 3
85 0.2436257766584955 3.498091042667671 3
86 0.15335808904071624 3.8983783092587108 3
87 0.12287151723518375 4.509162603653298 3
88 0.18299213095881586 5.1404950966951 3
89 0.1594990794243106 5.5 3
90 0.0064608222092625706 5.5 3
91 0.10591507017780939 5.5 3
92 0.14929881999561703 5.5 3
93 0.023071141077704145 5.5 3
94 0.02530377821519936 5.461977911937749 3
95 0.03079898000850823 5.5 3
