8 0.6729223842200117 1.5 3
9 0.4283851978653551 2.5 3
10 0.3430201376443936 2.900823047854632 3
11 0.34899621596975106 3.3988076775540996 3
12 0.000562946307798767 3.8756248072701873 3
13 0.12286984698719872 4.34171283940134 4
14 0.2918232838884724 4.5 4
15 0.250954311205223 4.5 4
16 0.1422329367856396 4.5 4
17 0.3583079518124576 4.5 4
18 0.4395240843261273 4.5 4
19 0.46116432224662895 4.5 4
20 0.48000281061145444 4.5 4
21 0.39706898068417823 4.432525189871383 4
22 0.4663905508409896 4.281729441914861 4
23 0.24495502858267582 4.200295381374053 4
24 0.3824516247335428 4.120611538667574 4
25 0.28746238390083934 4.166858911341103 4
26 0.0939525044911112 4.090713551682187 4
27 0.04234347343735989 4.179031815277453 4
28 0.06274181876616591 4.211909697152994 4
29 0.09396025745682834 4.246402656884311 4
30 0.3830325902983143 4.240293070052379 4
31 0.503947285524265 4.19204023115171 4
32 0.3866648219778352 4.5 4
33 0.38397620829776064 4.5 4
34 0.29422957827080787 4.5 4
35 0.060535845840478254 4.5 4
36 0.04182061865048262 4.5 4
37 0.012109496585493953 4.5 4
38 0.13653028541102283 4.5 4
39 0.06837641621520477 4.5 4
40 0.09717091426207283 4.5 4
41 0.34428349294730376 4.5 4
42 0.5500891697274592 4.5 4
43 0.2805505334783089 4.251900604046131 4
44 0.08990311671325424 4.178269081560975 4
45 0.12213069871766234 4.5 4
46 0.24504751133814098 4.5 4
47 0.2241467391586349 4.5 4
48 0.18902196787210027 4.5 4
49 0.2945984668997716 4.5 4
50 0.5110080222694192 4.5 4
51 0.22137132174377122 4.5 4
52 0.048040071730860175 3.9945299603502935 4
53 0.09467709624804438 4.005912204291526 4
54 0.22212061079769158 3.9095629793653934 4
55 0.22199008893287855 3.5700450669603963 4
56 0.3370245392030505 3.4650918099479897 4
57 0.24570648724485403 3.5634945148727346 4
58 0.3216926382537685 3.0876331463569366 4
59 0.1853013023929067 3.6036237115053154 4
60 0.19744764919879768 4.1692648307684 4
61 0.24335460390842326 4.5 4
62 0.4474425641065475 4.5 4
63 0.5120035837561245 4.5 4
64 0.44665939826374723 4.5 4
65 0.46777227909498215 4.5 4
66 0.4161787569160917 4.5 4
67 0.29545236004457587 4.5 4
68 0.18401964216889113 4.5 4
69 0.1780186914949525 4.5 4
70 0.14619893064209183 4.386732435829268 4
71 0.13591496708258521 4.143672404821759 4
72 0.14025749157036338 4.469244396466383 4
73 0.11008615812928384 4.5 4
74 0.15819902815736747 4.5 4
75 0.11238537194535107 4.5 4
76 0.17856302102292537 4.5 4
77 0.26756182980868365 4.5 4
78 0.3081571110290622 4.5 4
79 0.5251037693511621 4.5 4
80 0.7442965146171854 3.9174698070930756 4
81 0.5842384067955164 3.9190729339452957 4
82 0.47845386525379 4.5 4
83 0.43700080994002793 4.5 4
84 0.4694953839632121 4.5 4
85 0.46291798356046476 4.5 4
86 0.4475433249800787 4.5 4
87 0.4902025937819975 4.5 4
88 0.5950180051671914 4.5 4
89 0.6227599503695612 4.5 4
90 0.7931966927375916 4.5 4
91 0.7860091024939628 4.5 4
92 0.757945736491622 4.5 4
93 0.6708267431426455 4.424689545663277 4
94 0.6057315585214862 4.5 3
95 0.003950457715329605 4.5 3
