12 0.469725616033117 1.5 3
13 0.09818028814250936 2.5 3
14 0.0022122189065727263 2.875837980691842 3
15 0.11484747528396344 3.3025628947419317 3
16 0.0 3.5 3
17 0.004660748687903949 3.5 3
18 0.08457524870862217 3.5 3
19 0.5683854903695831 3.5 3
20 0.7407198130761202 3.5 3
21 0.4628274687458979 3.5 3
22 0.2500691161758878 3.5 3
23 0.6649553462961404 3.2430838816094982 4
24 0.5636613673305534 2.970718588578038 4
25 0.19987857829182198 3.2814480818120537 3
26 0.3838821692311558 3.1585861792499452 4
27 0.22535598869438855 3.4690374198600837 3
28 0.8136994000466653 3.5 3
29 0.8241771890888963 3.5 3
30 0.9234139882251422 3.5 3
31 0.6916611197187194 3.5 4
32 0.806528758574891 3.5 3
33 0.8575792909844758 2.7423415289001243 3
34 0.1411815394389009 2.864662272823323 4
35 0.8638818048739839 3.475929642290179 3
36 0.7921571119012483 3.5 3
37 0.7969654774921477 3.5 3
38 0.9487346601554905 3.5 3
39 0.21348586736762293 3.5 3
40 0.43981687969677313 3.5 3
41 0.6734965543247035 3.5 3
42 0.34200479036452747 3.5 3
43 0.556403490650894 3.5 3
44 0.08556411212280436 3.5 4
45 0.7625398073498757 3.5 3
46 0.07417218312244032 3.422092388236626 3
47 0.8381700198484662 3.5 3
48 0.9139437276153998 3.5 3
49 0.91254015883605 3.5 3
50 0.9365881494878253 3.5 3
51 0.9645918731792258 3.5 3
52 0.9668429534218652 3.5 3
53 0.8845254965128441 3.5 3
54 0.49331678854157607 3.5 3
55 0.29729243240225045 3.5 3
56 0.2748709942306469 3.5 3
57 0.14594352543044353 3.5 3
58 0.09806790027726464 3.5 3
59 0.14065626460099387 3.5 3
60 0.8888575570326915 3.5 3
61 0.6574582356859233 3.5 3
62 0.9471028046250434 3.5 3
63 0.15115070089126525 3.5 3
64 0.2895622972113744 3.440309233132859 3
65 0.3760211594244732 2.992404178988072 4
66 0.2084480956796624 3.135971915327449 3
67 0.2920624656367286 3.4421987498301094 4
68 0.8310806470937753 3.5 3
69 0.9343958878626593 3.5 3
70 0.9655567397328215 3.5 3
71 0.9555700880652312 3.5 3
72 0.5217585295335098 3.5 4
73 0.9705133936470234 3.5 3
74 0.4399182226130888 3.5 3
75 0.20115838051896598 3.5 3
76 0.2310629652444119 3.146175321194678 3
77 0.10713703960347015 3.39786266394284 4
78 0.2596907495127629 3.5 3
79 0.07706125302819805 3.5 3
80 0.7522482114772822 3.5 3
81 0.5972629531909773 3.5 3
82 0.9967032642395074 3.5 3
83 0.6924510393625537 3.5 3
84 0.728203578954646 3.5 3
85 0.8385654027024128 3.5 3
86 0.6525087538174491 3.5 3
87 0.8621041329813014 2.9670851755913317 3
88 0.8089329995574381 2.0402010977170724 4
89 0.8372030451860897 2.099971210417003 4
90 0.7901753213925542 2.604355445219582 4
91 0.8809206151668252 3.1018246239899163 3
92 0.8746737654941493 3.5 3
93 0.8358594269262872 3.5 3
94 0.8659524514934 3.5 3
95 0.7239344401254668 3.5 3
