16 0.3816344419718225 1.5 3
17 0.2705407750607892 2.5 3
18 0.24456957015514733 2.5 3
19 0.3233283666593911 2.5 3
20 0.6745795913624238 2.5 3
21 0.4476168220386571 2.5 3
22 0.5420998139366607 2.5 3
23 0.5921137595740502 2.5 3
24 0.3668572168428356 2.5 3
25 0.22977166936108992 2.5 3
26 0.09466148285728224 2.5 3
27 0.2023613567996774 2.5 3
28 0.3831915215043555 2.5 3
29 0.5139954987645102 2.1913223979153624 3
30 0.6156879286287444 2.4584619725857593 3
31 0.47229306006286614 2.5 3
32 0.1103292725036538 2.5 3
33 0.35834760892466594 2.5 3
34 0.6893547323210062 2.5 3
35 0.6998770334258111 2.5 3
36 0.8842405300201284 2.5 3
37 0.4479957673426284 2.5 3
38 0.4551229471436877 2.5 3
39 1.311549436834359e-05 2.5 3
40 0.0 1.98065976396294 3
41 0.30983667215358013 1.4999999999999272 3
42 0.46485931430599725 1.5584473764365976 3
43 0.1405267336381195 2.0742615988406836 3
44 0.1805857519446753 2.5 3
45 0.0060552493370245285 2.5 3
46 0.25635571739222873 2.5 3
47 0.18313460145398525 2.5 3
48 0.8553245525470045 2.5 3
49 0.4526718380859226 2.5 3
50 0.032803417851318836 2.5 3
51 0.03068775278580791 2.5 3
52 0.11338093045925259 2.5 3
53 0.31733935324012613 1.5595101070381134 3
54 0.4898793973896828 1.4999999999999927 3
55 0.7838438077895489 1.6705286858600594 3
56 0.7381827706206182 2.3152344234592674 3
57 0.0 2.5 3
58 0.0 2.5 3
59 0.23859069026896107 2.5 3
60 0.0 2.5 3
61 0.40001299685574937 2.5 3
62 0.0 2.5 3
63 0.23339791611538768 2.5 3
64 0.7232229683282352 1.5000000000000147 3
65 0.8793755170522477 1.6027703058717233 3
66 0.9278665431891111 1.9710449008720317 3
67 0.29788527058049485 2.4248682098926295 3
68 0.040116371879167306 2.5 3
69 0.34882230113447166 2.5 3
70 0.08360406005079506 2.5 3
71 0.06023031152298187 2.5 3
72 0.11420620158295712 2.5 3
73 0.1372772146272541 2.5 3
74 0.0 2.5 3
75 0.22899268957660235 2.2346353495846416 3
76 0.4293775320519887 1.9397780024949025 3
77 0.41999871381772425 2.1895484034827675 3
78 0.4405234607499042 2.051041498120685 3
79 0.2815256035791342 2.428783253122761 3
80 0.011587415541489423 2.5 3
81 0.4636029274254624 2.5 3
82 0.0002734685350023454 2.5 3
83 0.23596069458929247 2.5 3
84 0.004515950468493169 2.5 3
85 0.015536572893270135 2.2679616961799622 3
86 0.0015565044266291049 1.8823441022664191 3
87 0.3982241970589107 2.4769090915180567 3
88 0.0 2.5 3
89 0.6608472652723777 2.5 3
90 0.014507716563016056 2.5 3
91 0.18442177020224315 2.5 3
92 0.9074860306870718 2.5 3
93 0.9681369957045802 2.5 3
94 0.9024332249381738 2.5 3
95 0.9028705358927336 2.5 3
