3 0.5398620946296341 1.5 3
4 0.006397326985210968 2.5 3
5 0.0 2.8321510743936034 3
6 0.0 3.200379068567611 3
7 0.11668183813133716 3.6384252174879506 3
8 0.1779828248702891 4.041401854512312 4
9 0.1448023244597904 4.3530261520691305 4
10 0.07779978196668072 4.700852826082629 4
11 0.12103409549897612 5.040661496245052 4
12 0.12017922479661643 5.41443110234942 4
13 0.17694738640068047 5.5 4
14 0.39522430698604394 5.5 4
15 0.6128350048107989 5.325985464341687 4
16 0.6244717072818518 4.960658345912952 4
17 0.5729658998063897 4.89514490877989 4
18 0.5305504630296038 5.14556784564266 4
19 0.6192488954048742 5.161392318914571 4
20 0.5529334211287802 5.497175450766194 4
21 0.48523618567065585 5.5 4
22 0.500033533156873 5.5 4
23 0.5948088773680813 5.5 4
24 0.536696582203719 5.5 4
25 0.5318122231364499 5.5 4
26 0.7318535513468541 4.757398536093591 4
27 0.6555237583004736 4.936674073861305 4
28 0.5945633347072942 5.5 4
29 0.5907111930223413 5.5 4
30 0.5882104089391273 5.5 4
31 0.4688412047257961 5.5 4
32 0.2975062585546866 5.5 4
33 0.27907872041547677 5.5 4
34 0.3943018090147759 5.5 4
35 0.5021848023525305 5.5 4
36 0.45640472414489436 5.5 4
37 0.5631291019843611 5.5 4
38 0.5022003641398048 5.5 4
39 0.6388704535779628 5.387802581255965 4
40 0.6012056578294338 5.5 4
41 0.44342803071037734 5.5 4
42 0.49537113019644513 5.5 4
43 0.41207416010287673 5.5 4
44 0.18394940386898956 5.5 4
45 0.13767623521155295 5.5 4
46 0.39870815737268916 5.5 4
47 0.4525386323710736 5.5 4
48 0.2906795802063494 5.5 4
49 0.2692453089567687 5.5 4
50 0.18661520823728908 5.5 4
51 0.07344648870160225 5.5 4
52 0.04735961126608245 5.5 4
53 0.13864586460716674 5.5 4
54 0.18804053228204387 5.5 4
55 0.2150886795384449 4.7599171824160225 4
56 0.3151604122475805 4.559220314670398 4
57 0.2694395437547282 4.506725113121589 4
58 0.1786032632637586 4.497586424649031 4
59 0.1238280523787647 4.632428352405652 4
60 0.1253159447767448 4.847721903856102 4
61 0.21239666949285316 5.118063882102477 4
62 0.4589959942639917 5.386273395685785 4
63 0.5172312424137949 5.5 4
64 0.6062792483432298 5.5 4
65 0.38308817231573944 5.5 4
66 0.16510766416725217 5.4687698335644015 4
67 0.17178708813860455 5.5 4
68 0.09140717378393744 5.5 4
69 0.15597195051570467 5.5 4
70 0.20911427996681792 5.5 4
71 0.16374169891286283 5.5 4
72 0.16201081944117016 5.5 4
73 0.33488832927045076 5.5 4
74 0.36834021811976086 5.5 4
75 0.6645983302089559 5.5 4
76 0.3172236178353184 5.5 4
77 0.3013871210527716 5.443448900998497 4
78 0.3318609354736048 5.335773751551387 4
79 0.428484348579362 5.249171973846082 4
80 0.6268213033445168 4.937687111221181 4
81 0.703340348092679 4.720614194541588 4
82 0.4785242269764563 4.680055345251923 4
83 0.3794600488885523 4.792772860028243 4
84 0.701614972123758 4.850248846808477 4
85 0.6000299101036064 4.761597911500416 4
86 0.4575963641361625 4.9307341176905615 4
87 0.7281769924006888 5.163571073570958 4
88 0.7889869475176793 5.4432268646269515 4
89 0.7278320106522782 5.5 4
90 0.6015971286779103 5.5 4
91 0.7319262532396965 5.5 4
92 0.8404410578310377 5.5 4
93 0.7591426390655582 5.5 4
94 0.2802876513727735 5.5 3
95 0.016260777632620325 5.5 3
