12 0.021322745490909643 1.5 3
13 0.0 2.5 3
14 0.20978636942377424 2.7458638792332386 3
15 0.2649956871969132 3.1765210902496603 3
16 0.0007735101452149338 3.5 3
17 0.462942551379866 3.5 3
18 0.11806167610364493 3.5 4
19 0.0 3.5 3
20 0.309824937575249 3.5 3
21 0.47182049324430897 3.5 3
22 0.6954325992036657 3.5 3
23 0.6346507298483423 3.5 4
24 0.5444845420730188 3.5 3
25 0.010328691271190064 3.5 3
26 0.5902217084867541 3.0644130694682064 4
27 0.8823612171524948 2.6461838930179367 3
28 0.8914956302273664 3.0009407583328103 3
29 0.9542410016071539 3.4895941138161577 3
30 0.8105306754766652 3.5 3
31 0.42927302205339396 3.5 4
32 0.06030335569915747 3.5 3
33 0.11465652885978675 3.5 3
34 0.35028125159641443 3.5 3
35 0.3514359756023102 3.5 3
36 0.703568626875503 3.5 3
37 0.34191083030401065 3.5 3
38 0.2836453177710586 3.42340599687153 3
39 0.5080644261757201 2.960408330161263 4
40 0.7045382007088712 3.4715825116065826 3
41 0.004083547907567373 3.5 3
42 0.7377946400151519 3.5 3
43 0.7895721562556594 3.5 3
44 0.6151949830222825 3.5 4
45 0.29703627326836357 3.5 3
46 0.2676657227257623 3.5 3
47 0.06067432950855256 3.5 3
48 0.7822962772290185 3.5 3
49 0.7087952075883326 3.5 3
50 0.6158466398298024 3.4438308189068265 4
51 0.5099631840506148 3.141835327271292 3
52 0.23775470509565813 2.9799018196624676 4
53 0.8068118725988321 3.4243365227747637 3
54 0.7530397903712803 3.5 3
55 0.4926148875921654 3.5 3
56 0.08953486894195965 3.5 3
57 0.000698282405084917 3.5 3
58 0.0 3.5 3
59 0.0 3.5 3
60 5.951728768057135e-05 3.5 3
61 0.16571360571131283 3.5 3
62 0.13346128892852793 2.713744255351252 4
63 0.6378542501074596 2.942048530405693 3
64 0.4217074748874077 3.4120830038677594 3
65 0.44214189530290626 3.5 3
66 0.6301045503925251 3.5 3
67 0.7058660919089679 3.5 3
68 0.9652747447532388 3.5 3
69 0.8553698612703705 3.5 3
70 0.9171522186657618 3.5 3
71 0.6261254095356147 3.5 3
72 0.2588436382182383 3.5 4
73 0.7311823275752485 3.223754336823724 3
74 0.8670744531287119 2.966677160857376 3
75 0.12297649749021435 3.184365455460822 4
76 0.8747199179838374 3.059137125576497 3
77 0.6677775801147351 3.401337801413087 4
78 0.5260601890654817 3.5 3
79 0.006723383416531723 3.5 3
80 0.0 3.5 3
81 0.07468329997971498 3.5 3
82 0.0 3.5 3
83 0.040993238750383326 2.7868769549444115 3
84 0.05370255737176073 2.905490852597504 3
85 0.11066992521763529 3.5 3
86 0.012878764134504863 3.5 3
87 0.0 3.5 3
88 0.15148684693714815 3.5 3
89 0.0004767559578482985 3.5 3
90 0.821942621854346 3.5 3
91 0.9219068201771989 3.5 3
92 0.8771799076624492 3.5 3
93 0.7597929795450223 3.5 3
94 0.7007738247464099 3.5 3
95 0.6842944500015312 3.5 3
