12 0.3039669275595326 1.5 3
13 0.6889395124720442 2.5 3
14 0.39722018136357884 2.8926412936861654 3
15 0.18897472787681663 3.2257170118976393 3
16 0.38604540056418063 3.5 3
17 2.123312062719696e-05 3.5 3
18 0.5054818136738952 3.5 4
19 0.0 3.5 3
20 0.028738631880743343 3.5 3
21 0.0 3.5 3
22 0.32151905018363625 3.5 3
23 0.20352275560049005 3.5 3
24 0.01922659423321539 3.5 3
25 0.14075263099150112 3.5 3
26 0.1028296554206492 2.69123711601409 4
27 0.15541996651726964 2.5620605369613294 4
28 0.297943440133445 2.8755259886101086 3
29 0.45646875383432206 3.348534645820833 4
30 0.6100541834518998 3.5 3
31 0.42760846729664376 3.5 3
32 0.08351728213054849 3.5 3
33 0.10932005540561159 3.5 3
34 0.40917109342864805 3.5 3
35 0.4324086288587833 3.5 3
36 0.6975884502132691 3.5 3
37 0.3010853709295417 3.5 3
38 0.4179399320466127 3.404214582848996 3
39 0.21823059852654575 2.9294383776691175 4
40 0.0 3.4358388134609705 3
41 0.0 3.5 3
42 0.14203886835439192 3.5 3
43 0.012185715867638081 3.5 3
44 0.021021046417063465 3.5 3
45 0.13949293353549383 3.5 3
46 0.5994129458119604 3.5 3
47 0.0 3.5 3
48 0.29904216370092407 3.5 3
49 0.06092566634518045 3.5 3
50 0.6924336072712044 3.36175557828453 4
51 0.41916784567198545 2.9954113900948505 3
52 0.633507353763553 2.8803945451594117 4
53 0.02930026746640181 3.3293838733250523 3
54 0.6492598658219827 3.5 3
55 0.3821466848704253 3.5 3
56 0.03597476141810426 3.5 3
57 0.0 3.5 3
58 0.00912702214182289 3.5 3
59 0.0 3.5 3
60 0.0 3.5 3
61 0.0 3.5 3
62 0.003606464140982141 3.5 3
63 0.02946205461815184 3.5 3
64 0.0 3.5 3
65 0.2617464082877614 3.5 3
66 0.4671200650378276 3.5 3
67 0.0 3.5 3
68 0.2065211425214722 3.5 3
69 0.30088356163125496 3.5 3
70 0.0 3.5 3
71 0.0 3.5 3
72 0.0 3.5 3
73 0.672527384134533 3.5 3
74 0.025377924571794837 3.5 3
75 0.34112011334573233 3.5 3
76 0.5299906819604595 3.5 3
77 4.378033270742782e-06 3.5 3
78 0.44508959447492424 3.5 3
79 0.2579230882024004 3.049781263037716 3
80 0.5527195696673705 3.264256904984679 4
81 0.42210036609387674 3.44316059295529 3
82 0.4832555641633922 3.5 3
83 0.08490729663638007 3.5 3
84 0.6858394501045796 3.5 3
85 0.2205919712658938 3.5 3
86 0.5650820492131048 3.5 3
87 0.21438792402433676 3.5 3
88 0.11566434145908129 3.5 3
89 0.036819591701446205 2.738126722486297 3
90 0.6589276427356661 1.981037594497 4
91 0.781984367180749 1.7863499809613277 4
92 0.7762623557680408 1.4999999999997962 4
93 0.6706800417014914 1.4999999999998543 4
94 0.9145888516927855 2.0909938729376885 3
95 0.9253027423965767 2.7166641173628743 3
