8 0.2704229509838606 1.5 3
9 0.07187773644802929 2.5 3
10 0.2069933415886027 2.857255917286339 3
11 0.1487557766508159 3.209051726643629 3
12 0.14621830065481692 3.5682095758460948 3
13 0.4302248070916497 3.894717729656093 4
14 0.2722064576908285 4.21482125146756 4
15 0.2830200010576256 4.5 4
16 0.38440229660300446 4.5 4
17 0.358277882062138 4.5 4
18 0.28972628411885326 4.5 4
19 0.2603325486376252 4.5 4
20 0.12014855948418283 4.214462418924295 4
21 0.43496119981360226 4.015646925064001 4
22 0.2566523979428961 4.3056125992201455 4
23 0.22467017845852194 4.271348462921633 4
24 0.1900005045395713 4.5 4
25 0.2875845459960649 4.5 4
26 0.441878107617263 4.5 4
27 0.5333147932157561 4.5 4
28 0.4557430044119264 4.5 4
29 0.42469099009991457 4.5 4
30 0.6127352637498867 4.013114361471267 4
31 0.5482981062290644 3.944379924701803 4
32 0.6061180072733572 4.5 4
33 0.538663269265363 4.5 4
34 0.4728536890295575 4.5 4
35 0.3348697392541424 4.5 4
36 0.2704241841322681 4.5 4
37 0.25612885817448805 4.5 4
38 0.14708401224622714 4.5 4
39 0.20110855624893328 4.5 4
40 0.31804496952029876 4.5 4
41 0.23078455265540312 4.5 4
42 0.1268672675731083 4.5 4
43 0.19702857023491926 4.4307583605271645 4
44 0.26915296555439444 4.5 4
45 0.19502897685234982 4.5 4
46 0.35026412651507494 4.5 4
47 0.36937967962887097 4.5 4
48 0.3465924786045823 4.5 4
49 0.4653945198168088 4.5 4
50 0.5305561636468181 4.5 4
51 0.519944255367858 4.5 4
52 0.5116482822524325 4.5 4
53 0.6429896869639341 4.5 4
54 0.5454768312696308 4.5 4
55 0.40043898047567233 4.5 4
56 0.5058818690181013 4.5 4
57 0.4081770908585502 4.5 4
58 0.4292527281172022 4.5 4
59 0.37447244858557294 3.6750172245014694 4
60 0.37998949859257664 2.8067343417840456 4
61 0.23811709357872943 2.183635960044987 4
62 0.25379300738650845 2.7745051015826903 4
63 0.16428431055742684 3.372239075627156 4
64 0.2546644278399386 4.0220940788692605 4
65 0.30842639809630634 4.5 4
66 0.23312834980436845 4.5 4
67 0.28611601901014866 4.5 4
68 0.2478168558308277 4.5 4
69 0.25178458676508064 4.5 4
70 0.34865772981708437 4.5 4
71 0.39473920996753753 3.8662938082350884 4
72 0.3942868124390128 3.2188061683761333 4
73 0.2575769431912084 2.962417262827934 4
74 0.22119506419607388 2.8374547691824556 4
75 0.21146667969066574 2.6984172689124972 4
76 0.2585436774690333 2.6659446078639886 4
77 0.3237210541142873 2.506218036614766 4
78 0.41871183838286924 2.2859635764202686 4
79 0.528841337570228 2.167859673693005 4
80 0.5579557846252495 2.5615329336813883 4
81 0.6180665289258355 2.9880255312480295 4
82 0.5991577338009277 3.3510566928014303 4
83 0.5993972224255566 3.7354911687590793 4
84 0.5448157430839309 4.128579010415968 4
85 0.409290387486805 4.5 4
86 0.3640244516393782 4.5 4
87 0.41178870962645536 4.5 4
88 0.48945621579873266 4.5 4
89 0.6206310926609648 4.5 4
90 0.6871156523402697 4.5 4
91 0.6665754159193596 4.5 4
92 0.6640630072429384 4.5 4
93 0.5984058049474547 4.141255513997705 4
94 0.5980617211245571 4.131364488846069 3
95 0.8824670024067471 4.5 3
