8 0.3590085640941387 1.5 3
9 0.13019447030975267 2.5 3
10 0.16638177974677446 2.8719205609498557 3
11 0.07765803176430153 3.252003880447106 3
12 0.0472148535927746 3.686114381452213 3
13 0.40509151835887547 4.1489811044741405 4
14 0.6596146992135496 4.4670413688693955 4
15 0.39607773955428577 4.5 4
16 0.37878515847985006 4.5 4
17 0.4584981837658538 4.5 4
18 0.23967391382364522 4.5 4
19 0.442986832180659 4.375695794459393 4
20 0.22479786195541715 4.028809936744572 4
21 0.36078854661619014 3.8873760930753196 4
22 0.2556031601674668 4.18306038135448 4
23 0.25481659431879644 4.174095245808395 4
24 0.24631000061345135 4.5 4
25 0.2898416800735376 4.5 4
26 0.228429188460669 4.5 4
27 0.05604818852824885 4.5 4
28 0.4284129448255653 4.5 4
29 0.572572249762277 4.5 4
30 0.3755449706162478 3.9469488231001923 4
31 0.35989405175123573 3.9582138841865526 4
32 0.37314838725081567 4.5 4
33 0.42086792815938495 4.5 4
34 0.33483298830293956 4.5 4
35 0.1944472087082586 4.5 4
36 0.26924451333440036 4.5 4
37 0.36131828946799044 4.5 4
38 0.237733401386317 4.5 4
39 0.07533320800759184 4.5 4
40 0.06628922592983998 4.5 4
41 0.21833879866981756 4.5 4
42 0.2961798195671144 4.5 4
43 0.3130883286732563 4.446173246998704 4
44 0.10446220770062525 4.5 4
45 0.13538058863845395 4.5 4
46 0.26247234899752514 4.5 4
47 0.21909477398146626 4.5 4
48 0.1482655698193179 4.5 4
49 0.38619399648917296 4.5 4
50 0.6149376852945486 4.5 4
51 0.6091260195527546 4.5 4
52 0.21463713471391316 4.5 4
53 0.31941716827618966 4.5 4
54 0.13920687693421266 4.5 4
55 0.2034406478744654 4.5 4
56 0.33078693409747933 4.5 4
57 0.3455843581164476 4.5 4
58 0.392426694782818 4.5 4
59 0.38493158944092 3.6585687635107895 4
60 0.3650444628916062 2.7998971968113473 4
61 0.3676726437231393 2.1774835241548427 4
62 0.2683099571318959 2.77219529653393 4
63 0.3254839916047115 3.368834234715723 4
64 0.20917741257681707 4.016013786180817 4
65 0.022879459486939868 4.5 4
66 0.017775853702648767 4.5 4
67 0.032288141077990766 4.5 4
68 0.12580263873016612 4.5 4
69 0.14637566252401848 4.5 4
70 0.08954290949814932 4.5 4
71 0.1882677196051394 3.735038042930246 4
72 0.2573746631833977 3.0363034522497183 4
73 0.18438400998565255 2.7695140244378997 4
74 0.09922820029931245 2.6643917358751352 4
75 0.12963495620631904 2.642591448718784 4
76 0.08684254102886582 2.6308466785650233 4
77 0.33126024184647507 2.4850477977854606 4
78 0.2742414993430583 2.345279125738729 4
79 0.4913257088394174 2.2096885729539792 4
80 0.5931026999719995 2.6215499567647202 4
81 0.5510754396540539 3.0349461839149883 4
82 0.5977245953611189 3.4092291932025254 4
83 0.6507795071899116 3.788944692928373 4
84 0.6631313224482174 4.1871987051602915 4
85 0.6311495747625611 4.5 4
86 0.6417896789559318 4.5 4
87 0.6820812181646512 4.5 4
88 0.7762566697529789 4.5 4
89 0.6764096246173306 4.5 4
90 0.625658993049058 4.5 4
91 0.7803201391175196 4.5 4
92 0.8119421095132112 4.5 4
93 0.7123322989401191 4.146428023670801 4
94 0.2797665671903773 4.14311896573256 3
95 0.011386070519553494 4.5 3
