16 0.134235201581917 1.5 3
17 0.0 2.5 3
18 0.7975277030734441 2.5 3
19 0.0 2.5 3
20 0.27050781507095184 2.5 3
21 0.2259972589769596 2.5 3
22 0.7434474806036655 2.5 3
23 0.79192987315119 2.5 3
24 0.5109839175185302 2.5 3
25 0.13589749543806703 2.5 3
26 0.09058752814361683 2.1154610848495286 3
27 0.2096817009984855 1.9769226971620555 3
28 0.5889356622766121 2.2385985678497997 3
29 0.11320727850724428 2.1627639173256394 3
30 0.10502688384837273 2.5 3
31 0.02860288799816392 2.5 3
32 0.6275579329878204 2.5 3
33 0.6196983879607931 2.5 3
34 0.5454186500087999 2.5 3
35 0.09609124190411898 2.5 3
36 0.37103466075893154 1.726875779378228 3
37 0.02283248773239694 1.8747934572113518 3
38 0.0031209029886690243 2.4788706440434907 3
39 0.02721728521472844 2.5 3
40 0.026363831254958885 2.5 3
41 0.9542518887647867 2.5 3
42 0.39171235987456726 2.5 3
43 0.0814728630257151 2.5 3
44 0.24864839428197924 2.5 3
45 0.22236794454561123 2.5 3
46 0.6252842372099643 2.5 3
47 0.00479007861701644 2.5 3
48 0.0 2.5 3
49 0.1904835548690006 2.42284851781364 3
50 0.12206949822752762 2.5 3
51 0.6867714322600987 2.5 3
52 0.2290015573063469 2.5 3
53 0.5281413114907391 2.5 3
54 0.18774544546060196 2.5 3
55 0.0026840579581205834 2.5 3
56 0.5697501964577287 2.5 3
57 0.3587811896311229 2.5 3
58 0.41960176302316343 2.5 3
59 0.4322394211005775 2.5 3
60 0.658171448888105 2.5 3
61 0.6675217038170291 2.5 3
62 0.5040159732105857 2.5 3
63 0.08385421746259665 2.5 3
64 0.08838391455765195 2.5 3
65 0.09562625272530917 2.5 3
66 0.34703479416229116 2.5 3
67 0.4522895880667504 2.5 3
68 0.6261874750811333 2.5 3
69 0.7388648649776757 2.5 3
70 0.3897405401842377 2.5 3
71 0.1083460052026856 2.4256343178702666 3
72 0.0031446781824069326 2.5 3
73 0.19733655515938517 2.5 3
74 0.265373656558141 2.5 3
75 0.7982738525160119 2.5 3
76 0.6296671556679261 2.5 3
77 0.2831614765350638 2.5 3
78 0.0 2.5 3
79 0.21957559289187087 2.5 3
80 0.40227829895130657 2.5 3
81 0.48951961583566195 2.5 3
82 0.8128956728588236 2.167922407983075 3
83 0.6028585168179444 2.43382891657071 3
84 0.1297874624637141 2.5 3
85 0.8461951176950575 2.5 3
86 0.8590403609630081 2.5 3
87 0.8073812141750221 2.5 3
88 0.5416120621839667 2.5 3
89 0.24687057206902208 2.5 3
90 0.30581859960290303 2.5 3
91 0.6819341532170464 2.5 3
92 0.5196366808476808 1.8046912542094942 3
93 0.48384965957493015 1.5 3
94 0.6023385931404991 1.5000000000001454 3
95 0.6910085314283047 1.5000000000000728 3
