8 0.5677737012766573 1.5 3
9 0.6710813917086085 2.5 3
10 0.7502260550160861 2.979248178345988 3
11 0.2712595151413407 3.4803745635308023 3
12 0.0033389811915022017 3.979312360340227 3
13 0.0 4.465539890428266 3
14 0.44843631640464926 4.5 4
15 0.568888085775428 4.5 4
16 0.3182539744523174 4.5 4
17 0.48148495167838695 4.5 4
18 0.640595908688342 4.5 4
19 0.5040713413946897 4.5 4
20 0.45673356861968695 4.189395785577956 4
21 0.5270151279015389 4.5 4
22 0.22430340276327515 4.5 4
23 0.23180598739520772 4.5 4
24 0.22492075253679547 4.5 4
25 0.19345513031365666 4.5 4
26 0.1480671530622325 4.5 4
27 0.10693257417326756 4.5 4
28 0.19145893193945526 4.5 4
29 0.17562961111564607 4.5 4
30 0.2387669044843463 4.5 4
31 0.8195001629653571 4.5 4
32 0.5372242388978155 4.5 4
33 0.4913699460391358 4.5 4
34 0.550851655166607 4.5 4
35 0.4999069325227862 4.5 4
36 0.48565670015811746 4.5 4
37 0.3468277962060411 4.5 4
38 0.10656879836696606 4.5 4
39 0.5202855408766732 4.5 4
40 0.5609845686844707 3.645728156976242 4
41 0.3283393808476643 3.732276318660173 4
42 0.13866865788060084 3.91147359845318 4
43 0.09191748137426009 4.028912110860016 4
44 0.16074336450059618 4.425084228758162 4
45 0.27881941418483164 4.5 4
46 0.34144139347067204 4.5 4
47 0.2869639480428293 4.5 4
48 0.16717658906659846 4.5 4
49 0.0751810866000688 4.5 4
50 0.4199529818820335 4.256907692922505 4
51 0.3312261437822129 3.970734960226866 4
52 0.1949444968675543 4.223088996039973 4
53 0.06120268543466121 4.5 4
54 0.1513633630010683 4.5 4
55 0.3209647534181867 4.5 4
56 0.3254115463121341 4.5 4
57 0.2848740484130437 4.5 4
58 0.1181641082117259 4.5 4
59 0.2126454296348317 4.5 4
60 0.21010994968556693 4.5 4
61 0.16840276785935573 4.5 4
62 0.29101606084701254 4.5 4
63 0.48015315011148824 4.5 4
64 0.4763942396499554 4.5 4
65 0.665750333533613 4.5 4
66 0.27232424603629357 4.5 4
67 0.01175226346909993 4.5 4
68 0.1745593178593622 3.29791987817749 4
69 0.18558984598696343 3.0163819142784924 4
70 0.14472950340529264 3.4861214219082903 4
71 0.08206459787963753 4.001896048012073 4
72 0.058110829190760174 4.5 4
73 0.1941579217427036 4.5 4
74 0.14317911568466674 4.5 4
75 0.09987321252930831 4.5 4
76 0.23941618722884297 4.5 4
77 0.2915496199106248 4.5 4
78 0.23863115481987385 4.5 4
79 0.2516782663646248 4.5 4
80 0.2687337224772145 4.499184554423584 4
81 0.31903997661628086 4.5 4
82 0.4423225418077804 4.5 4
83 0.38403987898676695 4.5 4
84 0.31114272483186184 4.5 4
85 0.31677106857473514 4.5 4
86 0.4800023542694546 4.5 4
87 0.37174043664648565 4.5 4
88 0.08144461428759299 4.5 4
89 0.08408328330907092 4.5 4
90 0.22202159391491316 4.1380486186333005 4
91 0.7345187139357139 4.230190839620846 4
92 0.7242225076371782 4.5 4
93 0.3416318726527779 4.5 4
94 0.030923625735530022 4.5 3
95 0.4397494809922553 4.5 3
