8 0.2747033908397197 1.5 3
9 0.13370981615429875 2.5 3
10 0.0 2.874634117123844 3
11 0.0016719126671716602 3.2892074336220847 3
12 0.08551374601987556 3.6164100183757326 3
13 0.3982337395218905 3.9717593945332683 4
14 0.2857326772648806 4.396636767235224 4
15 0.36780863839800865 4.5 4
16 0.2605849059902392 4.5 4
17 0.4302284437554335 4.5 4
18 0.5260354620850335 2.9606338226745175 4
19 0.618752424421853 2.803798769181973 4
20 0.6144410898109004 3.234692834751928 4
21 0.5056066252247918 3.7412311288496785 4
22 0.5401955106643074 4.264973674667756 4
23 0.634745583311616 4.5 4
24 0.4918810480950956 4.5 4
25 0.4900015580277607 4.5 4
26 0.56058191320389 4.5 4
27 0.6642395478876376 4.5 4
28 0.6407815857549107 4.5 4
29 0.5859518824449075 4.5 4
30 0.6468564720883336 4.403658983703103 4
31 0.6920240332898275 4.5 4
32 0.4840988573995513 4.5 4
33 0.5269950258388272 4.5 4
34 0.5899081330547122 4.5 4
35 0.5084503372013467 4.5 4
36 0.388098186047752 4.5 4
37 0.3326551625647268 4.5 4
38 0.2831722606464544 4.5 4
39 0.28636831817989694 4.5 4
40 0.31867155460717195 4.330406275721573 4
41 0.3593241842998626 4.29158468151663 4
42 0.27187435131179155 4.5 4
43 0.2984099676278309 4.5 4
44 0.3673056781778798 4.5 4
45 0.3621767200721439 4.5 4
46 0.4115830157437008 4.5 4
47 0.5389317951473878 4.5 4
48 0.4520769147862773 4.5 4
49 0.5363389093020473 4.5 4
50 0.6389702077858911 4.5 4
51 0.3947378316286662 4.297517887581256 4
52 0.519861054337276 4.0707635064717245 4
53 0.49879972199971895 4.197748636951248 4
54 0.3481869659599999 4.440493863101677 4
55 0.3385053796287973 4.5 4
56 0.3716458950822292 4.5 4
57 0.3082300663097191 4.5 4
58 0.2383570492630602 4.5 4
59 0.3154097236187998 4.263998377446274 4
60 0.5051895814918996 3.713193330804956 4
61 0.39592800309052706 3.6008052275075753 4
62 0.27397094511493025 3.554515948771288 4
63 0.19494031234060422 3.516266762844396 4
64 0.35767618379973354 3.5113200198889025 4
65 0.32760835507702774 3.5613831157226596 4
66 0.03109899435894996 3.701363825595472 4
67 0.17698095834392458 3.9265028800022193 4
68 0.0963457921626294 4.195704168691133 4
69 0.06780695938539923 4.2849555249880575 4
70 0.12956663645455307 3.94710083274066 4
71 0.12307369640404289 4.271730617943336 4
72 0.17486926210680187 4.5 4
73 0.14681188902495668 4.5 4
74 0.12961610998490153 4.5 4
75 0.19762003806143214 4.5 4
76 0.2719944199126067 4.5 4
77 0.27724727915335406 4.5 4
78 0.3166008737615936 4.5 4
79 0.6210843865165875 4.5 4
80 0.7783248291793582 4.5 4
81 0.7399196014127847 4.5 4
82 0.6337251778397914 4.5 4
83 0.6650644757612226 4.5 4
84 0.6053260547932767 4.5 4
85 0.6019674420408795 4.5 4
86 0.6169462861361565 4.5 4
87 0.650201251485346 4.5 4
88 0.6910682216433923 4.5 4
89 0.7347694921586276 4.5 4
90 0.7581078692400327 3.774742995273773 4
91 0.7019796396121404 3.7194760637637083 4
92 0.6127564329628803 3.841447326152556 4
93 0.5970605966460615 3.8889131913675663 4
94 0.7554261751440396 4.24254027386925 3
95 0.020569431490983673 4.5 3
