3 0.21483565423184808 1.5 3
4 0.4702760635563512 2.5 3
5 0.0005019929043468062 2.8446151577165804 3
6 0.7010099205647903 3.266718260180129 3
7 0.09018201514482369 3.664893344907484 3
8 0.24109195642837822 4.01629744329216 4
9 0.2033546420329575 4.311321302034443 4
10 0.19220354215471486 4.678378459437254 4
11 0.1684434164568864 5.042551992945762 4
12 0.17646173318872732 5.455106193262735 4
13 0.23897851122791663 5.5 4
14 0.48562398897722303 5.5 4
15 0.44090756226711436 5.368533759285909 4
16 0.6660243652721829 5.013628450615497 4
17 0.598684811775776 4.9253347783082315 4
18 0.49197868840399706 5.231723011226073 4
19 0.5621748496636535 5.182970754188651 4
20 0.5572489168603336 5.5 4
21 0.5019773263108891 5.5 4
22 0.48295660059057205 5.5 4
23 0.5292367724239323 5.5 4
24 0.6883492098133144 5.5 4
25 0.6062882737789348 5.5 4
26 0.6173422487163872 4.813025154280877 4
27 0.5345566015566053 4.932825762553479 4
28 0.33644090218495154 5.5 4
29 0.24311912460490892 5.5 4
30 0.24588470648891458 5.5 4
31 0.41430237290337485 5.5 4
32 0.6033420881543488 5.5 4
33 0.5742188281892336 5.5 4
34 0.542386107777321 5.5 4
35 0.4404484772367573 5.5 4
36 0.3446189318570447 5.5 4
37 0.37033523977192223 5.5 4
38 0.41994923331396217 5.5 4
39 0.5896370475408583 5.357546929124706 4
40 0.4464487483717084 5.5 4
41 0.4140753239453649 5.5 4
42 0.41684565383055605 5.5 4
43 0.3939818721099007 5.5 4
44 0.5051329659894697 5.5 4
45 0.4514059302146434 5.5 4
46 0.32931713779447414 5.5 4
47 0.25423391213208724 5.5 4
48 0.33598020462350925 5.5 4
49 0.40103338589244253 5.5 4
50 0.10310691204070861 5.5 4
51 0.08809894739054411 5.5 4
52 0.06490308974054775 5.5 4
53 0.09878191125317 5.5 4
54 0.14020452663384067 5.5 4
55 0.23429879883088253 4.807125369040106 4
56 0.30320072095272377 4.610346650498883 4
57 0.3354977972384899 4.562301570879623 4
58 0.24771913947478058 4.535598170565543 4
59 0.23321648050019808 4.645913872100348 4
60 0.2504825093669199 4.86788517145683 4
61 0.3113341318794874 5.133542310797093 4
62 0.46211517910114885 5.405437637979376 4
63 0.4964257058092785 5.5 4
64 0.5371734325681752 5.5 4
65 0.5131456190560734 5.5 4
66 0.5237754241321863 5.426488218543047 4
67 0.31126847240143174 5.5 4
68 0.203361303006898 5.5 4
69 0.2594969632102495 5.5 4
70 0.25160360391648473 5.5 4
71 0.16886880629611364 5.5 4
72 0.10076260566823274 5.5 4
73 0.14079635069341706 5.5 4
74 0.23264939299772935 5.5 4
75 0.3638985554682071 5.5 4
76 0.42025403039018583 5.5 4
77 0.4049129773507346 5.449730248783962 4
78 0.47307772111106783 5.334108564463837 4
79 0.5629641123901422 5.227927654421772 4
80 0.5323920676275437 4.903119108240615 4
81 0.554777543651676 4.661733230019556 4
82 0.5315320255573678 4.601761275091819 4
83 0.5882186516777042 4.70238276192738 4
84 0.560285075681723 4.619915667842623 4
85 0.5178459827610161 4.595819716669692 4
86 0.48776554279458884 4.7642891700548065 4
87 0.49984416858890757 5.007051700652097 4
88 0.5471233099111905 5.285759205561262 4
89 0.591757825243297 5.5 4
90 0.6408197137145991 5.5 4
91 0.7810800460414838 5.5 4
92 0.8339302355098177 5.5 4
93 0.725524774159952 5.5 4
94 0.23989638567232976 5.5 3
95 0.42676427552289636 5.5 3
