8 0.29312452159935243 1.5 3
9 0.005866200519246385 2.5 3
10 0.008718714385737023 2.963658635788669 3
11 0.7798204095584395 3.4774963797759173 3
12 0.4890094947500868 3.9525202751741237 3
13 0.27911399182201463 4.411311760863692 3
14 0.4006044641175588 4.5 4
15 0.5097869261512343 4.5 4
16 0.3624478845017239 4.5 4
17 0.39839413788349515 4.5 4
18 0.5630906254536341 4.5 4
19 0.5062936294947699 4.5 4
20 0.5807520065295932 4.5 4
21 0.5001427388465337 4.423393688730008 4
22 0.5833152873048233 4.372047011559422 4
23 0.6579408563872263 4.3267839241325055 4
24 0.6077421336869357 4.277152795942296 4
25 0.6033000078571125 4.35424750431058 4
26 0.7141644055722731 4.315574373504608 4
27 0.64167186514135 4.396732690531593 4
28 0.6063525021985685 4.5 4
29 0.5595204246269228 4.5 4
30 0.7123505318705353 4.452238830798098 4
31 0.296777665866123 4.417152538332758 4
32 0.21210804465594452 4.5 4
33 0.20616800026317073 4.5 4
34 0.295601697439247 4.5 4
35 0.3858310706732973 4.5 4
36 0.41856968279024936 4.5 4
37 0.4095050933480452 4.5 4
38 0.6807536732086445 4.5 4
39 0.7096662634421766 4.5 4
40 0.5491495365187552 4.5 4
41 0.3530979530757498 4.5 4
42 0.34507708608664717 4.5 4
43 0.5208761714926846 4.235257620055236 4
44 0.44086955616531803 4.136014709455412 4
45 0.409962264131509 4.5 4
46 0.5519483173069027 4.5 4
47 0.6237861274846465 4.5 4
48 0.43563798031951223 4.5 4
49 0.5279379251150794 4.5 4
50 0.6327309013111347 4.5 4
51 0.6424093958697534 4.5 4
52 0.4335623472857183 4.035289321327582 4
53 0.3189326869162227 3.9927203274292697 4
54 0.2952516740085708 3.857567200107027 4
55 0.359493761933057 3.4197354099856674 4
56 0.425364804066621 3.40046462283421 4
57 0.3774893263557169 3.4575856999039387 4
58 0.3924589142169959 2.999701105438362 4
59 0.3909451330142251 3.4665323624505837 4
60 0.45494869143294814 4.069231368361798 4
61 0.2914462785439362 4.5 4
62 0.23745664527995455 4.5 4
63 0.2566517269352678 4.5 4
64 0.3583649665604391 4.5 4
65 0.4473961259848222 4.5 4
66 0.41987014641112796 4.5 4
67 0.22128675628317374 4.5 4
68 0.04690819012573423 4.5 4
69 0.0731003440213136 4.5 4
70 0.0875541019240997 4.281223230824631 4
71 0.10370566697863569 4.06909987013496 4
72 0.15176663769066487 4.389744918925441 4
73 0.17589303933677225 4.37023909927356 4
74 0.1773042387117589 4.5 4
75 0.1846948946155298 4.5 4
76 0.23264165314741256 4.5 4
77 0.3323933481401644 4.5 4
78 0.35181350371298753 4.5 4
79 0.5712987029804713 4.5 4
80 0.7634469711639863 4.146919012574857 4
81 0.7332028326686023 3.905765884923545 4
82 0.5620071421665267 4.493647130369878 4
83 0.4711122606173386 4.5 4
84 0.5275595566793333 4.5 4
85 0.5197327197832612 4.5 4
86 0.5256288333960636 4.5 4
87 0.5939250679052485 4.5 4
88 0.7040954716486442 4.5 4
89 0.7299398410405405 4.5 4
90 0.6007524924477341 4.5 4
91 0.5478738671279886 4.5 4
92 0.7068372107928428 4.5 4
93 0.7127453665044927 4.437839915023142 4
94 0.9871733453980447 4.5 3
95 0.891064705775231 4.5 3
