8 0.2101934559091504 1.5 3
9 0.007282754078178956 2.5 3
10 4.250483918789124e-05 2.9120081940196316 3
11 0.28870476094171355 3.301541775897005 3
12 0.06385463092451606 3.76304020799548 3
13 0.3946165943901124 4.204800874397692 4
14 0.6996837532917883 4.5 4
15 0.416654480433935 4.5 4
16 0.30998068313527005 4.5 4
17 0.39557600700046147 4.5 4
18 0.43791637166067554 4.5 4
19 0.4679548104275638 4.5 4
20 0.5629726590399212 4.5 4
21 0.17530081457640523 4.3762403136158206 4
22 0.2268150578300353 4.159371388941927 4
23 0.11858045236183994 4.097991755961109 4
24 0.20069402929882607 4.010684613322646 4
25 0.3805812771305591 4.067503356092457 4
26 0.47740725830434894 4.032324361610852 4
27 0.4944000513253182 4.094089741016854 4
28 0.5867273302152178 4.075774503498145 4
29 0.6908264493231714 4.051187633604139 4
30 0.7688635886803188 4.010666569383625 4
31 0.6732247300633695 4.105199485246052 4
32 0.5112765759936007 4.5 4
33 0.5096945036636931 4.5 4
34 0.3802195158863877 4.5 4
35 0.37963884594992015 4.5 4
36 0.39857161794941404 4.5 4
37 0.5020756365460741 4.5 4
38 0.6979099943154873 4.5 4
39 0.6154552875141758 4.5 4
40 0.4197936117288881 4.5 4
41 0.3342402490153545 4.5 4
42 0.37268019431531824 4.5 4
43 0.3904487721372638 4.244393480761566 4
44 0.4597191979320542 4.176584370043274 4
45 0.4434733834054344 4.5 4
46 0.4499052150630474 4.5 4
47 0.5595791932646647 4.5 4
48 0.5540829419671733 4.5 4
49 0.5420251659546329 4.5 4
50 0.6413042710868285 4.5 4
51 0.5528129127114971 4.5 4
52 0.3422354608590704 4.059287725924114 4
53 0.3349081131722934 4.037158434387224 4
54 0.5046705640055988 3.9120584432668037 4
55 0.41817267232814886 3.487135154537755 4
56 0.3412627606406946 3.422709638248758 4
57 0.39096815982529626 3.519589520317575 4
58 0.4642873541537306 3.0460057239513407 4
59 0.1698557718716421 3.5412090609531806 4
60 0.12706635097080832 4.13006341569269 4
61 0.170487088499004 4.5 4
62 0.3061859922803445 4.5 4
63 0.33417712217677836 4.5 4
64 0.38025807264965517 4.5 4
65 0.33276287422263073 4.5 4
66 0.173933923434742 4.5 4
67 0.04356285398714952 4.5 4
68 0.08012729837183467 4.5 4
69 0.11787677976482025 4.5 4
70 0.1548588094364023 4.345544377358557 4
71 0.26751275652536377 4.130900148705347 4
72 0.3461853072611025 4.440484153509344 4
73 0.22882053899530866 4.4548331532161685 4
74 0.2579133455717867 4.5 4
75 0.1438520852925956 4.5 4
76 0.1574988605774326 4.5 4
77 0.2507552159496459 4.5 4
78 0.2915608091656926 4.5 4
79 0.5743904249048656 4.5 4
80 0.7688547635130875 3.9179866408513333 4
81 0.6544402970099524 3.919635309430916 4
82 0.5938906748781682 4.5 4
83 0.5616661716664225 4.5 4
84 0.5313134840046092 4.5 4
85 0.5668713199101273 4.5 4
86 0.5354767743429918 4.5 4
87 0.5594208558848316 4.5 4
88 0.5047266236579036 4.5 4
89 0.6263069781514646 4.5 4
90 0.7328594782276989 4.5 4
91 0.8529892332966006 4.5 4
92 0.7629964318060098 4.5 4
93 0.7025855179170732 4.423802034369931 4
94 0.6077506224250021 4.5 3
95 0.7380862491182967 4.5 3
