3 2.575965769084249 0.8712080060712564 1.5 3
4 1.1715005528180287 0.8982966572024151 2.5 3
5 0.6908785623711688 0.7695623255331936 2.8683446696264308 3
6 2.555891967581359 0.7145473937429405 3.2905490135648474 3
7 1.8093463602829534 0.745800804073781 3.7288426734892295 3
8 0.9984511303764743 0.6112881792481064 4.071508669756596 4
9 0.7224178698736035 0.7413984088718722 4.339916950853051 4
10 1.2355524723796503 0.25715337394078924 4.632498127940025 4
11 1.5030245287559394 0.1916117513937952 4.946578205451078 4
12 0.943648235668137 0.6291587535609684 5.259800449174728 4
13 1.2552644139613909 0.5325090867363986 5.5 4
14 1.0227303344455052 0.48753874794020374 5.5 4
15 0.7508534854866387 0.6971986314979675 5.5 4
16 1.1062534614515238 0.4852629417217746 5.199979833748805 4
17 1.0162035198526977 0.48095578290359947 5.5 4
18 0.8684555772159444 0.5669845066792031 5.5 4
19 1.1687745521048916 0.525693561784064 5.5 4
20 1.0360375526194812 0.5955758420731947 5.5 4
21 0.8371692857490718 0.6595352840428949 5.5 4
22 0.892757939943543 0.6509264139727703 5.5 4
23 0.74333410978881 0.709143556468206 5.5 4
24 0.7458148415150383 0.6894311608269864 5.5 4
25 0.8904725947838292 0.6469004640122267 5.5 4
26 0.8340705004332332 0.6757459224378833 5.5 4
27 0.7853908217110659 0.7051654516465241 5.5 4
28 1.235096064926677 0.6152099562340451 5.5 4
29 1.3535241910488 0.6158371423121243 5.5 4
30 1.2868512353842219 0.5915396803252195 5.5 4
31 0.9374358542810022 0.7436875819637305 5.5 4
32 0.7200340224930963 0.8564191872961555 5.5 4
33 0.7594242036318084 0.7562376149842308 5.5 4
34 2.313454530322364 0.12332141833856072 5.5 4
35 3.155486202672077 -0.013581880961472847 5.5 4
36 1.3439644923677427 0.43053875963315635 4.773159436247916 4
37 0.821335163534278 0.7313696394952413 4.87054686389703 4
38 1.627794777768358 0.18598936176216183 5.14144688326001 4
39 1.7886764968666782 0.17539974318587703 5.195605353035302 4
40 1.5599110550679214 0.25233779427973413 5.5 4
41 1.7416729648158302 0.1809203088146492 5.5 4
42 1.8399159640059128 0.14454397779774403 5.5 4
43 2.348254257262484 0.07451010645115731 5.5 4
44 1.8957804424420681 0.18099646592487792 5.5 4
45 1.6756315871632124 0.25302663957358235 5.5 4
46 1.8617279044254484 0.1846588527182667 5.3111424231695565 4
47 2.0893858243201002 0.10259793039502561 5.057383071213459 4
48 1.3608996690452075 0.36130321643831165 5.308390202951982 4
49 1.0947655174264623 0.6353731137835033 5.5 4
50 0.922840423948605 0.7144071048257794 5.5 4
51 1.1455511682850865 0.6454856602758404 5.5 4
52 0.8568751991410064 0.779035239945946 5.5 4
53 0.7364874524224936 0.7031471517716209 5.5 4
54 0.8194947262769272 0.7399168990513463 5.5 4
55 0.9247102307629964 0.7496808171341006 5.5 4
56 0.7519863097203032 0.7604690559430933 5.5 4
57 1.075875725851942 0.5194836642626549 5.5 4
58 1.344436123871401 0.394578195387615 5.404107960182526 4
59 1.3065648858370498 0.4767951919994072 5.5 4
60 1.5085423695720905 0.39842099425535393 5.5 4
61 1.9062403754733879 0.20308433534949036 5.5 4
62 2.078329328701062 0.07790916524786673 5.5 4
63 2.669466639042458 -0.11530870677827436 5.5 4
64 2.480683823584555 -0.07509455732117455 5.5 4
65 2.351202420885693 -0.04546297333782738 5.5 4
66 2.2160625802767457 -0.060882545319227 5.5 4
67 1.826448738033081 -0.019776007598788295 5.5 4
68 2.4159889688380645 -0.12302881929857776 5.5 4
69 1.7768084920567988 0.1019694912056544 5.182392056515455 4
70 0.9049838024039669 0.6924991441514972 5.436069766718443 4
71 1.3413940618985487 0.4995285349064251 5.5 4
72 1.0253025336164665 0.6409096053864398 5.5 4
73 1.1386536785391996 0.5321556305524765 5.5 4
74 1.2247176820281398 0.42317665971527463 5.5 4
75 1.3881772774817769 0.29196569301389697 5.5 4
76 1.0993060771087286 0.4886411038518104 5.5 4
77 2.6760940435762466 0.1786698838914953 5.5 4
78 5.628689198238727 -0.05921502145814322 5.5 4
79 2.161771032157045 0.19269677222629553 5.5 4
80 3.376403803797137 0.3989320700930151 5.1415006644770616 4
81 0.8565590714285998 0.7098024520076996 4.304419004543321 4
82 0.6808968811358405 0.749912458532456 4.3206028761087945 4
83 0.8704038490948873 0.7060308990329186 4.826020696752559 4
84 1.2541122347661933 0.5957799146054047 5.3655162617104795 4
85 2.0050059437739156 0.4921679293137879 5.5 4
86 1.386972814795488 0.5428811226786496 5.5 4
87 1.2607176623061287 0.5548389203129283 5.5 4
88 1.2058379869191826 0.6365027372579097 5.5 4
89 1.1030582434045932 0.672117452703318 5.5 4
90 0.6072880598822463 0.8720291035459137 5.5 4
91 0.3846206666813057 0.9322947409591879 5.5 4
92 0.40192791088154856 0.9147861352248954 5.5 4
93 0.5176336883643833 0.8903518358908384 5.050763140918236 4
94 10.04301551230991 0.5741592074427834 4.757158786024374 3
95 22.31709127468115 -0.23476908519809894 4.667454919911907 3
