8 12.137216368278864 0.14603836542868792 1.5 3
9 18.47204609213007 -0.16546097356233622 2.5 3
10 11.519980053504556 0.10352667120690767 2.857255917286339 3
11 14.008043886014061 -0.003511851258741759 3.209051726643629 3
12 15.834783353372085 -0.03618655838103946 3.5682095758460948 3
13 1.3286035291129163 0.5380804939548739 3.894717729656093 4
14 2.563560532368868 -0.010821268063588114 4.2269709635078945 4
15 1.7919791760855244 0.018419340439603943 4.5 4
16 1.29602370987475 0.2904725857846961 4.5 4
17 1.1890615685420913 0.4234678759197753 4.5 4
18 1.3566419296606584 0.40422148368312494 4.5 4
19 1.4533694411793379 0.33517045497883147 4.495710543267393 4
20 1.7112181928310237 0.19632117893561404 4.197374813489448 4
21 4.324397733484194 0.2830098730311806 4.040566047256074 4
22 2.929087636658422 0.2843317125462869 4.342440649228091 4
23 4.012571437250079 0.25223910985427883 4.312405745760069 4
24 5.28463786707251 0.13613360692082319 4.5 4
25 1.889474220088319 0.38280174392248817 4.5 4
26 1.38689310397515 0.4524124693984772 4.5 4
27 1.0933893649970416 0.6479399904597098 4.5 4
28 1.1393144891778206 0.5901454688875306 4.5 4
29 1.165034990424087 0.5443953174091068 4.5 4
30 0.8519809569328389 0.7175202869950008 4.009427742957883 4
31 2.7982532569895406 0.6011451482260728 3.9465441461005284 4
32 0.997936847430597 0.6761640901256846 4.5 4
33 1.0529679233846219 0.680038923807804 4.5 4
34 0.9344789249291106 0.6825863713245233 4.5 4
35 1.0558934071374235 0.5832592463841132 4.5 4
36 1.5007416428078875 0.31062530651771303 4.5 4
37 1.3986676372533902 0.33763507246616253 4.5 4
38 1.820397800567763 0.08628258757623394 4.5 4
39 3.9454958281043346 0.1044200946879955 4.5 4
40 1.3764281316942242 0.3370536875369766 4.5 4
41 1.6540399356861686 0.20673337685948934 4.5 4
42 3.4556551291815802 -0.013453761195648643 4.5 4
43 1.9411805574512675 0.15604541561531038 4.467904862838703 4
44 1.4945324406055214 0.2953738284757753 4.5 4
45 5.328206731718574 0.07008605206043028 4.5 4
46 1.482623223675822 0.3689586657155346 4.5 4
47 1.4038112831259602 0.4620414941398936 4.5 4
48 1.2553920725181742 0.5016992214196935 4.5 4
49 0.9343483011271809 0.6606241815788729 4.5 4
50 0.90794243976939 0.6737264103949889 4.5 4
51 0.8424134022259544 0.6588181978759404 4.5 4
52 0.8531328396483877 0.7537061975178073 4.5 4
53 0.6733197998852161 0.8916604039866101 4.5 4
54 0.7880441801335403 0.7556447512171449 4.5 4
55 1.1951294910280739 0.5442618979637994 4.5 4
56 0.9069361909852685 0.712345127172186 4.5 4
57 1.023103323176069 0.6762321514892694 4.5 4
58 0.9352054246874264 0.7362300673276324 4.5 4
59 1.1397534261396443 0.7213475464938304 3.7214198047544196 4
60 1.1701131698380598 0.5883048246786167 2.9346861166666858 4
61 3.16637548273056 0.23239050642766 2.2450283498324644 4
62 2.8102213168004075 0.22307288739591125 2.8298781363866947 4
63 2.3038441584566174 0.021347038643759357 3.4289041680651717 4
64 2.4100176391023593 0.19432142848883596 4.068099717914723 4
65 1.8770974916791054 0.2270387429027758 4.5 4
66 2.2602929720670177 0.10658100414837202 4.5 4
67 1.517402151465772 0.3345337701602012 4.5 4
68 3.2919284631982446 0.23372548461738366 4.5 4
69 2.2764771341196317 0.3349263171526137 4.5 4
70 1.22949310508002 0.48543769336378734 4.5 4
71 1.0150152195787143 0.6686335041393019 3.9638563910865194 4
72 0.8527535240788566 0.688358665414527 3.309064183253984 4
73 1.3070706661531881 0.37810845507726903 3.019968772096079 4
74 1.5591036402217906 0.3281623348308335 2.9276965578115632 4
75 1.6943316585448756 0.25117737290481024 2.8019253614722257 4
76 1.5688556280108408 0.3752047197808807 2.7217661821030488 4
77 1.2372214036589462 0.5844041366291122 2.5941259791803604 4
78 0.9650004216414683 0.7369856433046814 2.3861390882459528 4
79 0.6515179577182826 0.8221544952516814 2.216289741649394 4
80 0.6991635763823636 0.7760448828169939 2.644333586536479 4
81 0.6192517928389076 0.8463946601687422 3.0740310101534414 4
82 0.6900281117511176 0.8136267777524092 3.437282491020771 4
83 0.6849068549051491 0.8241634293578474 3.8166849171899813 4
84 0.8599217194728501 0.7043187822402498 4.187327975644367 4
85 2.12165904801122 0.38869899383669765 4.5 4
86 5.028536541473098 0.3168890518326755 4.5 4
87 2.2750495517511515 0.4211286534009158 4.5 4
88 1.638663312334736 0.5477741051192754 4.5 4
89 1.3401181808522322 0.6718461737550857 4.5 4
90 1.5503914391626985 0.7652259346146338 4.5 4
91 0.8848488518273516 0.7518943937736229 4.5 4
92 0.6962511134778735 0.7610724475125947 4.5 4
93 0.9521768933082795 0.6912049422039092 4.2151684109831695 4
94 5.8457440301255845 0.6015837238188909 4.180329194281265 3
95 0.506994026917706 0.9278321308526457 4.5 3
