8 14.389990194482692 0.22939823088376027 1.5 3
9 22.40321311599899 -0.14445359979083824 2.5 3
10 23.005388308696613 -0.15570647988103128 2.963658635788669 3
11 1.367232818124278 0.8856356014744102 3.4774963797759173 3
12 6.031540214454213 0.5018133187203947 3.9525202751741237 3
13 13.633452029968065 0.19752642117197033 4.411311760863692 3
14 0.8404064441697718 0.7371359927511797 4.5 4
15 0.9902139644724537 0.6347200527906076 4.5 4
16 1.0053597804012568 0.5789233322661191 4.5 4
17 0.801966623190216 0.6744789353997237 4.5 4
18 0.9645368256900344 0.6309322310428878 4.5 4
19 0.8367759291548413 0.7062724097723742 4.5 4
20 0.5591859815689917 0.8855774907494123 4.5 4
21 0.718374519377246 0.7761873812941668 4.438980850256495 4
22 0.7576660089840361 0.7805657932337509 4.3843004043578 4
23 0.6247438645299059 0.8160077197732541 4.397367034626608 4
24 0.6035876582460968 0.7870538680641268 4.3690619145122405 4
25 0.6838120740712963 0.7566300444297691 4.466395759026549 4
26 0.6086413496833156 0.8317137705560105 4.5 4
27 0.8116857295071087 0.8037145807734496 4.5 4
28 0.8900015292659518 0.7414350287619662 4.5 4
29 1.058730238705433 0.6535586362822831 4.5 4
30 0.6302279431539315 0.7964243426359914 4.5 4
31 2.4635271172332835 0.1824052202638294 4.5 4
32 6.800011037224705 0.04221462251304422 4.5 4
33 6.695533822532757 0.11127994489528711 4.5 4
34 1.7952558052695204 0.34328621046170166 4.5 4
35 1.11230809704844 0.5492167482458311 4.5 4
36 1.0052227858060627 0.5543470013700601 4.5 4
37 1.1294124424031917 0.5355797033185054 4.5 4
38 0.6299211933292383 0.8529846119844539 4.5 4
39 0.5348548932536676 0.8468431273146227 4.5 4
40 0.7537151063034395 0.7978872535127096 4.5 4
41 1.3926646203563608 0.42881155526100145 4.5 4
42 1.5691459084444856 0.41937762594217426 4.5 4
43 0.8494661402182615 0.83289443442245 4.270393657675777 4
44 0.874763567712221 0.7581130477518369 4.151411373380768 4
45 1.0191770167121108 0.6719265337701693 4.5 4
46 0.9346493848916193 0.7056078770320902 4.5 4
47 1.077309798709157 0.6577077336625125 4.5 4
48 1.377475170707961 0.45875058971696203 4.5 4
49 0.9817045917590974 0.5743466809966926 4.5 4
50 0.8234345710746327 0.7501249724707739 4.5 4
51 0.8058614273644524 0.7852267478832763 4.5 4
52 1.089460699449643 0.6188779568106249 3.9580831455880543 4
53 1.4944749462551137 0.2514027009774651 3.8982125328201875 4
54 1.384441555542665 0.33627660315728536 3.76615735708124 4
55 1.1870915453478732 0.5504784007590516 3.317459886017881 4
56 0.9370286782327684 0.6725440089876408 3.2975504275465064 4
57 0.971261758613374 0.6982754492016601 3.3286146847419515 4
58 0.9142650342399614 0.6840261494856749 2.916489882259877 4
59 1.069416559485874 0.7553172627019646 3.3895411292936553 4
60 1.0552768463102504 0.7327806951464659 4.039152434153163 4
61 1.9971775034267623 0.3485014428140154 4.5 4
62 1.6709970410189596 0.21895810301624086 4.5 4
63 1.7651190433149146 0.07610303205745676 4.5 4
64 1.398573374249298 0.2976654229343635 4.5 4
65 1.09865234833679 0.6417289452061646 4.5 4
66 1.0030419440373608 0.5534686805600981 4.5 4
67 1.9620485423260368 -0.06580198131140211 4.5 4
68 6.33542159666303 -0.18943597859801375 4.5 4
69 5.877827656032054 -0.18651857615794595 4.5 4
70 2.7340925396772846 -0.198012975459012 4.24341280620548 4
71 2.845373645622094 -0.34093373475290967 4.051313372032455 4
72 3.84288137948789 -0.12301988533905862 4.3597060038863855 4
73 3.8120211170826517 0.06871276545756065 4.377436759282645 4
74 2.1679356036118493 0.1138398145548302 4.5 4
75 1.354901513015502 0.3687151001115051 4.5 4
76 1.499190517249862 0.38127526035471576 4.5 4
77 1.4630599072631236 0.46192557799193446 4.5 4
78 1.4598479361876633 0.44876455754371075 4.5 4
79 1.0686175925082448 0.6433041435407276 4.5 4
80 0.7586053198684866 0.7967607613466319 4.356817398869112 4
81 0.5938218969702884 0.8709234793256033 3.954875022712746 4
82 0.91395169240712 0.7043350833300198 4.5 4
83 1.8575395520690225 0.5183077291259273 4.5 4
84 0.9849812237888314 0.6403612068100242 4.5 4
85 0.9768204143813612 0.5981615583652714 4.5 4
86 0.9511219527604968 0.6479843503274351 4.5 4
87 0.8043616719773681 0.7314015540868543 4.5 4
88 0.7606010983746172 0.7964127588578438 4.5 4
89 0.684008341319565 0.7743152080192386 4.5 4
90 1.187476739081382 0.6433305047522945 4.5 4
91 1.3195811724697277 0.5956668907109659 4.5 4
92 0.6168903301921151 0.794020068297299 4.5 4
93 0.6158464708726159 0.8344106729816485 4.392031714891753 4
94 0.006370467483928444 0.9988657228568933 4.5 3
95 0.4519645490511479 0.9413441717460574 4.5 3
