16 3.7642218723043124 0.7106928024153144 1.5 3
17 8.806934651439835 0.4115751208694619 2.5 3
18 9.698244618829657 0.43913698748952235 2.5 3
19 8.228866382290125 0.3094013822546422 2.5 3
20 22.220745374900208 -0.20763599253448498 2.5 3
21 22.84717057814766 -0.1962304337319601 2.5 3
22 22.39261515094953 -0.24559799928065645 2.5 3
23 23.246700201308222 -0.18626424949034534 2.5 3
24 20.078221144437805 -0.18464060077113292 2.5 3
25 6.532637825160215 0.547298789288592 2.5 3
26 0.466810773338576 0.9840978653745759 2.2054108984573686 3
27 1.3382695988913937 0.9261260071794385 2.5 3
28 0.8213219184083194 0.946260421965689 2.5 3
29 14.936388407068481 0.28164433614745776 2.5 3
30 22.938085097127647 -0.16374562483301722 2.5 3
31 21.478169258395024 -0.13962384409593517 2.5 3
32 23.178417843452085 -0.2617209561200455 2.5 3
33 6.2745739544109025 0.6445656339625714 2.5 3
34 19.14988616001128 -0.07012256189986699 2.5 3
35 16.450068403242526 -0.07693325694696769 2.5 3
36 17.342798732356552 -0.07340610368104351 2.5 3
37 14.352609385679521 0.03676571550808473 2.5 3
38 18.736089987674298 -0.16084878845843903 2.5 3
39 3.9101537793287005 0.7176329520727107 2.5 3
40 15.476055651010284 0.08311316438434616 2.5 3
41 9.490269034088625 0.489042763890481 2.5 3
42 7.540763373032772 0.4384739924302911 2.5 3
43 5.389743382879569 0.3901952675571634 2.5 3
44 1.1887880609825858 0.8847553841738065 2.5 3
45 2.3180120716046995 0.8829591402461863 2.5 3
46 3.8585023570214556 0.7239103997832449 1.6910122818323943 3
47 1.4953797710768306 0.8336437974876071 1.7164962379387725 3
48 2.9122985484601625 0.7105589414929591 1.7356289584204205 3
49 1.3058611753224678 0.8928651737208309 1.850299380084929 3
50 2.587903864061423 0.7444626379964379 2.152159317747246 3
51 6.239366806686372 0.6380722769730107 2.4645849249588427 3
52 11.013833697151725 0.43306748486870955 2.5 3
53 11.849731262619253 0.2741581000018291 2.5 3
54 1.3204013646443027 0.8184024899712272 2.5 3
55 0.6664680350408299 0.8404462030230948 2.5 3
56 12.041736026965374 0.20368451730224538 2.173966415528535 3
57 0.7039049677894873 0.9179199124854613 1.8796354214480888 3
58 1.3951597545063592 0.9459934717075478 2.0987301070644095 3
59 15.32285833333869 0.1921167597565202 2.4883031815210344 3
60 22.819916652243087 -0.1421766951226688 2.5 3
61 6.408436652748788 0.5702477420469559 2.5 3
62 23.014117068601198 -0.19052665622534168 2.5 3
63 23.1700718729771 -0.25009985703240256 2.5 3
64 11.334639316973487 0.41264768448423367 2.5 3
65 21.916547843932843 -0.25910418804702956 1.8727172378806645 3
66 4.242324315042209 0.6371068575910392 2.231589510968421 3
67 5.100789023629819 0.5532132719704413 2.5 3
68 1.0589864149399029 0.8185099839429699 2.5 3
69 10.379675326029085 0.4726743565860566 2.5 3
70 1.7191935394014033 0.8536464540882305 2.5 3
71 14.68700656765554 0.023694004290646824 2.5 3
72 17.47393153909182 -0.013568893212380688 2.5 3
73 23.01746338785895 -0.20794169982010824 2.5 3
74 22.154241762128784 -0.26649323643118966 2.5 3
75 23.385928573274626 -0.2045707509664223 2.5 3
76 19.22267148644893 -0.17106234260516462 2.201610945001681 3
77 0.25206274107448134 0.9386419099695544 1.9592857665264747 3
78 2.100130119858987 0.8932826212486132 2.2434834411122284 3
79 11.476945018796812 0.3980731814178707 2.147646276950094 3
80 23.326536020358027 -0.15719777962205322 2.417889668237753 3
81 0.8856693648620375 0.9136295619004072 2.5 3
82 23.356871881867296 -0.17439948098204344 2.5 3
83 1.0302756177235954 0.909152586897891 2.5 3
84 5.981229782152637 0.6721019581618322 2.5 3
85 12.083722802180558 0.3253653335625999 2.5 3
86 0.34616011101301414 0.9101463280903117 1.6377981800833514 3
87 8.444096705322574 0.36709173304928366 1.881067194289615 3
88 8.971296062652389 0.383780529662838 2.4834776360764224 3
89 7.216977274100431 0.5377682215159659 2.5 3
90 0.5467644481700829 0.9616040686749883 2.5 3
91 0.7393234364650176 0.8844333855763181 2.5 3
92 0.08459828500797606 0.992242120236993 2.5 3
93 3.949812819120643 0.7393052138502341 2.5 3
94 0.04159808053987035 0.9832539973183466 2.5 3
95 0.04150891864422235 0.9911968454310011 2.5 3
