3 3.651296125350016 0.6237327897308645 1.5 3
4 4.762616146066168 0.4666577642303103 2.5 3
5 1.480789200187135 0.7520880057547273 2.856480378716988 3
6 11.331144154469634 0.426291714383039 3.2174304746726015 3
7 9.988788441144461 0.5633308247756696 3.513006109622988 3
8 1.8027068231197942 0.07008969315419385 3.8911463279939724 4
9 0.6675602107344485 0.48016213178013695 4.279501762378203 4
10 1.567322247268769 0.06815698068074147 4.6616724237993 4
11 1.857727252634299 -0.0058851158239181176 5.036813314016566 4
12 1.8907683071126877 0.004584551153818469 5.429140994374025 4
13 1.411502809053795 0.2770667859507514 5.5 4
14 0.9956258900904631 0.6313578331288149 5.5 4
15 1.169165479301431 0.5360811694231968 5.5 4
16 1.3353946191676522 0.43832384906646527 5.4890681819592775 4
17 4.437949140216235 0.12266959891212063 5.5 4
18 1.6730191206187968 0.28969622478284746 5.5 4
19 1.2011154091645961 0.41502915677699276 5.5 4
20 4.500363719498292 0.025717568666356095 5.5 4
21 1.1960712389913075 0.6128947821916626 5.5 4
22 1.0404880875251061 0.554450492013322 5.5 4
23 0.6752897284435946 0.7238836111099688 5.5 4
24 0.8603061387985269 0.6579287830353857 5.5 4
25 0.8089544031873261 0.7217211441919832 5.5 4
26 0.8155828458889873 0.7711929081745124 5.5 4
27 0.7202328013994119 0.8058511515722987 5.392271552782393 4
28 0.7390243117970572 0.7716708219380864 5.23956970985753 4
29 1.1421302998482474 0.48434104430538355 5.091674796517294 4
30 0.710545773315606 0.7195300364711479 4.880940470835336 4
31 0.7727675368602389 0.6546974105353301 4.643996393572092 4
32 0.8572233898164283 0.5668395218877442 4.607621946746276 4
33 0.6018359156846822 0.8410424578736525 4.713231443840228 4
34 0.7113141143037636 0.7877410324250005 4.651691814868009 4
35 1.1555647930823838 0.4556611930994391 4.627746689591313 4
36 1.210303125729843 0.472131040676616 4.821403570656974 4
37 1.1564575693798655 0.5943011070641542 5.124896517606325 4
38 1.0450291295245835 0.6160854750441053 5.428504924667592 4
39 0.6393811676215364 0.8617090259861291 5.5 4
40 0.825275105384728 0.7529963551143843 5.5 4
41 0.8217461002657611 0.6723555129821129 5.5 4
42 1.0543738756246794 0.5730500641104957 5.5 4
43 1.7685279266064198 0.171240464962223 5.5 4
44 1.7979536143319308 0.10245072654672471 5.5 4
45 1.5237999270866833 0.2034537849831241 5.5 4
46 1.3519482074589204 0.3824415655311871 5.5 4
47 1.48551771905076 0.3227242296817937 5.5 4
48 1.307074491075424 0.37416399953863955 5.5 4
49 1.7450869709734977 0.30050767931344763 5.5 4
50 2.1660333292715226 0.5289126441789973 5.5 4
51 1.3614903186220495 0.3704505530941368 5.5 4
52 1.4154765531410334 0.3392821323940492 5.5 4
53 1.8991247219498382 0.36856820204145957 5.5 4
54 1.2631549881746746 0.4867237442738074 5.5 4
55 1.1490904466276914 0.5728228218897554 5.5 4
56 1.882832028237332 0.36677009481841716 5.5 4
57 2.646586903156506 0.2787244342105067 5.5 4
58 0.8815713429619292 0.4554341594323473 5.5 4
59 2.774378114905719 -0.22970083386487547 5.5 4
60 3.7940766988395325 -0.08904038274905617 5.5 4
61 2.906742870009319 0.014023187499664691 5.5 4
62 1.4252861890395518 0.38871136224560354 5.5 4
63 1.0040340299094472 0.6579405292370762 5.5 4
64 0.8788357758514316 0.7767418994616332 4.27398309132213 4
65 1.0016081015395555 0.5648730392963125 4.016851683601745 4
66 1.2455600056313205 0.42564111444648794 4.479211880202966 4
67 0.9041277675730779 0.572147099925859 4.975047533208089 4
68 1.8200509051094746 -0.17261463452239384 5.5 4
69 1.7507802897501854 -0.1451746177774867 5.5 4
70 1.9613432646711635 -0.22223314737861594 5.5 4
71 2.836913821189916 -0.4242697660688209 5.5 4
72 6.432555337626741 -0.20467792166396723 5.5 4
73 4.241466542911765 -0.1460726780127643 5.5 4
74 2.9255040771931755 -0.15788011864271578 5.5 4
75 3.087160542734142 0.07736458478378236 5.5 4
76 1.2402079598410989 0.5240453423206057 5.488349546073412 4
77 1.423114502321372 0.4596478883446292 5.5 4
78 1.2965751611381684 0.49868047654601494 5.5 4
79 1.0787660944895539 0.600071626733324 5.5 4
80 1.188860364426029 0.6054002273110716 5.5 4
81 2.6861957287750675 0.3618340835241309 5.5 4
82 1.8966885952602608 0.11467032255306953 5.5 4
83 2.6350000423289837 0.18328163088789207 5.5 4
84 1.1621300691897334 0.6020720912418138 5.5 4
85 0.7302812955101086 0.7932410080965471 5.5 4
86 0.5629711562131394 0.8934497719040267 5.126435525254623 4
87 0.4682310705618118 0.9284273067080412 5.216567130278447 4
88 0.39946132022980496 0.9324012208155175 5.483289349441271 4
89 0.34213281476042123 0.9508162833893132 5.5 4
90 0.34136932596504277 0.9569796961306919 5.5 4
91 0.3917523369602769 0.8683251187624041 5.5 4
92 2.3684785094540475 -0.058165177516132475 5.5 4
93 5.52006817365939 0.16622086538857914 5.5 4
94 2.8869354860525593 0.8044194970158661 5.5 3
95 7.784736284556671 0.5613150850736642 5.5 3
