12 1.9753119924450209 0.8666846898613318 1.5 3
13 2.764010236901772 0.7683019196529409 2.5 3
14 9.097588600037351 0.4252034748595286 2.9348535856966955 3
15 10.014332843800986 0.31664901825266656 3.2914894134736534 3
16 1.956319246641554 0.8385482182577774 3.5 3
17 2.1071107590383384 0.8078807488224768 3.5 3
18 15.50985319408549 0.14189331435398547 3.5 3
19 1.9259159790784182 0.8626825078879242 3.5 3
20 6.424483458029359 0.5112989526147994 3.5 3
21 0.5377883845844798 0.854846444561884 3.5 3
22 6.515864299017805 0.5196761904007362 3.5 3
23 1.2068453592023491 0.8760145793558551 3.5 3
24 6.123834705085048 0.6344858976688623 3.5 3
25 12.061283204447257 0.36526106392021485 3.5 3
26 21.367697128100605 -0.13332943279778464 3.2707798554555665 3
27 22.723642621659867 -0.1627839706317071 2.8400493043207753 3
28 13.412687799829907 0.0648510562118763 3.140227326842225 3
29 15.307076091503456 -0.011674589541171256 3.5 3
30 23.316410103241907 -0.17440219672040652 3.5 3
31 4.06348820067153 0.6769390419275012 3.5 3
32 8.368559946766268 0.5694129589807411 3.5 3
33 17.938917734236753 0.04441855265108678 3.5 3
34 23.149171275470977 -0.1622867927847675 3.5 3
35 7.99197999511541 0.48069676424320396 3.5 3
36 7.119568039062958 0.36346357891737346 3.5 3
37 1.2678393396170309 0.7547019924943223 3.5 3
38 0.24798911796455858 0.9619400196558584 3.392837589740957 3
39 0.7608778480806606 0.7343572280276064 2.926959402498127 4
40 2.530647843973929 0.8128984805273485 3.447713216505035 3
41 5.25986837329015 0.5992378218874277 3.5 3
42 17.6824770927191 0.005629260881614331 3.5 3
43 6.352216784001553 0.40168740137067993 3.5 3
44 11.582379982681735 0.1882125440454679 3.5 3
45 20.616606057527434 -0.07458711773499073 3.5 3
46 22.862560147856215 -0.24684178468691545 3.5 3
47 23.37688450877012 -0.1547314509070739 3.5 3
48 10.492945311217904 0.22005907019472812 3.5 3
49 23.02542039574553 -0.2057287069059251 3.5 3
50 16.95145124370356 -0.1097754168012585 3.4646878894204276 3
51 11.9654768338732 0.266836143792066 3.2596187112150945 3
52 1.443151221280151 0.5018550515116803 2.978748589204006 4
53 15.588801469250718 0.09284855894776789 3.4209856824935634 3
54 23.368722173523587 -0.16890734258031168 3.5 3
55 1.6449269257113155 0.8745657716061952 3.5 3
56 0.6521897551352165 0.9658682566975704 3.5 3
57 0.9707737177287505 0.9096450219765162 3.5 3
58 1.4018323245785362 0.948907824367142 3.5 3
59 22.638991326418864 -0.16721340696071882 3.5 3
60 2.1956556350675944 0.7834109635834715 3.5 3
61 23.195410609046267 -0.15290234188361476 3.5 3
62 9.1257325415773 0.2765682876843991 3.5 3
63 23.347874774383783 -0.180586286505847 3.5 3
64 17.244169277134862 -0.023685440164164063 3.4638813559653134 3
65 0.3818748505727809 0.9749392824949105 3.0267280291413043 3
66 0.6089582328417205 0.9469175882406436 3.08442487068801 3
67 3.712996507931689 0.3204721987201353 3.3455613364167514 4
68 3.9384833391066536 0.738309278251774 3.5 3
69 7.953181378159361 0.4876954177180364 3.5 3
70 18.392466484888807 -0.04733190211973473 3.5 3
71 5.99508776632066 0.5200484946986186 3.5 3
72 5.738505303799634 0.6628909699173022 3.5 3
73 16.731100713224613 -0.030314287891489117 3.5 3
74 7.271932150232984 0.5744361064093513 3.5 3
75 3.685992102828128 0.7478886180045752 3.5 3
76 5.184005298041544 0.6836993748220956 3.185134724086078 3
77 12.240987637442434 -0.2104142622812201 3.3600941577881893 4
78 21.114230596434336 -0.1700817325979627 3.5 3
79 23.3731224799672 -0.14910203324708332 3.5 3
80 22.098386906395163 -0.23179182124596456 3.5 3
81 23.36029481075795 -0.17108511729558512 3.5 3
82 23.27766641209021 -0.17340718263689192 3.5 3
83 11.85574345761907 0.18349175270469067 3.5 3
84 9.600939405105517 0.456764035269106 3.5 3
85 5.932012743147439 0.45574780386476954 3.5 3
86 0.010381450308909024 0.9971215921703358 3.5 3
87 4.929540408317973 0.6293884577537798 3.031644568088144 3
88 0.7643975740257902 0.7937277759492884 2.009245012687912 4
89 0.49788745029259207 0.8603234070758099 2.0937721972865546 4
90 0.543990799549606 0.805379692147033 2.644985405513813 4
91 3.241951043666618 0.7291842767430231 3.1508122869979998 3
92 3.0825598934673764 0.746974869337284 3.5 3
93 1.4413421278809029 0.8702298081231288 3.5 3
94 2.9266658405603234 0.7913742588097317 3.5 3
95 5.259989729064247 0.6253651094389995 3.5 3
