8 4.46790279102745 0.5896066860308313 1.5 3
9 6.567857648802148 0.39701206973093034 2.5 3
10 7.088764233107756 0.2837261522451463 2.803672364052348 3
11 5.428749325385042 0.6647972696634038 3.0255524432479595 3
12 1.8813406983725907 0.0036520574106052293 3.368837121984003 4
13 1.3785851282157795 0.27966487329202283 3.713799891400482 4
14 0.871038088592857 0.7542999210524295 4.067374888325855 4
15 0.7508748293670031 0.7891218012764675 4.4887985764312 4
16 0.8588857267644876 0.7092193558987092 4.5 4
17 0.550992714883102 0.78258635350193 4.5 4
18 0.7512062834944961 0.6873527908538237 4.5 4
19 0.8227156113710459 0.6966349143327258 4.5 4
20 0.6080898165454718 0.864478588029874 4.3830587443684195 4
21 0.6602677680912086 0.7775756288470558 4.5 4
22 0.97126315231026 0.6405695303807187 4.5 4
23 0.738157537606166 0.75421379853587 4.5 4
24 0.7780035787056274 0.6607118101200126 4.5 4
25 1.2104613296382407 0.49800631323694944 4.5 4
26 1.0465721517627253 0.5855205069894793 4.5 4
27 0.667600151837294 0.8184076233132634 4.5 4
28 0.9010037818336007 0.7103717513323058 4.5 4
29 1.0328547535814527 0.5564876924520444 4.5 4
30 1.3849460103387266 0.4901294141757653 4.5 4
31 1.9252021654458078 0.48184263213536865 4.5 4
32 0.6271730204323793 0.7469931092475587 4.5 4
33 0.6144810556743758 0.8011377291536992 4.5 4
34 1.1875036668275056 0.4614398295526323 4.5 4
35 18.334867767839732 -0.4316185420571224 4.5 4
36 10.244572838121307 -0.37457345123614766 4.5 4
37 1.3508197314311197 0.21568693661022617 4.5 4
38 0.8561784114585729 0.5209360936111557 4.5 4
39 0.5262073682248998 0.8691349161795772 4.5 4
40 1.2850185898396624 0.4408373267135191 4.5 4
41 3.334307745018516 -0.1884159875020874 4.5 4
42 2.4531717727959492 -0.0495772615793874 4.1334609228277115 4
43 3.477932447908861 -0.23947073527881266 3.78001225625159 4
44 5.279425530905131 -0.07899247730783908 3.217369965787089 4
45 1.7563002603963778 0.27743606120506553 2.863207025592281 4
46 2.0780073902629477 0.13223901199458407 2.8543800854555594 4
47 1.0613782094119717 0.501703455578617 2.8459070403488003 4
48 1.1523705657066419 0.6146384672793563 2.9845453617084496 4
49 1.3233494838369024 0.3463167023809325 2.841333650408502 4
50 1.5383955028421292 0.3391076708703774 2.9350664387534926 4
51 1.674621716160198 0.18315499533606658 3.1910113496100747 4
52 4.354232066650749 -0.08800943884212872 3.504823972046215 4
53 1.524007527049438 0.2585684250346138 3.8021315100805007 4
54 1.2294671731660358 0.5055266523130548 4.100258645270202 4
55 1.0857594469154792 0.5894418477512412 4.426202864110287 4
56 1.2397024332105921 0.5373920978263473 4.5 4
57 4.586344738986601 0.1289675920132029 4.5 4
58 5.034853964378566 -0.2541199378628245 4.5 4
59 3.164985813099338 -0.19337786515917388 4.5 4
60 4.624670760036393 -0.1865207461659821 4.5 4
61 2.2258126301569208 -0.15547667396177237 4.5 4
62 3.817664480795729 0.26546263476951043 4.5 4
63 1.0015238075067883 0.6499086209719761 4.5 4
64 1.0265570864915938 0.7118190102293439 4.5 4
65 1.2309114653369786 0.3034918729857381 4.5 4
66 3.2539230168851923 -0.19706402514811297 4.5 4
67 2.415185518499399 -0.36471278380725425 4.5 4
68 15.379122951608569 -0.4648433288064422 4.5 4
69 15.079114329592969 -0.5257832305007027 4.5 4
70 2.4311575996462462 -0.31023043650330767 4.5 4
71 1.5337856225329443 0.026323661105672705 4.312328562316587 4
72 4.571267572627995 -0.24719477364114845 4.5 4
73 6.337348030211967 -0.13372891880778687 4.5 4
74 1.330466993363129 0.3041427443318113 4.5 4
75 1.3449090927531024 0.4080873082228556 4.5 4
76 1.5480204470547694 0.3263246936389083 4.5 4
77 1.2577327974859847 0.6146188581211841 4.5 4
78 1.213419253295564 0.5607217162315004 4.5 4
79 0.9447199274728133 0.6583193706581263 4.5 4
80 1.2906990270167746 0.7025042223356471 4.330267889865019 4
81 0.787911356054753 0.7834810437768956 3.952534119363627 4
82 0.6978016499721029 0.8272537185075292 4.5 4
83 0.8447362508522591 0.7278226188149902 4.5 4
84 0.9041049089411226 0.7306692492122441 4.5 4
85 0.8685187372514385 0.7240151867821 4.5 4
86 0.9020825792112861 0.7783936540840073 4.5 4
87 0.819321101650031 0.7905395573970911 4.5 4
88 0.6177468501949823 0.8432296842966865 4.5 4
89 0.8326328066297943 0.8156305229531635 4.5 4
90 1.1265088571604522 0.7879156604601688 4.5 4
91 2.324853610685336 0.6476136238860161 4.5 4
92 3.9707291987216937 0.564707301944061 4.5 4
93 1.1221935038427313 0.7011727097370799 4.38977982582619 4
94 15.80712389662418 0.18715783380941658 4.5 3
95 22.707666771129734 -0.36370617958784873 4.5 3
