16 22.906202390723756 -0.17918095203542034 1.5 3
17 20.848550461746825 -0.17738509562207228 2.5 3
18 10.830764980878744 0.17037346896894465 2.5 3
19 15.699697401772255 0.10303114008168703 2.5 3
20 4.692257261417916 0.6419636617521574 2.5 3
21 5.26687499225486 0.4230670516785986 2.5 3
22 11.286984667651522 0.19870924647241775 2.5 3
23 23.021480876448884 -0.19521797516879005 2.5 3
24 20.30732895413296 -0.19603922077437702 2.030389173300664 3
25 16.806980617170815 -0.12093828411984607 1.500000000000069 3
26 2.946067936100884 0.7302642777460551 1.925569149713072 3
27 13.582507426579278 -0.010314622973868896 2.4166841356385014 3
28 11.656820574701774 0.32612157250150775 2.5 3
29 2.4888449213857635 0.7652722451371919 2.5 3
30 16.6568503605778 0.03615765778012332 2.5 3
31 14.576752875499546 0.21057401040277596 2.5 3
32 10.65030540157522 0.30938727262480414 2.5 3
33 19.2475620300285 -0.18528186423340376 2.5 3
34 1.620241157958767 0.889546307370605 2.5 3
35 8.115655419116772 0.5428992000443803 2.5 3
36 2.2937663578415064 0.8464785447889001 2.5 3
37 20.63953896787146 -0.12254100214586082 2.5 3
38 23.120076987164644 -0.15986433441350534 2.5 3
39 9.769968205891029 0.22284171178551807 2.5 3
40 19.760118541700002 -0.13062191071799772 2.5 3
41 20.482444042052155 -0.15770360515634965 2.5 3
42 23.196937094174512 -0.16445559095815737 2.5 3
43 20.613662599034264 -0.21841687888338007 2.5 3
44 17.255740004496296 -0.11432227435468077 2.5 3
45 13.96368662741348 -0.0240596334013007 2.5 3
46 11.480914370504319 0.3053950165335279 1.9466273157224496 3
47 12.1961058157835 0.30092031299190475 2.1947180090511322 3
48 5.681293617112539 0.754574122909687 2.5 3
49 22.851423261551613 -0.24729132067324805 2.5 3
50 0.3818766311469002 0.9723599557329742 2.5 3
51 23.24208552848348 -0.18522504707632229 2.5 3
52 2.05846967413731 0.8147824577372229 2.5 3
53 21.83925837606514 -0.16067420537255125 2.5 3
54 23.373047454674502 -0.16881560063347537 2.5 3
55 14.779041538984792 0.039849092231109676 2.5 3
56 21.95974846036008 -0.15762976090241554 2.5 3
57 13.193580913044684 0.3572739176900789 2.0237291675947127 3
58 20.259016288450034 -0.1724155680612317 2.1899170456984502 3
59 7.217893708397081 0.43510655983528385 2.4360211901155417 3
60 18.621746841634767 -0.13944569511797317 2.5 3
61 22.690650311468133 -0.23968441883555971 2.5 3
62 7.229305334923161 0.23910781363927508 2.5 3
63 17.0959045384541 -0.10974302070410166 2.5 3
64 13.995254453364485 0.28420474200423496 2.5 3
65 23.084062886230726 -0.17669875924257533 1.4999999999999345 3
66 0.7712497392557864 0.8911360723039031 1.949989554792337 3
67 18.853000086334934 -0.21998952894183357 2.467316887574074 3
68 22.687272744140525 -0.23494196495632763 2.5 3
69 7.292688206880773 0.3827639081317032 2.5 3
70 14.498984229149938 0.0006181903107612193 2.5 3
71 16.534250949489063 0.05316192302940626 2.5 3
72 22.791162558688143 -0.2077823875955153 2.5 3
73 21.259365379877007 -0.20967831218521313 2.5 3
74 12.155663985303626 0.1357996972394117 2.5 3
75 19.513655272993343 -0.19652744325969942 2.374309498976727 3
76 5.914577781310715 0.4965917000708919 1.955003502695632 3
77 8.36714480110724 0.5320574207629474 2.0155964979736893 3
78 12.619061666160821 0.31335012406118334 2.136805321357635 3
79 13.213915487418632 0.14084468482008194 2.210467990552934 3
80 15.132521580798318 0.05804986713392838 2.5 3
81 9.141556254562612 0.19753355045179394 2.5 3
82 1.8606851097476804 0.8578883771341629 2.5 3
83 10.991988274402434 0.35319438344427373 2.5 3
84 8.317934183548378 0.5454892254040191 2.5 3
85 19.121149834035712 -0.0316518567375369 2.5 3
86 10.562023908079492 0.13797693494957294 1.499999999999898 3
87 22.801294899006848 -0.16073413370211653 2.0916050096551624 3
88 11.171532831163738 0.24523951626569299 2.5 3
89 6.903601033807115 0.5288240909071253 2.5 3
90 5.319983477216824 0.651336509457135 2.5 3
91 4.934628700253706 0.6356685684665498 2.5 3
92 0.010395717091849832 0.9953125190730234 2.5 3
93 0.7252319225655111 0.9839060855777813 2.5 3
94 0.9996335224036077 0.9612361183878446 2.5 3
95 0.056307770831396375 0.9855128356553308 2.5 3
