12 12.350956907417881 0.2673064248179485 1.5 3
13 4.531946846550414 0.7759279096628308 2.5 3
14 10.051747032269237 0.4291995904306319 2.8926412936861654 3
15 11.68050442586166 -0.04904678007861562 3.2257170118976393 3
16 3.02231945783321 0.41183512161572955 3.5 3
17 23.321020022582058 -0.2462416970005051 3.5 3
18 2.3231480507453437 0.48600538330748394 3.5 4
19 22.862004068549712 -0.3178677532975543 3.5 3
20 21.665814615690387 -0.22252223920734787 3.5 3
21 22.998387753750315 -0.19222835524931203 3.5 3
22 13.543694837266731 0.07924456827563163 3.5 3
23 9.083838722711233 0.09982357944789295 3.5 3
24 19.735451475877607 -0.19875750030483713 3.5 3
25 18.941187267610186 -0.13505192760404824 3.5 3
26 1.5308550419528064 0.3353745245852856 2.6956777677315222 4
27 0.9945742895783747 0.6279092714033304 2.4566422726516537 4
28 7.9109465627731375 0.3860459529255875 2.8226653516027764 3
29 0.9915484485309376 0.6576599405123121 3.2882436168955826 4
30 4.783472304475013 0.65843671417807 3.5 3
31 10.905903659402583 0.39713959539772264 3.5 3
32 19.73306658699728 -0.0975251159431671 3.5 3
33 19.40347601947149 -0.04164229162820521 3.5 3
34 5.9027879719212315 0.3914689401958549 3.5 3
35 7.540235403454009 0.36801816966247725 3.5 3
36 4.05907970477033 0.6858756752612563 3.5 3
37 14.521662635628577 0.09843782359086084 3.5 3
38 10.351143943847813 0.39759419430492315 3.4047352325788234 3
39 4.303097081659949 0.22117946492228324 2.928606146312377 4
40 23.075679578373023 -0.2874458030847587 3.439669421806226 3
41 23.026899026573425 -0.20593831911148988 3.5 3
42 17.820681890197207 -0.14870625081808705 3.5 3
43 22.50933027653132 -0.23228344193631814 3.5 3
44 22.322431305669642 -0.2426795114163354 3.5 3
45 18.349827001867325 -0.003154937328454179 3.5 3
46 5.170945523813121 0.5661671531183282 3.5 3
47 22.81391500866059 -0.3401993627142311 3.5 3
48 12.0344102282557 0.137516788850987 3.5 3
49 19.493538992236857 -0.17019438966758116 3.5 3
50 0.872510822551499 0.727041446633781 3.3663014969524228 4
51 10.85625194866467 0.3777266895984449 3.122516445262365 3
52 0.6855713183165415 0.7346458982838497 2.937082228906278 4
53 20.662634169842 -0.20680572807696057 3.389650331700621 3
54 5.134599864138128 0.7136431668979044 3.5 3
55 9.234451675973292 0.3504175151365354 3.5 3
56 20.541049055200414 -0.199491571571003 3.5 3
57 23.320093110363384 -0.15897924294762533 3.5 3
58 21.551175491151483 -0.1750014984793334 3.5 3
59 23.077967101792822 -0.1959578715740599 3.5 3
60 23.370713517709437 -0.1588064582706834 3.5 3
61 23.344479380736225 -0.24548872902398414 3.5 3
62 22.321657948661443 -0.16651773275156453 3.5 3
63 20.761688817221092 -0.2758324639479411 3.5 3
64 23.323556075676485 -0.15690583804629368 3.5 3
65 14.773213357035743 0.17223829404712637 3.5 3
66 9.037926322952185 0.45837476725936777 3.5 3
67 23.40351092155696 -0.16543701596332175 3.5 3
68 13.576295654404987 0.11285073405813942 3.5 3
69 14.797037266409625 0.2644839836631435 3.5 3
70 22.974148808158986 -0.25728085416289087 3.5 3
71 23.08394648194033 -0.1762224744690719 3.5 3
72 23.106157211353356 -0.16768049797388543 3.5 3
73 1.568134672362719 0.7974195967260911 3.5 3
74 21.56420201253995 -0.27236269175206046 3.5 3
75 9.383509261178666 0.2204362503836614 3.5 3
76 5.667593476243272 0.5033564898483815 3.5 3
77 22.991525603409215 -0.2654589320597286 3.5 3
78 7.111391812422209 0.39548694049183514 3.5 3
79 13.115286762575384 0.07926573907381329 3.057557548407349 3
80 2.085169704258427 0.4208054776442714 3.2648153821507875 4
81 8.122350757945902 0.4340679942863732 3.4736376126395188 3
82 7.40874922370778 0.49937568629076473 3.5 3
83 18.38267439315539 -0.12235333500386125 3.5 3
84 2.694729516433229 0.7369540902584849 3.5 3
85 15.596450146042995 0.1283403884348785 3.5 3
86 7.84649711907835 0.5921761072316692 3.5 3
87 15.559182661352146 0.11284482788360077 3.5 3
88 18.272675860852846 -0.015172130648245482 3.5 3
89 20.212543624924194 -0.13566674971589246 2.760890835241691 3
90 0.5231018078930871 0.8188444401010947 1.9947299595775256 4
91 0.3127510516491476 0.9370468044265138 1.9252567201167112 4
92 0.3606869751989965 0.9074124246530837 1.7596575980628695 4
93 0.5603848142313383 0.8504980024309622 1.49999999999984 4
94 0.17011868891190307 0.9733269135449347 1.8806042913108394 3
95 0.08917982049795636 0.9811916567493854 2.5073445499478693 3
