12 0.9744839111726407 0.9565726564892937 1.5 3
13 6.547076083039393 0.6636629963987709 2.5 3
14 23.159952419456662 -0.1875975277097607 2.927136352448353 3
15 19.71999890360951 -0.18505497442460442 3.2616519817930003 3
16 14.896286159513838 -0.04880457992921351 3.5 3
17 9.893017487793589 0.2422058829111346 3.5 3
18 22.809422722621253 -0.18762135707892105 3.5 3
19 4.059091866829682 0.7230242765806086 3.5 3
20 10.398370899711995 0.32589330720337967 3.5 3
21 6.22527997620431 0.43889261274603625 3.5 3
22 17.984902114358704 -0.0267742529127531 3.5 3
23 4.789360920967767 0.5534893698432174 3.5 3
24 2.8557674265942428 0.6453913734504759 3.5 3
25 2.3408580643149834 0.7533268048463648 3.5 3
26 0.9896516823750066 0.649225930656648 2.7973722164324246 4
27 0.9144068950347402 0.7306234033469005 2.417286822583268 4
28 2.151404530861761 0.8634345918660797 2.758374749143757 3
29 1.9591977624103087 0.3482922464237342 3.2489016851368433 4
30 23.276779971509715 -0.24075720173789242 3.5 3
31 21.149575275837257 -0.12584429707052394 3.5 3
32 23.34924202786039 -0.19277337875701508 3.5 3
33 23.399828062141587 -0.16646097270108862 3.5 3
34 15.564715102235866 0.020810434841877414 3.5 3
35 23.258536878721685 -0.1729785255140086 3.5 3
36 4.110323205570548 0.7208723840185046 3.5 3
37 14.8550080151031 0.1408412155167671 3.5 3
38 8.790135561686622 0.49600793195882126 3.5 3
39 0.7916061376494685 0.7258495007115424 2.99687841989327 4
40 14.426136918932436 0.1575048279618988 3.5 3
41 12.227467794553284 0.3110471530661125 3.5 3
42 6.690323781511254 0.6052901528344655 3.5 3
43 20.10493785655975 -0.12121640229293024 3.5 3
44 19.75060770321165 -0.07349024854396681 3.5 3
45 23.029841547812097 -0.1708173357704744 3.5 3
46 16.982118131585406 -0.102448767379666 3.5 3
47 19.045884691261648 -0.1662076060541699 3.5 3
48 22.45387948468347 -0.21178736324826092 3.5 3
49 18.99383116152178 -0.11725606951583721 3.5 3
50 8.295415575623556 0.49076654445881684 3.4640613724772775 3
51 13.65139929780435 0.03983741025438186 3.2182978465560375 3
52 5.330814795280984 0.23729809484525669 3.0296462331112854 4
53 23.263787414483655 -0.15667471771881356 3.5 3
54 20.593845563805345 -0.13904086617119124 3.5 3
55 9.604871979876231 0.10801813939617706 3.5 3
56 22.44500012142141 -0.2778733897506802 3.5 3
57 21.935414899733612 -0.2604635947158929 3.5 3
58 22.683925100571855 -0.3356716983812979 3.5 3
59 7.661022516566502 0.30728494423208064 3.5 3
60 17.28717242247739 -0.09592038118313276 3.5 3
61 22.16507677371 -0.2512947028581144 3.5 3
62 23.005496108398706 -0.22419517430717073 3.2263051116795833 4
63 3.095000646736719 0.5610632801161339 2.680037349548591 3
64 7.708806113062727 0.36060819589392173 2.52934936306403 3
65 0.9662590677729481 0.48746072329851237 2.6019810949477034 4
66 7.081743427702868 0.4970016097758482 2.6233525662967514 3
67 11.102928026175144 -0.3379265743236471 2.685068894796459 4
68 7.067993316372739 0.489349936471708 2.8424686645183828 3
69 2.8273663510656064 0.6935151633947166 2.9873697740737697 3
70 6.852223561806003 -0.17038171459183066 3.324694534513503 4
71 19.734735298694382 -0.21255560719851554 3.5 3
72 21.504728299017263 -0.27764990825033603 3.5 3
73 20.026901276044207 -0.11010850095976941 3.1889599775281967 3
74 23.168116064054026 -0.23618827669298498 3.5 3
75 22.942866347205264 -0.24245516129301248 3.5 3
76 6.405072620255883 0.5015024618701668 3.5 3
77 8.6086509427162 0.3083880263309271 3.5 3
78 14.245709795073793 0.04959370381759484 3.5 3
79 13.574948869404157 0.034600408302934045 3.5 3
80 2.56894930148888 0.7450442261410678 3.5 3
81 4.154968681163108 0.6517118754996271 3.5 3
82 8.164870946394688 0.5014731316699284 3.5 3
83 18.204150820700736 0.024116991338654026 3.5 3
84 5.96210806644511 0.6886702036111204 3.5 3
85 21.647394613479293 -0.18282391680160506 3.5 3
86 5.723234454689163 0.5014050300169192 3.5 3
87 10.210892819908409 0.20063283159180625 3.5 3
88 23.308745527699728 -0.22712256319337354 3.5 3
89 22.76602656535737 -0.2325263814753844 3.5 3
90 10.363352186558021 0.3739122553736417 3.5 3
91 20.41762937814522 -0.19845523214462854 3.5 3
92 18.583914839017176 -0.17956600786346563 3.5 3
93 0.8994286523782931 0.6786294828117758 2.686812263891392 4
94 9.866369873621117 0.3524810225197248 2.801237238933245 3
95 5.617834067625523 0.6657287803290309 2.9332254700309712 3
