3 7.046032467634498 0.5257005684245004 1.5 3
4 22.830364153082673 -0.2636547957032146 2.5 3
5 22.981348443273703 -0.2888259592815713 2.8321510743936034 3
6 22.896629207883038 -0.24508421278457707 3.200379068567611 3
7 16.564170347469652 -0.059251462135156856 3.6384252174879506 3
8 2.085155534705887 0.08109076639772746 4.041401854512312 4
9 3.1332481524465967 -0.04057095446650626 4.32761721415459 4
10 5.67580795159514 -0.20501894156143802 4.678680801219683 4
11 3.4444134784394427 -0.11816453545143062 5.0384396755417775 4
12 7.546452260054777 -0.2363265582802424 5.417883200895109 4
13 2.3135812209230675 -0.12163715896299296 5.5 4
14 1.0128791947932596 0.5514452912091765 5.5 4
15 0.8834011681400087 0.6419341836980723 5.3810214766685425 4
16 1.0475907017402264 0.5014546992068772 5.098696317246671 4
17 1.2764255145781096 0.3985914705312124 4.997396934919012 4
18 1.4880722793376933 0.32789355599083286 5.3141687057386315 4
19 1.2613054550438667 0.6010961588083646 5.255974534208572 4
20 1.0368621895580068 0.6284471841380422 5.5 4
21 1.218408124045176 0.5688796558105035 5.5 4
22 0.8180913548793081 0.7048226415942135 5.5 4
23 0.9341522151979769 0.6288802884573862 5.5 4
24 1.9308347469928497 0.45756104640370365 5.5 4
25 2.2235342133212015 0.3989053468447975 5.5 4
26 0.5590007963713743 0.8476005315663626 4.841174514350158 4
27 0.5976447186880485 0.8628803922750159 4.95394239206089 4
28 0.6584409846088466 0.8094308392009356 5.5 4
29 0.6734701596132684 0.7963929700204199 5.5 4
30 0.6628178660284485 0.7704060523128233 5.5 4
31 1.0155845283910843 0.53413297630149 5.5 4
32 1.7066243794377414 0.18024674711404914 5.5 4
33 1.8270623414167684 0.21958050604195956 5.5 4
34 1.2897571590156778 0.4543735803387232 5.5 4
35 0.7942843775563642 0.7440608625220252 5.5 4
36 0.8640926276378842 0.6915335575099475 5.5 4
37 0.6608550289692303 0.7584285842187949 5.5 4
38 1.2292212969364202 0.6967641754595826 5.5 4
39 0.6817271600880677 0.8410151654722043 5.424028024881315 4
40 0.7413990139931164 0.804665880929203 5.5 4
41 1.074418889393817 0.6152767391729844 5.5 4
42 0.8899428922641075 0.773262547608715 5.5 4
43 1.5702385428810386 0.43556010450214455 5.5 4
44 12.456110465450852 -0.2398133564319923 5.5 4
45 7.600168880965846 -0.3330602285510975 5.5 4
46 5.957856222904796 0.280002337373799 5.5 4
47 1.155660188409862 0.4945425086030087 5.5 4
48 2.3968717607645385 0.06761221268652041 5.5 4
49 1.8837478784349804 0.13563940789210321 5.5 4
50 1.3366616933784767 0.31368762926583665 5.5 4
51 2.6314940764897043 0.1185476034733951 5.5 4
52 1.8110546624614807 0.12028614822311148 5.5 4
53 1.506921030602558 0.305646381815796 5.5 4
54 1.5344243948153728 0.4264795951255661 5.5 4
55 1.4853052616725062 0.3759243279802974 4.695358240029826 4
56 1.4979742923726018 0.37200918881612205 4.590676024334592 4
57 3.386276738371574 0.24407499427471155 4.5702494607223345 4
58 4.033984693874961 0.04031856097638549 4.542102862154578 4
59 2.169778333549008 -0.040995344489997025 4.627647674843989 4
60 2.272518429838434 0.016901334364910845 4.820017694192 4
61 2.0347241587768448 0.11009664694105402 5.044538695461917 4
62 0.9356805636528218 0.6943964949353667 5.319849447664063 4
63 1.204368171170625 0.6424000219662278 5.5 4
64 0.871625138973398 0.7072558330112576 5.5 4
65 1.2767824682441828 0.2583882706502329 5.5 4
66 2.3430529990677984 -0.18378748579155474 5.5 4
67 1.9885512735548865 -0.31723790281175507 5.5 4
68 2.0279939343548685 -0.07485363459426735 5.5 4
69 2.6982020466642798 -0.35920007328319936 5.5 4
70 1.6776821592652649 -0.2562328288726348 5.5 4
71 2.3238253817851664 -0.3398623048723662 5.5 4
72 3.4693641157761252 -0.25671155281775804 5.5 4
73 2.5665909407620946 -0.09128991273160957 5.5 4
74 1.3553921564040614 0.2328999891652573 5.5 4
75 1.0548603064339508 0.49294140535690384 5.5 4
76 0.9112423056965904 0.735751275003442 5.5 4
77 1.4170803824743805 0.4867535896432626 5.445655558876737 4
78 1.4519492903246674 0.4669042074157273 5.3290552542069785 4
79 1.6562250519527248 0.5242833650306922 5.209164856102609 4
80 0.9105757409782509 0.7646926696058097 4.906270874648777 4
81 0.5860839247973999 0.8606204380254407 4.698572770567814 4
82 1.2252779225915154 0.5093008069795475 4.706416630170439 4
83 1.8667511059661983 0.28496447247736206 4.859734639908682 4
84 0.5234470056874594 0.9168266820740397 4.911738532659001 4
85 0.8705457320209016 0.7065188178838393 4.7851844236928445 4
86 1.7981167102191629 0.4654463279688175 4.987826161991863 4
87 0.4829537517450575 0.8856464523665005 5.293254579571862 4
88 0.3483139246869893 0.9496505835399913 5.5 4
89 0.7162680367870751 0.8609649169790716 5.5 4
90 1.3011605804910564 0.6208075029465109 5.5 4
91 0.6225376305263381 0.7840782975689395 5.5 4
92 0.3306245423032914 0.9387234063004739 5.5 4
93 0.5057032538374493 0.8941813055333875 5.5 4
94 11.57819486614475 0.17424854844472015 5.5 3
95 22.4589052534411 -0.24787585214391525 5.5 3
