2 0.0
3 43.629325337798676
4 44.74391135874479
5 43.51918995188583
6 34.051153139916316
7 37.55812237524234
8 40.41813638289382
9 41.510151912650144
10 38.98895274019166
11 40.10814390220075
12 40.79137895362359
13 41.65787784860924
14 40.634758550961344
15 41.72772142721977
16 40.011571429077634
17 39.84557621339527
18 40.38914031036117
19 39.658822502895475
20 40.39319413477841
21 41.168842654675956
22 41.2888761937904
23 42.11814259605197
24 42.62632807763263
25 42.1320845062804
26 44.1565362259391
27 44.566352590961735
28 44.142146538458626
29 43.80052853115759
30 45.254016469329784
31 46.97932076356151
32 51.760546561676975
33 49.881399612692746
34 41.37452506675821
35 38.54616818001323
36 45.38409146402345
37 46.69878874849581
38 43.28663595851236
39 42.22092592534041
40 42.97415425636372
41 42.090924233345866
42 41.33928384638082
43 38.12170408578989
44 42.21918326403888
45 42.73068594083872
46 41.73497788035229
47 40.67639735492237
48 43.291465933912654
49 46.1617381228015
50 45.77444420459753
51 44.08030529224932
52 45.56910516331539
53 44.443743213484986
54 44.49096423636323
55 44.418472773780586
56 44.38286381912711
57 44.81700720413126
58 43.79537781852069
59 43.925159097620785
60 42.84531475322333
61 41.79709173031759
62 40.137364469691676
63 37.974656209914386
64 37.97201962228032
65 39.357761837201984
66 38.98096113812577
67 40.469158790213655
68 40.293083723349035
69 42.11970907121993
70 44.10980222691979
71 43.74241581789203
72 43.46200471204469
73 42.958220290513545
74 42.46476371466607
75 41.70906810065343
76 47.149496632145144
77 45.775232136673374
78 37.53473273684681
79 45.75275255527608
80 42.19341355201739
81 45.84249506880042
82 44.752909991586606
83 43.80385420960422
84 42.372346962164755
85 40.75589056027317
86 41.12280939152001
87 42.43395253464079
88 41.25855583609355
89 42.52891648122529
90 45.245230373789994
91 50.677000533663026
92 51.13023200662872
93 49.41930705942686
94 27.740345950388818
95 1.334437790382393
