7 0.19660223725149442
8 38.314083073386456
9 29.62858388939829
10 28.639604740904485
11 35.07109400442106
12 37.43072150484637
13 39.59996587128482
14 43.13764593904262
15 43.00915195996624
16 43.16336760675425
17 43.14375998071642
18 42.74331308501843
19 42.36879112333141
20 43.02562177507014
21 42.34055576749273
22 41.622616756692295
23 41.67323333620053
24 41.4447072691049
25 40.11262638911834
26 41.292059689661336
27 42.74304109378935
28 43.78247392949453
29 42.10788499563745
30 41.01673935073702
31 39.363340940310884
32 49.77278659714666
33 50.02246967308253
34 45.005852652116076
35 5.26589088733285
36 20.99408817023826
37 47.344656935875264
38 48.68771864414674
39 50.75222176964682
40 43.690919371110894
41 38.80565346566112
42 46.25996993044523
43 38.380251425217345
44 33.88828191506087
45 43.23714430266358
46 37.95362131541901
47 43.32565032297789
48 42.76546480527607
49 41.21277616158541
50 40.529701306276095
51 39.78067994415612
52 29.36013163683998
53 40.04450785781655
54 42.15113093880467
55 42.417193034293916
56 41.647907975131474
57 34.859871386336685
58 29.449108188328225
59 39.55618636849009
60 39.53219987434544
61 43.0330070003945
62 45.53127411586504
63 50.518851577241634
64 50.186573693595946
65 50.76824423137625
66 42.13683954592285
67 45.45803884436427
68 14.244150675594144
69 13.962023490681347
70 48.09965965323538
71 51.77311327427469
72 36.92714435304389
73 33.41254791790041
74 48.54086099631723
75 50.17114231311819
76 49.112212634710936
77 50.79229245682552
78 50.5234204104451
79 48.47067825182385
80 44.47324892130852
81 46.14792069879675
82 46.31221113639981
83 45.31014687238183
84 46.647664435123346
85 46.970333528460586
86 46.71229230438305
87 47.88314494035779
88 48.867744770430974
89 48.666706966415234
90 50.010412402044835
91 50.81294895254569
92 42.775560045289566
93 45.702445907248396
94 21.464472038907275
95 0.0
