7 0.0
8 19.10980556656529
9 0.4312437707041882
10 0.0
11 19.106390770073318
12 4.031325797187283
13 38.46312832253285
14 40.525693786415474
15 38.86256856253003
16 28.31243906826064
17 31.929542383424252
18 42.30577558969382
19 42.859798461608236
20 43.12644164619691
21 23.065776025219304
22 40.78170371750856
23 27.615476760035005
24 28.207174239413966
25 39.07240988986385
26 40.695749861347124
27 41.369562964363745
28 42.61873768328257
29 42.928227292689655
30 43.982201593989615
31 43.291661700140175
32 41.56777291491516
33 40.27462677539876
34 37.32464824217524
35 41.24395252008932
36 41.95142046312686
37 43.35061277705358
38 44.567266361296305
39 44.05481598284499
40 42.26757469279243
41 41.68455551325563
42 43.68049363519399
43 43.499464850567136
44 44.37653558587295
45 44.25495449793297
46 43.67981892942695
47 45.05048830200455
48 44.771165056181424
49 47.049410627727596
50 47.63336374579635
51 46.00051070245471
52 43.615881864786054
53 44.072982936639335
54 46.487859972657134
55 44.31198933825174
56 43.35757014887527
57 41.687163880519705
58 41.96647280722424
59 39.61382557180595
60 38.71094120871845
61 31.80500591278909
62 41.2075511260874
63 47.64107454933848
64 51.635471854128866
65 53.429579826906576
66 52.64846678640717
67 51.73315414756914
68 29.798451711032712
69 37.557184848379684
70 45.4647047676102
71 44.38772437342991
72 44.51970948453447
73 43.27445323114522
74 44.5809425410664
75 42.58528156023163
76 40.218480593295105
77 44.65348294765942
78 44.51899079527034
79 47.279263584003445
80 48.103828915202826
81 47.72395716404396
82 47.383352513490834
83 47.92275556051825
84 47.791159678426375
85 48.33559793924729
86 47.27039179944839
87 48.238344271814476
88 47.756698728507985
89 47.36505936114933
90 49.751936880453194
91 51.52444031539643
92 51.56188257925359
93 50.26719338161585
94 36.62160550770166
95 43.43306335891749
