2 0.0
3 32.04970413121542
4 0.393780272743331
5 0.0
6 0.0
7 15.136791213369449
8 43.98724921017527
9 39.04138176973535
10 37.60839187088989
11 38.72965352358399
12 36.28212254307724
13 38.30828857871479
14 45.42903430969918
15 46.351442316119496
16 45.30857220359235
17 43.18622637520448
18 41.89829798190803
19 44.36404677258741
20 44.10460811736883
21 43.16188290928236
22 44.79565480511757
23 43.520099143201854
24 42.04541919607687
25 41.73607079197855
26 45.25561101574021
27 46.64734544604266
28 46.65593121459721
29 45.65361850443854
30 49.062614206628396
31 49.302367488764055
32 43.70460500506065
33 43.23332158575072
34 47.18895701202097
35 53.417079665970626
36 54.54164578021007
37 52.25573705883132
38 46.08179818828816
39 49.11992927133629
40 49.100274181286466
41 48.60009665829725
42 49.33243629040401
43 40.720774267643385
44 26.381708073427482
45 30.264545851347357
46 36.19122177196013
47 50.07409346225862
48 46.245943940829406
49 46.597120608610815
50 45.78304930907926
51 41.67845801107128
52 42.43567074650454
53 44.22164358980928
54 44.27008137620639
55 43.55176990760392
56 43.895398340652704
57 42.81621789715021
58 39.04788675317037
59 43.831299838617014
60 43.79001115658226
61 44.46059492215402
62 46.40678736599547
63 41.76417907490044
64 41.93099054902401
65 45.915820580208056
66 43.35206306673174
67 43.82353321807688
68 38.63154669182401
69 39.27693812361913
70 45.59686333228435
71 44.492368568362615
72 35.735023467878904
73 44.43739776711414
74 50.43702916983153
75 52.702465434510444
76 52.06331252123748
77 47.56161179760684
78 45.237528195283375
79 43.51019716818392
80 46.03034203294899
81 46.636892070545585
82 41.73818399095575
83 37.11654579330553
84 45.51870582403045
85 41.90795472664247
86 38.58249903853381
87 44.13754289046033
88 45.697681218526334
89 45.231303683468234
90 45.80677945510276
91 49.08815156694984
92 47.50260023781905
93 45.26956010656804
94 23.220573108763183
95 1.4286081055135902
