11 0.0
12 40.34595476723287
13 14.327934425304536
14 0.3717527239573718
15 12.907673112117616
16 0.0
17 4.24456349206254
18 21.723107853020704
19 39.69885802360412
20 44.2328458446623
21 28.63380975476649
22 16.329471612478297
23 48.010368106573296
24 48.53877563301042
25 19.787275138602762
26 35.900953656442645
27 20.078444485376703
28 45.48570209060914
29 47.205843097992336
30 49.624327061543084
31 48.32796928354289
32 45.61056815622899
33 47.90519460947328
34 42.0058081745521
35 47.970601140380985
36 46.4435175199633
37 46.98396236494031
38 49.245198441769034
39 24.158765499101424
40 27.743071918582363
41 39.84508356930958
42 27.751410438557404
43 36.96618843053619
44 36.2075315863809
45 43.991876277210075
46 7.621958330090271
47 50.018275039361995
48 50.50537595145708
49 49.88523038557708
50 50.482438055210785
51 50.84343485209501
52 50.82402460805295
53 49.653808030558686
54 32.12408989678686
55 20.155894758935865
56 19.125407162093907
57 21.31507361028881
58 12.959652767937063
59 12.225520411971084
60 50.22371651896614
61 39.03590032527379
62 41.03246937651173
63 16.228814457413712
64 27.30291229377699
65 46.2292469375084
66 23.63711785258824
67 41.30093569691222
68 47.75148294631539
69 49.594476191177336
70 49.58154735951757
71 49.08708868329328
72 43.53714302665028
73 48.832301323181454
74 28.157164819191507
75 15.471212751720536
76 16.779336194430993
77 31.956865065107678
78 24.681232274655567
79 7.821172540370435
80 48.24031635284449
81 40.595168019027206
82 51.76717747099438
83 43.84552331137398
84 42.73999325530417
85 46.74685282669959
86 41.43325605522874
87 47.31799867186791
88 47.056022520143095
89 47.264671325920254
90 48.58137894973299
91 48.67935802299852
92 47.755618575562906
93 46.28979634321555
94 48.56580674806112
95 42.24888270684115
