7 1.143310377519107
8 51.402789320147356
9 39.81739813253672
10 43.192504343203346
11 16.82893186626308
12 0.14262293719739155
13 0.0
14 42.47719516417009
15 42.68651596265889
16 42.6839810920892
17 43.10854231797982
18 42.51968622396206
19 41.93324111226674
20 42.69748364742934
21 38.397612152960704
22 37.6881353170635
23 43.51723619392965
24 43.66386477480838
25 40.03784423939853
26 24.783106817457
27 26.54864298429694
28 41.94669061131727
29 41.03621947356731
30 35.06866659242622
31 47.07887104101841
32 51.36478974770673
33 55.91741475985464
34 55.324692880113396
35 55.130397065110174
36 54.71199396475279
37 49.981202359023655
38 44.304802419932685
39 44.827088127509576
40 50.397956876490944
41 50.340971035745035
42 42.91242890900574
43 38.89060215052093
44 41.86368727322568
45 42.27613296059472
46 43.779763464198304
47 45.408764936884616
48 47.32955982924705
49 48.44982916563083
50 47.02771039899604
51 43.36934600917018
52 40.87568732373043
53 37.868979058596445
54 32.22317136097461
55 40.613957229512316
56 43.87973702124327
57 42.15487208436329
58 31.655306190799593
59 42.74181862949867
60 45.27246195637505
61 39.36672853107185
62 49.448783850173086
63 53.682934494308455
64 48.88390057052529
65 51.0985051688214
66 50.96375857901829
67 41.19419809735541
68 49.35953329644775
69 45.825354548994504
70 31.213325633544237
71 36.290245423205235
72 42.500856468217236
73 45.25246961946956
74 46.66121088952074
75 44.65265948166439
76 44.352026626962136
77 44.03002844178523
78 47.974979440710456
79 50.0733249697911
80 50.290637223994224
81 51.41288633154801
82 50.09938534999195
83 51.16357783418522
84 44.00211886103723
85 45.756756020009405
86 48.38706523638239
87 46.45912398513703
88 43.43205147662414
89 44.1250506008771
90 31.543697114870962
91 47.73752046310736
92 51.72779524391067
93 50.539791603553965
94 4.632256009583144
95 39.84510542686524
