11 0.0
12 40.52512154386583
13 37.229084323983884
14 26.41129490790213
15 23.995888876302423
16 40.84279465204633
17 41.023107651444946
18 14.16048372382303
19 44.82850406083125
20 32.459319704950516
21 46.442324294788406
22 33.574441999755116
23 47.78363439619981
24 38.57576542316449
25 25.904079972377563
26 3.883910184637249
27 0.5822267924478634
28 16.867387100371104
29 13.26082753749192
30 0.0
31 41.33941022804385
32 33.10480531706669
33 12.917568328308871
34 0.21680989715948598
35 35.72300026635917
36 33.900524012657215
37 54.86543998068812
38 55.41043349341124
39 50.775965100669985
40 45.000451011459454
41 38.86719843220614
42 12.305210563517958
43 35.481451543895886
44 22.38876703155904
45 5.107867644586175
46 0.3414164999010388
47 0.0
48 27.96861085981388
49 0.30883011323956644
50 10.142146247285357
51 23.415779458919587
52 43.701142900943424
53 14.140101986933304
54 0.0
55 46.724165529595204
56 49.10636122153477
57 47.49869111287366
58 46.62797993128035
59 0.5981629398908799
60 43.79648817343708
61 0.0
62 27.544134370842436
63 0.0
64 10.063901360431496
65 49.179598793920604
66 47.95499317327026
67 38.080805737719146
68 40.12427340286519
69 30.939970609934296
70 9.110175698663273
71 36.04413619250411
72 36.667545866733796
73 14.863714450205315
74 35.983576401923756
75 40.781508515552744
76 38.654948577805555
77 22.005760994771485
78 3.7998623301355106
79 0.0
80 2.5168864966624422
81 0.0
82 0.0
83 19.65846509713591
84 28.544192593861016
85 34.031460363992736
86 50.196928569796505
87 37.64180964150385
88 45.11747913917423
89 46.22193382628267
90 47.08042901717671
91 41.28747957079196
92 42.19199663116492
93 46.50073657456875
94 43.52178990080067
95 37.596157791133045
