7 3.1214241063004
8 30.81851289198396
9 17.517029097544594
10 0.0
11 0.11790716935289754
12 9.477505623738395
13 45.87365868976586
14 47.65308074270927
15 48.72803425713954
16 49.38747835025644
17 49.357826424831764
18 47.599796115780634
19 46.7398976019088
20 48.400706919111336
21 47.121800358042705
22 46.456864444606545
23 47.44210297253906
24 46.6752226607804
25 47.80292872627381
26 47.63189575051192
27 48.00102364411811
28 47.92705469211233
29 48.31095806893979
30 50.43816226464309
31 53.61609069568681
32 53.98532868320419
33 56.506851374809465
34 56.450673516789664
35 56.0478220941333
36 55.20103247450655
37 54.90538628870545
38 52.710891781692354
39 45.991346906287326
40 52.33711235985314
41 52.12251120675267
42 49.04934187842644
43 49.493079245836114
44 50.566728320743444
45 46.861135244252445
46 49.339416157225926
47 49.3452304787941
48 49.600087850121234
49 50.13900586598578
50 48.48358042079994
51 45.661808906019516
52 46.9515876370158
53 46.649845626966744
54 47.37409760436452
55 46.804287486788546
56 47.76256703827602
57 48.663787533120704
58 51.71837366450418
59 50.1051610053128
60 50.50924194870734
61 48.792492542814244
62 48.1232603040091
63 41.89471250822338
64 47.53610884386043
65 44.36106053860111
66 21.775447880735825
67 39.79675130956096
68 39.86017534673759
69 38.09596910043555
70 34.56502978453343
71 39.75886985676791
72 40.16392410682989
73 41.19293641118899
74 40.09885364221063
75 47.04774875466118
76 49.18406989129217
77 46.52231735384094
78 45.24594415452029
79 46.15864917719331
80 47.90137976475329
81 48.31329599081407
82 47.72438711157757
83 47.6129166677977
84 47.47516625369726
85 47.967589900446875
86 47.97448911080963
87 48.19246393318027
88 48.493078476728385
89 48.48668628898719
90 47.896258956699285
91 49.969824810040926
92 46.14464465073865
93 45.76188608295471
94 43.015391930526484
95 4.777503284003676
