2 0.0
3 45.152520529646274
4 40.91748832746794
5 35.89763312840999
6 48.646233543067474
7 40.060902917680465
8 49.834443417777564
9 50.67854250917635
10 49.486925903870755
11 39.291050029675645
12 42.23875452027609
13 46.024431597208185
14 44.55583549748172
15 46.30677388792532
16 46.470113955122486
17 45.61181891875475
18 44.97089159702338
19 45.76382174773457
20 47.17103500809993
21 47.58692180057854
22 46.80074303939453
23 47.826833163939995
24 48.622197513498996
25 48.56996386537087
26 45.45749113719475
27 44.188019032821565
28 42.90292852509411
29 39.76668227137007
30 38.67357186321269
31 37.35320993871748
32 41.937154954182965
33 42.178193757025895
34 39.17498760062173
35 28.142971594066324
36 44.99815600023168
37 48.26936209308334
38 48.541249334473044
39 49.1042699271576
40 50.3023692167779
41 46.256398103868335
42 46.31386956714713
43 49.04405853590087
44 47.54879023381883
45 46.99004585967782
46 48.70209740481891
47 49.13023274010062
48 48.94014395205726
49 49.16349966091116
50 47.91677499459851
51 46.17984923269352
52 43.946639432888716
53 42.1867383076746
54 46.901275909501095
55 45.93377737214671
56 47.407724812622426
57 47.056013553863444
58 47.22027068552746
59 44.98693320830067
60 45.26790602625941
61 42.858469267871826
62 37.20638738619151
63 39.24798023573353
64 40.88530979344133
65 46.04445327633953
66 47.69972393300497
67 46.410523869937386
68 45.41545638002614
69 46.331870903525946
70 45.59025286497194
71 45.81386495066839
72 45.49687646298424
73 48.396334122344236
74 50.18907596933752
75 50.73465405251734
76 50.54984971831352
77 49.51731174471508
78 47.80234090412972
79 48.163079963184956
80 48.87644125051041
81 48.53505989433582
82 46.94581370672377
83 45.56745697978789
84 45.13408814371541
85 44.07281158686208
86 43.55047771746492
87 44.01592197109331
88 44.76543008331175
89 45.08647355340342
90 46.36015245521288
91 47.77535523011784
92 47.77267805826873
93 45.186071289043966
94 42.848267933545834
95 40.957513724902654
