7 0.0
8 38.3019182528261
9 29.827674788289343
10 19.00962200720122
11 16.063391427958468
12 0.016483318098015173
13 38.24005744588024
14 40.722813894870704
15 35.45268167665248
16 26.13673811021842
17 39.564269516410526
18 37.74989390129779
19 42.49271712822807
20 44.67041776760266
21 41.874274386044945
22 42.58852251885926
23 39.86380095080959
24 38.655839733511066
25 26.576162056470167
26 43.2468358143239
27 42.32238900782321
28 42.23021873798689
29 41.838160843472416
30 41.24824357559004
31 39.94547051495748
32 40.21046039771556
33 38.9403815165122
34 37.30978779991427
35 33.57710986907875
36 32.03426990124763
37 7.50102204437918
38 33.1267694815383
39 29.51529107820855
40 33.22308127685146
41 39.885579039213006
42 42.10324459539438
43 41.608690704538894
44 35.87807370218264
45 42.7472221335478
46 45.897637008865196
47 45.133052326737456
48 45.42602877844888
49 45.41459853014079
50 44.8527498391693
51 42.059370325361236
52 27.3362866369998
53 41.1824524999069
54 44.013905652820696
55 43.49023482950705
56 42.31529085130402
57 41.463546691164694
58 41.63367825206449
59 41.69353681845315
60 41.336316943991676
61 40.52235945169809
62 44.52645974598675
63 45.78079706273778
64 45.98469592283195
65 46.179043578476005
66 45.81792606482345
67 41.22898374006475
68 35.18888751976404
69 38.02634474959023
70 37.161323759042105
71 39.509893431836325
72 30.348398066590278
73 40.856884705126696
74 44.308201366417556
75 43.264847320749816
76 46.272111840241244
77 43.624227747210426
78 43.8400396028781
79 48.04383815608276
80 49.02268567680753
81 48.71608241560397
82 47.00976433132687
83 45.59147803832054
84 44.94294392545401
85 45.49396619775822
86 45.28910413444207
87 45.09670712794445
88 47.18903984687355
89 45.2182406882741
90 45.362895900345265
91 48.326981550882586
92 52.337022466519755
93 50.679556773476065
94 38.93324692030189
95 0.1914933666780809
