2 0.0
3 12.169264744968611
4 28.66533916190531
5 0.06122914794623843
6 51.88614225027989
7 14.217755679361582
8 50.937615193470556
9 43.80940118684658
10 41.000829199263755
11 42.49103970906185
12 43.120365462949906
13 45.20550753165143
14 46.529842301031906
15 45.28859966544434
16 45.03029534619115
17 45.37918817056835
18 45.313413582928746
19 44.84596449908815
20 44.99195399712857
21 45.41295104576124
22 44.81521416672625
23 43.38251559982173
24 44.920989464899684
25 44.759874553545814
26 44.999136187303904
27 43.92916120382496
28 39.28461735799745
29 34.93562428715207
30 40.32561797682039
31 47.28536461453466
32 51.91854700004688
33 52.89137927901322
34 52.79591793007872
35 52.255213450756855
36 52.28503403272406
37 52.865745675157896
38 49.9980842659517
39 48.78173375253175
40 47.71695286978399
41 48.50451011045425
42 50.934971497598845
43 52.02693000746905
44 50.33998863887941
45 45.841222074617235
46 37.26652591454794
47 43.112862908863534
48 44.61825154716328
49 43.34525476392975
50 43.716142183774075
51 43.27295738767428
52 42.56610008971973
53 46.6453839849017
54 45.1916992319258
55 43.067876599720606
56 43.41260686407434
57 45.71755990126831
58 46.06999943992672
59 45.638756048536834
60 45.15561733770457
61 45.69453645523313
62 45.186393330952406
63 44.067760283388445
64 42.17203449087416
65 41.60804049677699
66 41.655430671784124
67 42.15846742095078
68 45.848851692220926
69 45.43219735524797
70 46.13085712269744
71 46.56116310905735
72 34.64281589833073
73 40.64708297097637
74 45.90811665709475
75 51.141960812979725
76 53.283190139620444
77 52.962518562409
78 52.17175028214033
79 47.39719654195192
80 44.59784348487652
81 43.810062593178195
82 42.93284841174923
83 44.278366255550466
84 43.162899933773225
85 41.94596724840116
86 41.202897162114226
87 40.95040643372407
88 40.076406548369036
89 40.54601860473445
90 42.414751050884554
91 45.495085316354725
92 46.912222972974895
93 45.25373096140228
94 15.832879438006694
95 25.38468526763395
