7 0.0
8 16.618498091374974
9 0.9856942595999643
10 0.35490720709578844
11 39.708271240033824
12 30.420188764528525
13 20.307752192521104
14 40.228159613506314
15 40.09308845918427
16 40.04864043395788
17 41.68588649661822
18 40.982851890899155
19 42.689411808416736
20 44.96717299309845
21 43.689604575221566
22 43.9570650366317
23 45.1279535042832
24 45.09917549865547
25 44.80108131701457
26 44.83809362714771
27 45.08842486233754
28 44.680635742188215
29 43.75106953645931
30 44.39680438382563
31 39.85970697914726
32 28.083833653618022
33 29.069633395658684
34 41.48146618933623
35 44.93529519210749
36 47.496373864018786
37 45.16257493135328
38 45.766972098478725
39 46.22877778712596
40 44.665863213753184
41 42.29732449940554
42 40.918444281784545
43 45.908197130308366
44 48.22151618435306
45 48.90965705762473
46 48.11881563658405
47 47.89506879591252
48 48.02549192990974
49 48.29898783422066
50 47.44201462690415
51 46.540393469390345
52 44.31820440190007
53 42.387213219156884
54 42.911555937927815
55 43.3782953316513
56 44.12089322564812
57 43.27402063782086
58 43.2895340159187
59 43.17457685915718
60 42.82076849565124
61 39.73041684003672
62 39.989600432527425
63 40.09657177144212
64 43.35307708381989
65 47.91989190829892
66 50.100439829643506
67 47.476119504634205
68 37.92441906250091
69 39.373751172495375
70 44.80905282493171
71 44.504614862115275
72 41.59723504753998
73 41.16808232948061
74 46.50517584276015
75 49.61911135277904
76 48.60531701282089
77 47.89986264414364
78 45.740129378057084
79 46.63220230352859
80 47.44895836923372
81 48.030000610263215
82 46.73940341239637
83 42.086315441525976
84 45.07779957185776
85 45.075871046109896
86 45.09348231446164
87 46.08502873647637
88 46.844430592509845
89 47.38459265428679
90 46.53987753637421
91 45.891882161917174
92 49.39398943617139
93 49.306719529095425
94 51.626844323617405
95 50.51264689835616
