7 0.0
8 20.58471798638449
9 5.572600953448992
10 21.735396682241298
11 17.138442389590818
12 14.134562807282192
13 46.8496330822248
14 42.233994302138065
15 42.88831790751766
16 44.82274819350904
17 47.98756445602088
18 47.43772001781173
19 47.579554794115694
20 44.42659559846144
21 34.73602272351941
22 40.27253959748837
23 36.55884902707775
24 33.91932291457405
25 39.25243854678338
26 43.14353449308055
27 45.39375781032517
28 45.12246297220543
29 45.15079502080067
30 46.32124815281564
31 41.32708203457867
32 46.60603646658534
33 48.74413249593905
34 47.06895478717062
35 45.462527186278656
36 43.39110911554112
37 44.269073599374906
38 42.55503506290819
39 36.622775515569245
40 44.768960485635006
41 43.89292966279612
42 37.74060396535199
43 42.14134639374768
44 43.945529992650684
45 33.60561644049539
46 43.90154062582635
47 47.38737832519388
48 46.85107018646403
49 47.40028733753158
50 46.907376922072366
51 45.59734835412797
52 46.93362630921313
53 48.54567049630983
54 47.79155376924398
55 46.334653382344875
56 46.91718518131392
57 46.94413622601366
58 47.28553962064049
59 46.17713808324318
60 45.12679127704983
61 37.60632877625228
62 39.29648848224075
63 39.110035805117775
64 39.72679798560129
65 41.31646143447225
66 39.420636506842
67 43.13242249074273
68 39.283505287287504
69 42.37259786604409
70 45.72795884900945
71 46.94747912313704
72 47.71432449695076
73 48.72508331061882
74 47.59440831650914
75 43.96894312660009
76 44.53610899508491
77 45.38410665574657
78 45.493806835899406
79 45.36407214904636
80 44.724130607666446
81 44.11993654870092
82 43.89079797104175
83 44.500629635386716
84 43.950869496885126
85 42.307222597360486
86 37.77750566599694
87 42.87008417880798
88 43.08519300686431
89 43.51230474660705
90 43.99598197357171
91 45.498174476633174
92 46.540032286527946
93 44.96854364472369
94 35.30656295637521
95 48.42736359358565
