7 0.0
8 1.2148763847351374
9 1.2246584400397094
10 1.0695716640615185
11 1.6163935656138757
12 1.6853922217196868
13 1.6076904352912578
14 0.7100637004138066
15 0.5700960277909706
16 0.627911435825501
17 0.7988003874903689
18 1.724039111293417
19 3.101228892938684
20 5.588353658147541
21 3.7988022999846396
22 3.6966814705279156
23 2.214150581297614
24 1.8875871830556359
25 1.7921863013090233
26 2.1598786290826655
27 5.029451153834306
28 4.569623325233419
29 4.108944595531211
30 4.119817584767449
31 4.899485993731152
32 4.407554653851019
33 5.354060355385599
34 7.152419355067496
35 6.654212233214946
36 5.938288342550765
37 4.652720563502133
38 4.073973369287725
39 3.5086439888632497
40 4.130473433023354
41 5.456279302149039
42 4.972007254167833
43 4.812710076522987
44 5.015974059486564
45 5.507975219242621
46 5.479928906928832
47 5.077362494228632
48 4.921480718412928
49 4.632770382444023
50 5.325510763736969
51 4.830113355384458
52 3.157377389427535
53 2.241108273122383
54 3.1416423948742795
55 4.332306563334022
56 4.066501844788649
57 4.406719520751986
58 5.668338213398014
59 6.9594694893295825
60 4.685619571616915
61 3.711668018853318
62 3.836676454496801
63 3.65755957288382
64 3.5265938895377076
65 3.578971692600482
66 4.063522170424256
67 3.9030937835495765
68 3.8544925367873852
69 4.2564107987038895
70 5.841534893475576
71 5.674828593956407
72 5.612720409969229
73 4.264540738761145
74 2.2738622394319434
75 2.6081363683688834
76 3.5919564033556406
77 2.5993269293953087
78 2.7072935853137396
79 2.526477037994889
80 2.3484722939620344
81 2.1684891460009323
82 1.9478197447682106
83 1.927615003797819
84 1.3281020022190264
85 1.1657791155624997
86 1.6396815023236422
87 2.0053315340042017
88 2.9143150073421213
89 3.4425037103044214
90 2.8415012819922043
91 3.2048579281569496
92 4.243549164729037
93 2.1564293281879894
94 2.4020415351477955
95 2.8203164416524404
