7 0.0
8 1.5145441371246928
9 0.6388726105866104
10 0.47350889210715613
11 0.40481204072620586
12 0.735666526039848
13 0.6404526306671405
14 0.9620436372869915
15 1.0007079317352376
16 1.0285908992263202
17 1.0590291085898236
18 1.6372182518160634
19 1.4080977598561535
20 1.236200404619205
21 1.3291127115809656
22 1.4031340576064182
23 1.546124150466472
24 1.591983700804233
25 1.5331699334726174
26 1.625004412087609
27 1.7835494738268145
28 1.7934319192497312
29 1.724654590545153
30 1.9785864671780389
31 1.692567197100399
32 1.4905256932324855
33 1.6383710479174192
34 2.826893726902785
35 3.3804216100399693
36 2.935127265797496
37 4.322647766477045
38 5.1656473978706705
39 7.148737854091604
40 7.3864710930657465
41 5.082634479679923
42 2.3913815035247943
43 3.646357832828592
44 3.904054199635874
45 4.532432847473104
46 4.973347271749715
47 4.271291761875167
48 2.8064438573472534
49 4.52549058904012
50 4.531384672557168
51 3.8666400196990858
52 2.9358878046714665
53 2.2407321424002187
54 1.3542191616491233
55 1.2267749127308698
56 1.4237580432975465
57 1.7136769173232675
58 2.0226659249347536
59 2.5552493805620484
60 2.961474050369834
61 2.789085734138672
62 2.163998400848783
63 3.088469602626447
64 2.36745350858478
65 1.6191895086645818
66 0.9599774674684387
67 0.9712216503458379
68 0.8174109655339271
69 0.5938734540289237
70 1.0047578236941508
71 1.5846963820369755
72 1.9112312210723597
73 2.5166106178720367
74 2.0389376831952144
75 1.9016940564124805
76 1.9805300720653134
77 2.251629290138551
78 2.395685185371726
79 2.6347722287093838
80 3.6225620821702105
81 3.3662054358432387
82 3.651834263620245
83 3.382398315341991
84 3.219647535337487
85 3.3629964033401123
86 3.9407048578345587
87 4.446853455104222
88 5.042303804633845
89 6.13851879570828
90 6.404658657997532
91 8.431427339665234
92 8.629420244731614
93 5.162792674812464
94 4.831074195736012
95 4.7945874766651135
