1 0.0
2 5.309780414266962
3 5.872792032888368
4 5.115115626131931
5 4.224761076592664
6 5.220498805006947
7 3.19792781974019
8 1.834554051231462
9 3.4478200898258287
10 1.790705039422834
11 1.7754981309737952
12 1.798981978190665
13 2.104586913110705
14 3.112440759985421
15 2.7089801321893727
16 3.368024279784298
17 2.883214338256645
18 1.9680732515686843
19 2.742802820261886
20 1.6654319039809187
21 1.8879754809730604
22 3.0225881657792946
23 2.2839302926000578
24 1.6190856431855283
25 2.0914783483039923
26 1.0064678544900056
27 1.8539036292603432
28 2.9759500569829505
29 1.8691179120015011
30 2.5238512851538566
31 1.7299705006390858
32 1.725335045627643
33 3.2802360711850396
34 4.571078662181873
35 4.30157824592332
36 4.85365214866764
37 6.614894014289645
38 4.361470623415368
39 3.662939408121301
40 3.7097316835148684
41 3.9080030471454554
42 3.4061793211015714
43 1.8035417134943865
44 0.9240272817644147
45 0.9807233056039875
46 1.2297620851197484
47 1.6376201717342185
48 1.8942883145667062
49 2.2891765966973288
50 2.355009651687135
51 1.272838033422923
52 1.13155077624198
53 1.2274342598872625
54 1.2785646575648408
55 1.4325736594794012
56 1.4610633787034044
57 1.8979914366922008
58 1.7826149683023156
59 0.755442692100695
60 1.0189767605457325
61 1.4493469203060838
62 1.4809555355262252
63 2.152232135010224
64 2.633799055461278
65 2.012598995114903
66 1.6956814803403688
67 3.3650678732528227
68 3.6606302887232465
69 3.5072656551492782
70 2.5607568292421594
71 0.879682883037966
72 1.7990551987498753
73 1.2544433924054164
74 0.6981932138689925
75 0.5834972492756072
76 0.7890743462378474
77 0.9120889303419292
78 0.7676942518948932
79 0.9157795434649092
80 1.0264583890198902
81 0.9531625567954007
82 0.9065574036355181
83 1.052785360477474
84 1.5061675997862025
85 2.1493406941589415
86 2.7069601437883626
87 3.2896059412019167
88 3.3163238983875427
89 3.1130748141439346
90 3.5771610551921915
91 3.322933440394245
92 0.6535435541772552
93 1.898760283986951
94 3.322180131425284
95 2.9953501083286076
