12 0.0
13 4.628315288377604
14 4.590781917406095
15 4.484991750117977
16 4.871955590613759
17 6.4879275914157315
18 6.809728439490474
19 6.914454622200682
20 3.7812519005317187
21 4.888295430078684
22 4.082433519889854
23 1.6657754683807071
24 2.1048604932536215
25 3.0712934573163886
26 3.2868011928167915
27 3.528366442651138
28 3.939377517123552
29 3.8454211225725805
30 3.900639327148907
31 3.8961929364845123
32 4.02729636908718
33 5.379042799774939
34 5.569655462455959
35 5.316589252297962
36 5.123040460033206
37 5.235430890365627
38 5.274611995430911
39 5.827491783087912
40 5.869546940018414
41 5.495568413098006
42 4.820125521441311
43 3.975333104604887
44 3.369044499534694
45 4.707080948665714
46 4.746882071416079
47 4.791640962748203
48 5.263554732252995
49 5.035672578966553
50 4.895974695810801
51 4.960007539188623
52 5.094327290019948
53 5.582486411665712
54 4.796454176563884
55 4.632956893935458
56 4.537617764589465
57 3.636421740384372
58 5.623937399526274
59 4.552356468306685
60 4.305828379618272
61 4.826519923166617
62 4.772267567496737
63 5.187932886481185
64 6.249720805587181
65 4.5443088281321184
66 3.95694784108548
67 4.3465422731705
68 4.333866076270853
69 3.894022125781786
70 3.213299185249259
71 3.1670343308559907
72 3.09646790360641
73 4.972836864261295
74 4.972976718233828
75 3.6448604584624285
76 3.5265830077519214
77 3.3420591039159993
78 3.920216386305561
79 3.3256506093914173
80 3.0402953025196244
81 2.8383864485104677
82 2.6902664411739785
83 2.6246899205851864
84 2.1393163678748217
85 2.075064663854276
86 2.0452966399144517
87 2.001993575783226
88 2.446115588687477
89 2.5718219119906918
90 2.606752727088428
91 2.562055774831454
92 3.298547791108547
93 2.411586166362545
94 2.7211434663905436
95 3.210158893872165
