12 0.0
13 2.5246695777541532
14 1.9845441124396763
15 1.2932277519330952
16 1.490259586282228
17 1.892411865208915
18 1.5830828856392725
19 0.9419526508998806
20 0.9450298769021825
21 1.1447338094533295
22 1.2438319969695788
23 1.7914495345256571
24 1.5579564540607413
25 1.444993805054212
26 1.3961834818346384
27 1.3953370300513528
28 1.4838182101464858
29 1.6530156240056737
30 2.5901029489752334
31 2.0721726370501394
32 2.017596775267048
33 1.160482100561139
34 0.8833846333217946
35 1.1729133505224498
36 1.1181755522083534
37 2.297038425209723
38 3.103479074396339
39 4.0745530725332015
40 4.961899280528309
41 5.3995775219341535
42 6.050453651888888
43 6.0816556814441105
44 3.938540360936882
45 3.8740173199542522
46 3.900946050202254
47 4.771622160029099
48 3.16441849730358
49 1.608884434781581
50 1.7808209337586238
51 2.0744621168450634
52 2.973644525787007
53 3.319032111172213
54 2.1683232345007593
55 3.1791193993735356
56 3.2728662269083793
57 3.733387215071709
58 3.626476746406355
59 2.3954143373607653
60 2.163374658989143
61 2.6601453386770624
62 2.986851890671136
63 2.607482206128436
64 2.7995607739927664
65 2.712468878930514
66 3.128234968273783
67 4.64623978725232
68 3.1216159281508995
69 4.6424931026876735
70 5.089352644645016
71 5.443656426776721
72 5.797337885692485
73 5.819728291621809
74 5.354570946315255
75 3.442240534733374
76 4.29420492577284
77 1.334685512581507
78 1.7204767134641228
79 2.0186330518222424
80 1.9242485794768058
81 2.906731696340445
82 4.005161298575246
83 3.512944569983754
84 2.1321815268164857
85 3.355226195646111
86 3.0718704119269002
87 3.4570159887658485
88 4.964450818530707
89 2.9511251375896337
90 5.2143596437356035
91 2.102603449566509
92 2.04212023380594
93 1.283811852228858
94 1.1265773936937067
95 1.3827605464733088
