1 0.0
2 2.3543076564151675
3 1.1391247662074748
4 2.1739557894739376
5 0.7447400131283749
6 0.9993300015098471
7 0.9248158759531044
8 1.7809891121354882
9 1.9642587037510608
10 0.9951439634606557
11 1.8239030299309509
12 1.8453865728141878
13 0.8227637389376707
14 1.0124367781048385
15 1.3576994907037767
16 1.7003947305007676
17 1.704069926351119
18 1.5816656473240545
19 1.9484909987160992
20 2.2474440713709862
21 1.6510343440134307
22 1.918123458023888
23 2.6039138383679443
24 2.6605302125177452
25 2.717730776888276
26 2.1165657565761458
27 2.572272419046426
28 1.9857547598738954
29 1.0123933259707916
30 1.087569103432439
31 1.730011607187282
32 2.1582984212843095
33 2.1160713284729766
34 1.9889293246044937
35 1.5429837833447653
36 1.427355220063254
37 1.5509544818305818
38 2.5999205436123023
39 2.323377178928965
40 2.34680247898862
41 3.7037980448627197
42 4.355624721196851
43 3.539726694630933
44 4.284073666328286
45 4.3676346288391805
46 3.8055324293122874
47 1.8903593094700337
48 1.963494377195553
49 1.7756501273897507
50 1.457270399299388
51 1.0698630006158376
52 1.245542602183493
53 1.6552258011579764
54 2.42864061231236
55 3.4606150733229435
56 4.87377052313799
57 5.135097262327655
58 5.262441819516989
59 4.569974303708153
60 4.698564619216488
61 4.5272103327332704
62 3.6857535490984303
63 3.2243133869046243
64 2.4868979661928328
65 1.8491862658795615
66 2.3413818702726474
67 2.7148126632929745
68 1.7276184408404145
69 0.7515191829643554
70 0.5944791261749791
71 0.6901329660503674
72 0.9381121954928063
73 1.8091751951599901
74 1.3773442321416507
75 1.353984195031055
76 0.9995294239125562
77 1.336836361867687
78 1.244562989790836
79 1.1026101082252964
80 0.9801704677939361
81 1.2143221511241742
82 1.2677425437467946
83 1.3106056241422082
84 1.4106418404041137
85 1.5873064220831432
86 2.0383413029774067
87 2.283678397183468
88 2.5789346225671848
89 3.061453977814133
90 3.319606807686994
91 3.5071225767559913
92 3.1535927960511407
93 2.278367180417093
94 1.5735044385783732
95 1.5722721145378864
