7 0.0
8 1.5405405755138224
9 1.457804065484681
10 1.4171244393329736
11 0.8317415243740068
12 0.5549798035968213
13 0.6769519692870969
14 0.638073554667627
15 0.6698822631639862
16 0.7258227742400515
17 2.106993830020856
18 2.1163691676246827
19 4.5332154317595
20 4.486053836631697
21 3.816591465089053
22 3.194563400321549
23 3.1511547699306512
24 6.08249211212783
25 3.158244880851457
26 2.3187091430089892
27 2.135357609656137
28 2.1063015356680252
29 2.1083624044813027
30 2.0185595248659247
31 3.2677698077928174
32 3.475652172302239
33 3.516925661567222
34 3.6925236815247344
35 3.2144407906265444
36 2.900547387060222
37 2.7784305004080045
38 2.8991092405348917
39 3.5983427415827562
40 3.7085354976324254
41 3.9481266759014764
42 4.780650973429817
43 5.3806826977365505
44 4.341863717364848
45 2.1191579009983377
46 1.3927818942893888
47 1.6782727888476894
48 1.3358467099082818
49 1.2527878977548481
50 2.33057873938457
51 3.697695687042093
52 2.0906861749063226
53 1.845221416175599
54 1.5239049349241176
55 1.7621527464909588
56 2.009552526954814
57 3.1829101496424532
58 3.8528440431979147
59 4.044027790801565
60 3.793383203237922
61 3.3686479302479175
62 3.77473365019229
63 4.506545331280768
64 4.650898719953957
65 4.227988349019423
66 3.5433236598536997
67 2.8689309525182183
68 2.25689993274539
69 2.0911865214421166
70 1.7475572920491924
71 1.8124007878969182
72 2.3180745319431195
73 2.344771279030286
74 1.8123004323907614
75 1.8632943419444887
76 1.8940198301488318
77 1.867553645002019
78 2.0200738041225774
79 2.1283025759980543
80 1.8679127501873174
81 2.0326970344426196
82 2.222609153614074
83 2.3301595894911724
84 2.0298945946504507
85 2.186188387058266
86 2.0359955818102513
87 2.240687789541058
88 2.407000186252331
89 2.708371523328123
90 2.544278129865616
91 2.5200531163709843
92 3.3470279802809477
93 2.116448972516928
94 1.959497003629786
95 1.3432055234945106
