1 0.0
2 5.989017049677943
3 6.087970568271741
4 7.16688946752671
5 4.3721266284447875
6 1.4845049741165306
7 1.525204591975997
8 1.6504078972499812
9 3.322826754199093
10 2.1610639273638848
11 2.1888710082085385
12 3.1064531431400986
13 3.7765464388469114
14 3.1079313749630972
15 2.0288886432716935
16 1.8632267164519807
17 2.871134043071279
18 4.415520243351828
19 5.380404894684174
20 3.8515172382020224
21 4.391720771195167
22 3.9017290167157297
23 2.304035297229006
24 1.9551145954770999
25 1.6007273481333295
26 1.2768935330373592
27 1.2697183224163833
28 1.8217102057361
29 2.7997989678190778
30 3.4047705726466417
31 1.7335614893767612
32 1.026453271876292
33 1.1653788976453132
34 1.8183928575608588
35 2.165405074721891
36 1.7488324551373513
37 1.1562965515947654
38 0.8494348437107964
39 0.7247463046491106
40 0.583935626846457
41 0.59283757803191
42 0.8683629055198447
43 1.0762021037078187
44 1.0632311777730534
45 1.1441362524201248
46 1.4377830498818176
47 1.3958770418254225
48 1.161610668140506
49 1.1106193618381648
50 1.026007112214984
51 0.9614526068231015
52 1.0771835841309882
53 1.0747863041003765
54 1.988645885993891
55 1.9521442980577004
56 1.9714000438315764
57 1.9515800043188958
58 2.3717617405525138
59 2.3333901411344464
60 1.1958847227746194
61 0.721457077370938
62 0.5563136211778764
63 0.46020433522060145
64 0.4976628466574968
65 0.5054820865168712
66 0.5547604679540782
67 0.7082884729843286
68 0.7881081951733322
69 0.8266777031475019
70 0.8774247145173901
71 1.0542017729064441
72 1.37296360018253
73 0.8302577791911759
74 0.8642594498828996
75 0.8421894257357029
76 1.1846856522145186
77 1.262279061105137
78 1.4615905296615173
79 2.3376597204802834
80 2.7886318222596307
81 3.733645729998822
82 4.94543070241807
83 4.8563509632214314
84 4.622195617091164
85 4.415734148591228
86 3.488899543353461
87 3.6349795136266385
88 3.805822727484842
89 4.05527322879186
90 4.6391974166959375
91 5.3927165964847505
92 5.290549095883839
93 3.2293075759281598
94 3.279032353481436
95 3.3608588154856234
