1 0.0
2 5.274665724826327
3 2.8996105551745313
4 0.9914263576731989
5 1.0389796930077486
6 1.2527351598660015
7 1.6229308315395876
8 2.7745946252046774
9 2.4219280584092364
10 2.8704944080449475
11 2.222192154433899
12 1.9477068990037631
13 1.6728587256252345
14 2.084900370561607
15 1.9860777134104797
16 2.2689123234687747
17 2.4480112528685614
18 1.7279232595054084
19 1.9523490921108766
20 2.0025945265536715
21 1.920701871432781
22 3.0735685982876295
23 2.1954603030334043
24 2.7861127791159728
25 2.8219657174116333
26 2.8976878720699832
27 3.0273995834275698
28 2.9533205769257496
29 3.860087359734221
30 2.907933537043332
31 1.7580733831182196
32 1.8816546299740669
33 2.0421105716287706
34 2.627685854021778
35 3.0402254062225755
36 2.564546048346425
37 3.267888505321321
38 3.6965454610968393
39 5.636621122839397
40 6.35882963674343
41 6.785059968843496
42 4.4735979876521865
43 2.755223456557867
44 1.5459722580719413
45 2.2517536732528
46 4.881966173015793
47 5.721922835857055
48 3.0730179181466024
49 2.2935260879886874
50 2.1782210869364866
51 2.6292791263145534
52 2.0232097358427246
53 1.139791765609477
54 1.8512990134826046
55 1.6017731603404692
56 1.8693844997906297
57 2.316997745873772
58 1.8779851402705554
59 1.1383691903608468
60 0.8667393315016417
61 1.0749314076776477
62 2.3686950579927415
63 2.422110608604595
64 1.8261143451835116
65 2.408226031055722
66 1.6627773765444431
67 1.1139679490403038
68 0.5581071404548777
69 0.5509597564324966
70 0.643957777346038
71 1.360330212979235
72 1.9355038739935457
73 0.9021102988839611
74 1.000900756628351
75 0.8360330067429815
76 1.4811531259543507
77 2.1321428154412247
78 2.3705109454145012
79 2.0838770163095717
80 2.286499477487688
81 2.801698095479287
82 1.9124275343818782
83 1.4563435122365087
84 3.131113290527976
85 1.9510095069694284
86 1.6034199556607458
87 2.4216980426076966
88 2.9564068394500205
89 1.9294595730547657
90 1.3820700038880216
91 2.3417350831014017
92 2.1730352581069847
93 1.6412171852212916
94 1.5691315468680953
95 1.5209797454244638
