12 0.0
13 1.931506382902026
14 1.2528835302148533
15 1.1485953527892452
16 1.5335476628630285
17 2.9424155524671565
18 2.8981328759754668
19 2.9502990333548973
20 2.4460979015043534
21 1.813264198920653
22 0.709350365411672
23 0.9173776933834537
24 1.3357588698229412
25 1.467799702679312
26 1.6311229988613982
27 1.5460051479138799
28 1.656197520623424
29 3.0306324540826233
30 3.324555927879538
31 1.5831770543255528
32 1.1939385754012894
33 1.436180297221097
34 2.3745990715937793
35 2.388883819832976
36 2.177889574554234
37 3.2873685665868004
38 4.307744347003646
39 3.9704599672220597
40 3.8736854769615268
41 3.4131312560740064
42 3.2719374527210467
43 2.836620561611556
44 2.7416537105057053
45 2.760910631193244
46 2.5112575841806124
47 2.1337673338888745
48 3.1661624346728985
49 1.527208324922933
50 2.626449218244788
51 1.9752047047100951
52 2.598293300896687
53 1.6115864073797186
54 1.9794605184450786
55 1.4465204198300459
56 1.105477351568161
57 0.5457130019416975
58 0.5359593982378247
59 0.54517919986297
60 0.5323702324708716
61 0.5802174814033567
62 1.1191707431846905
63 1.2116547491220757
64 1.7440975645778154
65 1.7019817587815886
66 2.8240284012336065
67 4.111994823065788
68 3.0939332088131763
69 3.4148229173784235
70 3.733102298756271
71 7.770509229209283
72 7.734588998226948
73 4.9821750315651
74 4.539106531915889
75 4.879930708205906
76 3.4373761791100668
77 2.5163328260418076
78 2.1957560717633084
79 1.4790280608583848
80 1.1998374757026853
81 1.1235318326550805
82 1.0494828771801692
83 1.3869042994298335
84 2.1061779251050714
85 2.3011402704129202
86 2.0509006498969895
87 3.6285256746407315
88 3.071651592009331
89 3.7981840624395113
90 2.5570306695777396
91 4.902349858910138
92 8.188757618711346
93 5.251520017255993
94 5.480576643830485
95 4.803849483605593
