12 0.0
13 0.6280494121188561
14 1.4818666403245229
15 2.8592735363155732
16 1.8144136426157094
17 2.154366093204356
18 2.31429928410502
19 3.081668195221206
20 2.104063350399577
21 4.460278325581173
22 2.037697557343569
23 2.0889303649640807
24 2.3121015949463843
25 3.0088385581071844
26 5.630381647989845
27 3.268230867985112
28 2.0543437187378712
29 1.550364998428572
30 3.7060400100691884
31 3.1453043427314213
32 2.631576206186345
33 3.273764823446029
34 3.1539503474865347
35 2.2087888561062345
36 2.2579785046389236
37 1.2547254019276453
38 1.0222403581908717
39 1.49283420769544
40 1.4705908597812138
41 1.5152444745248541
42 1.7303752833368813
43 2.105477786925826
44 3.4238605306312544
45 1.8468282719217501
46 1.7408747814445826
47 3.108657828689625
48 6.293142446653701
49 3.6899631071262093
50 2.9108245422038146
51 2.3551580564603922
52 3.0123750678931134
53 3.4495762822663383
54 3.496054218839754
55 1.4055150675655836
56 1.986387201532554
57 1.2826915866324593
58 1.4365341825012312
59 3.1849332246709956
60 3.873566004092782
61 1.4418575409642833
62 2.5871093867742805
63 3.6250271155306013
64 1.6486839547280656
65 1.2362744667682557
66 1.9286626723645943
67 2.335120390117849
68 3.8693256773220672
69 2.5716007126501177
70 1.1413341180578551
71 0.6443686118540787
72 0.5501882369663376
73 0.8407113099127738
74 3.4633033167241645
75 1.1833044903413863
76 1.1350476714097715
77 1.2558146519538635
78 2.966556144016301
79 1.8741178059788397
80 2.1549631538467877
81 1.9811131890448033
82 2.0589719666548976
83 3.0587869062722777
84 3.052066232216384
85 2.5927897821298562
86 2.990766290088405
87 3.189629979150304
88 4.678126704388018
89 3.2415004018433042
90 4.058434283569075
91 4.188920244883013
92 4.331115727753232
93 2.7314938161933453
94 2.536847384380995
95 2.5873304512442297
