17 0.0
18 7.130757311168712
19 4.260725828522983
20 2.224202530768178
21 2.0506407103668476
22 1.7035379345001624
23 1.8992361241745688
24 2.1039074802269284
25 3.625064188600141
26 5.732494501335095
27 5.995186401713103
28 5.797331963591495
29 3.640276276491595
30 1.4434309422142113
31 1.1214043697884248
32 1.0991663191472116
33 1.228970395216259
34 2.297414337784815
35 1.6631043930778138
36 1.2455102909142657
37 1.2953068596071975
38 1.3690032083219859
39 2.255490525867253
40 2.9010831357127893
41 2.5786618966668255
42 2.5404431673201997
43 2.955475299898875
44 3.170534757355729
45 3.5581319122603943
46 3.9343839142908936
47 4.15126419918872
48 4.163589262382874
49 6.047940663657568
50 6.638831032173164
51 4.920585293268849
52 3.0369631835285085
53 1.3870588802763748
54 1.064930536495052
55 1.176725804518475
56 1.8198396566524944
57 3.582940305447773
58 4.9997899562318535
59 3.060094254956538
60 1.8224879273438188
61 1.8320897546273816
62 4.494561793155725
63 2.4896641370314856
64 1.3509950181963373
65 1.5916091526194547
66 2.526697326127631
67 3.297886112859298
68 3.1920869009798807
69 2.4863954126774868
70 2.256023172752044
71 1.6158332121335242
72 2.4466844959765037
73 2.4183651350349002
74 1.4459171980194754
75 1.5848129019065171
76 1.1866324101150012
77 1.4870241969769662
78 3.668484447967078
79 3.1858397925031046
80 3.8982221480044688
81 3.090236996247893
82 6.930939103251635
83 7.62254941843736
84 5.453221993788711
85 3.4686553128708035
86 2.0940380057163153
87 2.2193367203189154
88 3.294494274029252
89 4.962607602365835
90 5.1852516839643705
91 5.576397463632219
92 6.409193409843055
93 6.313980630894029
94 5.762125270117203
95 5.0611757767359755
