12 0.0
13 2.6112169348754155
14 1.3295695524736322
15 0.9905236388430191
16 1.0693697489520104
17 2.521305086801152
18 1.044979540228514
19 0.7557199369892736
20 0.6565415162008615
21 0.3721123571315288
22 0.816164259319042
23 1.3351207242157306
24 0.7734761785823792
25 1.030699606771938
26 0.9495935849421521
27 0.7082878012118973
28 0.8537073503128959
29 1.9138428266841698
30 1.5057194893125116
31 1.034689624643485
32 0.9742394016537196
33 1.2049094877139837
34 1.362519599668615
35 1.063161188920603
36 1.206857953828879
37 0.7878213878709517
38 0.7507059145225479
39 0.9623065638783497
40 0.8849664637691046
41 0.8213150789059421
42 0.7594984075531964
43 0.9814989660878791
44 0.8846015920496386
45 1.5328847368000602
46 1.303448898697655
47 1.0988741838167546
48 0.6288992413582959
49 1.389519012206858
50 1.6739997552572963
51 1.775038386041757
52 1.8291465738384582
53 2.043294750714914
54 2.087408334398859
55 1.6415389554022404
56 1.347943799783412
57 1.0756041483581327
58 0.6232602147739862
59 1.192897395791979
60 2.345479560240205
61 1.1741290824073756
62 1.3133206864724032
63 1.1544321356390508
64 1.264354303501588
65 1.7487305691552464
66 1.7809239637325158
67 1.8779913388652
68 2.299616644652717
69 1.8298276875909567
70 1.5064907566520205
71 1.9422146188785172
72 3.130702737612527
73 3.0963337708029237
74 2.219249385320926
75 1.8713449535420388
76 2.324117557508851
77 1.0744721835897182
78 7.141241931810631
79 2.823957571394662
80 2.070372213673286
81 1.9576347083077652
82 2.63932434786342
83 4.2249457725744834
84 7.982695596962025
85 4.553417136385463
86 4.63747352030735
87 7.0514190616761345
88 6.915096646133828
89 8.829665901551245
90 8.118352625254426
91 6.1736263906217905
92 7.038025427127905
93 5.143976132680051
94 5.858903313691102
95 5.826736440791498
