1 0.0
2 3.4690330686187263
3 2.718605693033745
4 2.387282102458271
5 3.1620375987703677
6 3.074730546084291
7 2.660752098847567
8 2.667953907703903
9 3.0615494357792086
10 1.5676493833505538
11 1.0875477732065681
12 2.623774226754384
13 2.879070753975219
14 2.5152243505593495
15 2.230912673371895
16 1.9764335530367447
17 1.8542209703243873
18 1.4170809524018801
19 2.3058735381118187
20 2.8369250675591804
21 3.2437001025698993
22 2.468917261026312
23 2.5138373599268826
24 3.060047310028141
25 3.473800769933035
26 3.3639091555377405
27 3.4968694616307996
28 4.045388385621669
29 4.98282545340794
30 3.643212808214307
31 3.4299356049397605
32 3.015395901446585
33 2.664303222793894
34 1.0311705003249945
35 0.6611809393037106
36 0.9408923157620426
37 1.943251936156185
38 3.2988459123376668
39 2.8717154210959235
40 2.4874365444809774
41 1.714671109389483
42 1.9663477634608206
43 1.9080877169141774
44 2.689247831030105
45 3.677595004143642
46 4.0138468364352615
47 4.595609256614928
48 4.322631990114235
49 3.8240288777339413
50 4.321886721863599
51 5.5491366624572365
52 6.121782100017765
53 6.578651536712355
54 4.025232055101979
55 3.4591564898913494
56 4.209782742099209
57 8.155002355192083
58 7.664809130184637
59 4.563319800501233
60 5.231678502085573
61 4.556831554049644
62 3.887795825003063
63 3.609852016133846
64 3.5954984685429934
65 3.170978557732732
66 2.562566983865455
67 1.5460282055827241
68 1.0180307612679718
69 1.9381566954480383
70 2.444140205149364
71 1.0942884222189393
72 1.3334082248601065
73 0.9789153460518325
74 0.9288193270037773
75 1.1868511278806901
76 1.652889793755334
77 0.5273683464560491
78 0.495392654637628
79 1.094018030821293
80 1.2790231335928561
81 1.9908990491070304
82 1.9863600648301971
83 1.3220634659843777
84 1.6668592374556295
85 1.7277041582932642
86 1.693844433147635
87 1.8038894602413869
88 2.883268573272036
89 3.3948961941878686
90 3.3800819803704765
91 3.3309020361189856
92 3.4132079911168267
93 2.0362085017331135
94 1.746801086161519
95 0.8749798703502585
