7 0.234375
8 1.8105079086335343
9 0.8954478347682405
10 0.9045890630454796
11 0.9264337346884257
12 1.072146871534889
13 0.6288371593505077
14 0.659570301471977
15 0.7232299484226127
16 0.8570747515440771
17 0.9383673903055856
18 0.950507035828683
19 1.5658342870706707
20 0.7963890576161226
21 0.6512215305847281
22 0.7132913997216248
23 0.9666765672733341
24 1.0650154317256308
25 1.378925157008787
26 2.539066814147936
27 1.5158899543618793
28 1.059024116252131
29 1.5369312140938503
30 1.1541805558107243
31 1.1930757940288885
32 1.228905340928513
33 1.0835969091013002
34 0.8276147126150918
35 0.8671166740625664
36 0.9927003539589744
37 0.9309976053412514
38 0.7862712171966839
39 0.605055644908858
40 0.5873717386485882
41 0.8084079362439184
42 1.491100587032791
43 1.0596175495041928
44 1.0405270590367863
45 1.0277559048525962
46 1.0137645807427054
47 0.923808432497478
48 0.7847759602031182
49 1.232066759767054
50 2.1619242358945616
51 2.829179504927934
52 2.1544740456457827
53 0.9160938857749114
54 1.492596756897903
55 1.4187790325819194
56 1.176064388332317
57 1.159706922169635
58 1.5896215936704232
59 2.082131341698874
60 1.7776713681903058
61 1.771864590419915
62 1.1266777664193814
63 1.016412239004166
64 0.8598016295570323
65 0.6572325033803326
66 0.7144335912244316
67 0.6541237590324316
68 0.7257609330284855
69 1.3181861357351354
70 2.1481857049842668
71 2.9533770788031983
72 3.6314379625885422
73 1.9444559265582624
74 1.4706417380873753
75 1.5534683492557917
76 1.629498157072214
77 1.112272136284211
78 1.1152546252561215
79 1.0970474745107377
80 2.216351896339958
81 3.024811959043723
82 3.502327736425442
83 3.6885098895389095
84 3.8021341363296273
85 4.14414612383513
86 4.507748838954919
87 4.883561740110397
88 5.556998957583767
89 5.648559139430914
90 6.173260359169875
91 8.437125967509669
92 8.856469256860908
93 5.689951730371932
94 5.181602986801596
95 4.4819094397410595
