17 0.0
18 0.6294017917296065
19 0.4572639888033077
20 0.466860520649747
21 0.9453083988231343
22 0.8135708813298126
23 0.780973297433593
24 0.7466344940382063
25 0.7078510943460381
26 0.7763439507743028
27 0.9153453437608015
28 0.9150411184005158
29 1.4639143149160805
30 1.0809121151559087
31 0.8448560460977774
32 0.8815235064024626
33 1.2410052768685857
34 0.9321532475968093
35 0.5885270733696065
36 0.542313816503721
37 0.6242981630599088
38 1.1132569751534862
39 1.024321232457673
40 0.9641075883678077
41 1.4679412917359074
42 3.7490276830639746
43 3.6306076957965554
44 1.8306762220000323
45 0.997811354684947
46 1.03276335902789
47 1.3083569158230737
48 1.2810652045381938
49 2.063776308346633
50 1.7791174265719292
51 1.600352029545795
52 1.241539799452778
53 0.9434721026811955
54 1.0046354635217007
55 1.4540100648628178
56 2.710246058001159
57 2.236901003263524
58 1.1229272125599759
59 0.6740424003171184
60 0.5689356121144621
61 0.5811207222755593
62 0.6546174392322552
63 0.7686625929745347
64 1.190409757686716
65 1.0487065310010284
66 0.8818423851918803
67 0.8902749206164181
68 1.0636909167833228
69 1.3512137456184967
70 1.5829455752395007
71 1.9388635771535603
72 3.42847470824403
73 2.14454691171478
74 1.0273692984129377
75 1.009897383516487
76 1.0742334900500812
77 1.0484854666578929
78 1.5406083158509243
79 2.252949431470369
80 2.0607726611577184
81 1.8292667119998822
82 1.7634438033730562
83 1.7607134761515604
84 1.9499445766851418
85 2.0546828498168397
86 1.9848826842247294
87 2.6748714058022722
88 3.1018025516779733
89 3.800259167456842
90 3.968164849852062
91 2.8776569522684996
92 3.791905591029831
93 4.185514916115371
94 2.4533663402285586
95 2.1890320698441985
