12 0.0
13 2.7962984984997843
14 1.8609328447925293
15 1.2377984588939157
16 1.1833448106213
17 1.0652695203306477
18 0.9156944405529055
19 1.1409868215234282
20 0.7967390126327726
21 0.8330041726603055
22 0.77423646175986
23 2.3857151202473617
24 3.0351406990790486
25 0.9233770956252007
26 0.852300641941244
27 0.9027192750534876
28 0.9134085441811195
29 1.0293651676810682
30 1.4082596412260722
31 1.3015009128836426
32 3.1392044449968877
33 2.159333748907639
34 2.4191742037929185
35 1.991163158602855
36 1.6581107225376794
37 2.8673506946796583
38 4.438945106861759
39 4.458072159642238
40 4.4205408657615335
41 2.617461379203778
42 2.375515958796648
43 2.219543605484242
44 2.523136664743708
45 0.863985104963421
46 0.3685448494153778
47 0.5351730467826983
48 0.3567296888398292
49 0.6985798980564566
50 1.339340398372344
51 1.5727450997522974
52 1.7770805721877443
53 1.6643345231163085
54 1.9743923943147326
55 1.7113766822536378
56 2.3306879312109148
57 1.5827520401836557
58 1.5172142820858177
59 0.7160129661539147
60 0.4708762849104107
61 0.4041278085492774
62 0.5019374707955906
63 0.5915740302666993
64 1.2939476842331428
65 1.0948705093605788
66 1.5022301244699514
67 1.7599206738449118
68 2.741319153887716
69 4.038326365151613
70 5.767555920102661
71 7.012236915480137
72 8.324269414634681
73 7.8517306530431386
74 8.353052094752503
75 8.300705634107873
76 7.491579878492616
77 4.2937706949439525
78 2.131035369616149
79 1.4127513296677952
80 1.4305846366400732
81 1.3815281705060025
82 2.001528272252562
83 5.263303258154681
84 5.216282356864079
85 2.5662619154846613
86 2.6388019467342883
87 5.830837512300114
88 5.996599566555643
89 8.834826733450413
90 5.107571155644591
91 5.408602741921154
92 8.809653537530892
93 5.783001640543323
94 6.4782296307697
95 6.146383897653946
