17 0.0
18 44.12829499758309
19 33.63442599130447
20 24.278171461016047
21 46.50803828472258
22 47.047272565834845
23 25.773106540586078
24 42.530244119090746
25 23.655764912554123
26 27.228950200831243
27 15.072847744848474
28 39.17707341533423
29 25.96930606389506
30 9.442635516214699
31 2.0610848290355164
32 0.9070397861631956
33 37.09689822698841
34 30.12469726445312
35 19.159163940423635
36 53.12466443018619
37 54.69686445793949
38 40.16991669048689
39 19.098376123880197
40 42.84118348560448
41 27.99404538263037
42 10.292962730137129
43 46.79639059767633
44 38.38553512339813
45 25.453563024342362
46 10.963127374744582
47 28.564038783676157
48 12.003243468304156
49 33.78762680657698
50 42.541871217866245
51 34.286693087278856
52 33.968277788155476
53 18.035837502873438
54 38.51865512204448
55 26.687141354567103
56 44.35603230317116
57 26.178196674757
58 31.06054898236029
59 44.08415876903438
60 28.50043671377409
61 40.60028178202098
62 51.09491788659238
63 38.486008501856965
64 46.05898740863081
65 36.84199173770793
66 50.159336368349926
67 3.7841896205494128
68 35.17814008228668
69 32.22070364022814
70 52.35875272319705
71 49.407602298611174
72 52.023642523220744
73 52.50502343123105
74 49.88226748779119
75 54.733083641522526
76 54.24890640670205
77 53.37298789588314
78 20.442427019466365
79 36.37407279908051
80 34.25080105692491
81 38.86027327207295
82 14.754832668113409
83 44.4393654723484
84 35.27729481211917
85 41.57509611171365
86 28.82603940184236
87 44.57193286879184
88 42.044648624172424
89 40.48329196532921
90 41.936378766209856
91 33.80901953821427
92 38.110354931706254
93 42.47040244629939
94 34.785906132836345
95 5.554102393194835
