17 0.0
18 43.17172125693121
19 37.64804942041838
20 45.83381332572243
21 43.262925208505706
22 42.78890167362126
23 30.77313012640266
24 43.47393934622963
25 34.89511891844397
26 25.878221913111847
27 25.262946629951436
28 41.51881813841459
29 26.8000846043625
30 36.952219605424425
31 31.846711226355307
32 25.374482500805303
33 37.088663442008226
34 24.940188307695866
35 17.14817092459386
36 35.007948405512984
37 31.06188231154729
38 28.652375193566797
39 17.31749336956162
40 17.55343447189636
41 50.976517613631835
42 26.96036096231804
43 28.987672391137757
44 16.90155216934935
45 34.21890054708146
46 25.767747557688494
47 23.719427227313265
48 32.04354554469513
49 50.224256112633554
50 15.942432409997018
51 44.01813638267237
52 37.99987807327073
53 31.86245582404451
54 45.412561805073715
55 32.173042487853344
56 50.04543388251441
57 38.99687461816995
58 47.55078943021967
59 38.303939442628675
60 28.708181847903724
61 34.31550940874534
62 27.093444835100545
63 37.52637766001968
64 0.0
65 33.639073719422925
66 50.632857154358945
67 49.9482732176795
68 51.25654064966125
69 15.823709949066208
70 51.370888379529205
71 50.270140998986946
72 48.60853728282865
73 55.95248573577619
74 52.15482836378367
75 38.97173022582813
76 36.301859698296106
77 47.186403299518936
78 22.06638760095052
79 52.42252450982886
80 51.18111059407224
81 38.95514721244888
82 43.097175501637174
83 49.14298490729896
84 38.5630035628084
85 45.8265046756914
86 44.49277456730342
87 40.630270819898165
88 49.38189251547604
89 49.32560659098358
90 49.62471837965353
91 50.67178531194344
92 50.73757859851096
93 50.54673621570806
94 50.17542617459874
95 51.24760657310091
