7 0.0
8 22.26690901768175
9 1.0422092197327288
10 4.161140331408265
11 40.970490646142636
12 37.06455824865241
13 30.730859136235733
14 35.21504838693319
15 33.66916688836307
16 23.17098298818703
17 37.85169798749531
18 39.259663894918795
19 45.746035152664106
20 39.30672231324296
21 37.2815614220537
22 24.130972466608604
23 30.0031193380928
24 16.974313541550558
25 33.13416217606379
26 38.1147307086114
27 42.80530966019204
28 46.04580618302346
29 43.868733624761624
30 45.44100173330594
31 43.782197270040264
32 48.90481075581366
33 45.5218744129178
34 39.06918938744759
35 36.25432392456846
36 43.04227019681411
37 47.59733114984725
38 43.53831968944769
39 42.41636149758502
40 38.72759753120098
41 39.379653805322754
42 49.26739857588638
43 48.5452945730645
44 46.82731833838923
45 49.561205225981084
46 50.98828144121215
47 50.501113981247016
48 49.24067563246694
49 48.277819619615265
50 48.51223081381766
51 48.08484233277896
52 46.79047818787281
53 45.121209678128224
54 41.15625012523538
55 37.78947466588354
56 37.88594436078692
57 37.02137176264624
58 41.22742849443535
59 45.83499374965839
60 45.409638032383235
61 56.588314473790625
62 57.683266082173816
63 58.59881849207512
64 58.23824297891887
65 57.05127201222736
66 55.133255149157904
67 56.470567291751514
68 55.378426579410814
69 52.435749229015784
70 47.089735635803045
71 40.504481956645115
72 37.776631027022006
73 37.94213422029138
74 43.54738554372638
75 38.56421007932591
76 39.989007564101996
77 46.361609847412566
78 44.60123426911909
79 49.14596241884003
80 49.639946114005845
81 46.9028950540665
82 49.42153481429487
83 51.930778574278
84 51.09382711620982
85 51.2243431403621
86 52.87292228335792
87 49.28605026201904
88 52.58199259190454
89 48.53586244953167
90 51.251733538933166
91 49.77638599906407
92 42.61599262882265
93 46.9838287895762
94 35.12282194827681
95 42.30127645885951
