1 0.0
2 41.37580795036807
3 29.659946342299058
4 12.814204143561497
5 36.75071961522957
6 31.56704316971666
7 42.83436424226988
8 46.805633721304304
9 53.11318079483127
10 32.90658096043484
11 38.308997123208975
12 40.01167682767805
13 39.04687013271331
14 40.3489838616593
15 40.048030275594336
16 44.43518883667626
17 43.33511518198415
18 43.9205598555887
19 40.936810969346624
20 42.97005249206531
21 30.904760122111213
22 33.50502093258474
23 39.00535069989456
24 34.11540653747455
25 41.35968917979527
26 25.486388749109246
27 27.45306759104984
28 41.14798619742748
29 38.15072522870244
30 42.34466069826073
31 43.99619590006578
32 48.635588024382926
33 50.37918039130473
34 53.525085047487835
35 47.40411834653096
36 51.198720513468245
37 47.45040927626025
38 42.638322546787016
39 43.272607305391155
40 47.37622197531291
41 55.226132079129385
42 23.217337266067812
43 39.93469021875723
44 38.1409369208071
45 36.02568027456902
46 40.04570383073838
47 40.73311495487008
48 46.77795038182577
49 44.75838603832457
50 38.67630656033474
51 42.85437273738541
52 37.42033952025743
53 18.78094032905571
54 25.02891739690655
55 36.09991815699846
56 41.6674432496727
57 48.393280891186286
58 41.525078589237346
59 44.28013438328172
60 48.25859816020231
61 42.89889846479529
62 38.61004390561398
63 52.592147494291304
64 50.39726147722255
65 44.616133810895626
66 50.06439859737472
67 50.50838597098464
68 41.933912944420165
69 35.95970524612381
70 29.676102862753755
71 34.92499051319129
72 37.589226507527265
73 43.25360336920964
74 34.79762013856755
75 26.970684849037315
76 38.108127947099945
77 41.40124717672051
78 46.217938607733984
79 45.2340668445131
80 45.567468056555306
81 49.35356365886004
82 50.73353508718283
83 48.12341492550444
84 34.35357248060126
85 40.01366332534445
86 42.14020505652835
87 40.10751964249012
88 34.405621887142864
89 14.934731500483466
90 25.389459118090592
91 43.670023098455516
92 44.6724438973113
93 43.2010004094281
94 4.389297126993698
95 4.460351625740331
