12 0.0
13 37.46674739987093
14 16.694685546849136
15 15.226175441556922
16 12.902737262896856
17 41.51063932108644
18 45.01462040569933
19 43.72964065421269
20 48.750330008003
21 46.59243311822534
22 48.09456073857891
23 44.77885201300358
24 48.95284054335779
25 47.71425203771047
26 48.43396497304205
27 47.37846375452452
28 47.83337954029126
29 50.463978422122494
30 45.80089577193986
31 47.054600671792734
32 47.160860990809326
33 49.6021921675104
34 54.56753752828188
35 53.60510442466444
36 52.03403039477223
37 47.09433834617411
38 54.47128132396418
39 57.341158636255415
40 57.98887514651398
41 53.20419836433556
42 52.10724186058125
43 52.15932798964961
44 53.63109267586141
45 49.554784624737266
46 54.954625721323666
47 53.72584106220032
48 52.19160997571422
49 52.609427245156205
50 42.85116640823385
51 40.4904909115491
52 37.95723534477656
53 46.94347290945212
54 46.44222096625266
55 48.95785848870315
56 42.337777375174504
57 47.7751767340676
58 42.2505074528242
59 49.49818616383994
60 54.41449469735655
61 48.87394860039094
62 44.87598502241155
63 51.26959473804427
64 54.567530659754986
65 48.10501607175982
66 16.199790206156464
67 34.234888740121896
68 33.37955249310231
69 51.19071503664113
70 47.739132985970826
71 55.16649449772131
72 48.60124594314366
73 54.262744727655665
74 53.71180451980161
75 55.325067422976666
76 52.09104458640549
77 49.11587800169842
78 32.17727224763431
79 45.45799549984455
80 44.727731720970894
81 46.62472916655905
82 47.496259197112984
83 39.85175679592801
84 37.91944586536044
85 41.21973432213842
86 45.21506668353829
87 46.644329556874666
88 50.073329975622805
89 50.382057918993596
90 45.24200373190643
91 49.40280284959057
92 37.59581014579414
93 48.7102701903245
94 6.2406597458808335
95 42.60030866534843
