1 0.0
2 49.379423367093445
3 28.47693042263621
4 0.47341115959948127
5 0.0
6 46.0988483109
7 46.91849955894595
8 44.48876939535324
9 41.1025680118624
10 40.53060163501216
11 41.0915252615451
12 42.34590350904591
13 43.74745766773306
14 43.450656332745005
15 43.753691795780306
16 44.320703234795154
17 37.31581194263165
18 38.24604810360594
19 41.830705433943805
20 37.55035753101069
21 43.83995723795917
22 41.11126814297762
23 41.93101865620825
24 31.4647026756971
25 36.23038736647046
26 42.384278097614036
27 44.449548274568876
28 43.908507026672645
29 40.87387934915571
30 49.33868013299478
31 48.52090896670052
32 54.59580534473692
33 37.57660474234675
34 48.60336900323104
35 54.105302165568546
36 54.250023438794244
37 48.356456247782006
38 52.210747804144916
39 54.03509820163873
40 50.69660513095468
41 56.589152560692156
42 48.03726360516229
43 55.42305145994622
44 51.166625801075526
45 45.520915960259906
46 54.2930456722631
47 54.7546733574301
48 57.089433172923925
49 57.877691806344075
50 51.00772332262694
51 44.42402874505833
52 42.710389223467956
53 48.1375482141385
54 43.88052303605132
55 39.88106265254501
56 39.1753101625935
57 47.079325320832005
58 43.75652931789039
59 42.851308470096214
60 44.28334389470738
61 44.61923700981662
62 42.52681922598595
63 42.95850346901469
64 47.35936921456886
65 49.28598077943777
66 49.92665628785019
67 30.75273798873366
68 55.308695352248606
69 35.457049611948605
70 53.28091484600284
71 47.361124062040005
72 50.90566811535712
73 41.672859902733464
74 38.79839189776563
75 34.44119256291161
76 14.297514415229644
77 4.588366789079565
78 15.246346161977513
79 40.93824247783673
80 36.91639978381353
81 39.2868569761222
82 51.92425446131492
83 55.036571239250506
84 34.49017519265767
85 38.14772554621887
86 48.87237822137072
87 45.23569660163102
88 43.79184544119044
89 40.80255033262278
90 34.89181674864081
91 28.741957753504998
92 37.09570799212139
93 42.94402495479656
94 21.395243623388257
95 12.901907420376917
