1 0.0
2 45.550180141231486
3 44.01446507596273
4 34.90052099449965
5 26.43967840839086
6 42.4567235557904
7 45.2526326392234
8 45.44690297320117
9 45.73153049557806
10 45.669313149813306
11 45.3909512882264
12 45.321038504313414
13 45.59244535858388
14 45.10102845006041
15 43.64524625978327
16 40.059944314442056
17 36.56140830214629
18 38.216068639429174
19 37.857361271033376
20 38.582489388998134
21 37.040725841614815
22 36.278337645893146
23 32.338845558744985
24 37.0105845277447
25 44.814342195219446
26 11.618107706224558
27 15.456896549087247
28 18.059503415223134
29 31.794995639789242
30 34.430419527948295
31 30.777456026547412
32 31.45698029624514
33 17.434706004455826
34 28.61330650067112
35 37.66007050690248
36 36.97725066356787
37 41.3180923872517
38 38.06398378944655
39 38.61697367657766
40 37.55872349129711
41 36.31320180976639
42 43.322699172678234
43 33.23499040673718
44 40.199483999135914
45 42.890872888421875
46 40.102899618677505
47 38.34333111972935
48 36.46994011029684
49 37.91071124422096
50 40.24063352779281
51 41.309952806763185
52 37.529763159123576
53 39.55676050237032
54 44.7546927631743
55 41.521247472371854
56 43.503830391705435
57 44.57741922496431
58 39.06568595819644
59 29.125915133861678
60 28.208364548986573
61 35.09311710526373
62 38.92995732836493
63 37.68920752744554
64 35.876619251420664
65 29.646685292798317
66 25.87076319795064
67 32.46861515416331
68 36.209220056267554
69 39.7790513855524
70 39.85726447094268
71 40.14543883855439
72 38.3136908223472
73 41.75336988684608
74 48.475398371702326
75 28.54130918633575
76 12.271612696949724
77 21.667582379491336
78 13.342152274361913
79 11.857389135349656
80 10.454756185787137
81 45.991572991646585
82 31.446963769296545
83 35.533375521817106
84 39.754592868835296
85 39.89036103830991
86 39.79023453444587
87 37.842541873759664
88 38.469589532741225
89 17.58414068762841
90 28.42955754652885
91 0.12413172566448849
92 27.140875879927382
93 29.848349307318646
94 0.006217822167554608
95 0.0
