17 0.0
18 27.916242182679557
19 0.03491154332823992
20 2.0502149192279515
21 26.922164536249657
22 23.11509770532201
23 9.84014703643495
24 0.0
25 3.4278527660743494
26 0.0
27 0.0
28 43.0835859497191
29 48.93559832097322
30 43.534946235991036
31 17.999868699970982
32 19.890038574188907
33 51.75851468572904
34 34.86023477328466
35 48.061351306432336
36 42.73556807308875
37 46.242263368225906
38 8.005107142045548
39 3.2400335367642237
40 0.8853716905805906
41 23.89340307273588
42 8.37405071899672
43 0.3460561817276962
44 11.781437724847207
45 24.67637269454996
46 2.056054349495266
47 39.88530932785904
48 37.91229088554258
49 10.95367373605384
50 25.47817434560532
51 17.704382021415007
52 27.25457049104363
53 39.682829896709784
54 24.435280131417667
55 0.24580902439630742
56 0.0
57 30.041197993083042
58 22.09663327184863
59 2.400034703667716
60 0.0
61 30.20577922126422
62 0.13103869103678564
63 7.356707422921848
64 14.558995776229715
65 31.77968811181429
66 0.0
67 26.068669828723795
68 49.737387293011096
69 6.728438063346003
70 0.24964874647630017
71 13.528090689335928
72 0.02204500541767695
73 0.0
74 1.8056992594186443
75 30.526491338430606
76 9.032895264990325
77 35.14673529046164
78 33.88745829627012
79 42.30043442235727
80 37.35766624177491
81 39.26830220022651
82 15.268040764525239
83 37.22563192614303
84 21.24078413025078
85 38.44818746815417
86 24.09315683801685
87 17.98957841414136
88 45.580124689437355
89 39.2908466079234
90 40.63502822006979
91 31.588441845543844
92 48.09994918660997
93 51.019124451806555
94 51.14708550879294
95 50.83106583799394
