7 0.0
8 13.37786418519258
9 16.84745284531282
10 10.837833987374195
11 1.0250397588155307
12 42.24905400650887
13 38.30817757771076
14 32.11986577046117
15 42.357378448090024
16 36.26475803599474
17 41.41990962343596
18 43.48746033260918
19 41.308559686225955
20 39.2782312566481
21 45.40352873972493
22 29.0027996919226
23 39.84597387078205
24 38.06507303991174
25 33.59187969246731
26 48.68717356451107
27 43.36728674175199
28 44.00931550240037
29 42.405541796251676
30 48.44843886318589
31 44.27026285254852
32 42.53742735090068
33 46.06858420206969
34 46.24068086248326
35 38.90847276517697
36 50.12691537371971
37 50.22629245223006
38 43.84510769983785
39 42.18618434742108
40 40.41531286489587
41 36.08861608545459
42 36.55713232875915
43 32.76712497561021
44 10.999056065043312
45 30.600932627166287
46 5.092378986847827
47 0.8018388931993219
48 11.746348352244805
49 43.07633796496979
50 42.870619065791566
51 40.435190977528904
52 43.382828062113084
53 48.460309904882045
54 46.8041664993504
55 40.451262873524236
56 41.056060513503034
57 31.78783303258845
58 22.810041210576884
59 33.82607429457122
60 47.47192855165375
61 44.846379024271975
62 40.9950948715551
63 33.77258368676532
64 24.09477144915558
65 43.697329133970705
66 43.58368337187749
67 39.60131699032992
68 41.60663243696214
69 38.812296097175
70 48.60108984364474
71 44.59934933866643
72 45.16427185713482
73 24.60314459576396
74 28.9796503274302
75 29.770689017763235
76 30.56081224303255
77 31.163217944982478
78 46.17917892749983
79 38.5896398841941
80 22.272506965710036
81 9.17764819597075
82 5.293379240552906
83 15.019973587091371
84 40.59722465084575
85 24.946996573484366
86 5.315743504611511
87 9.218315031497735
88 46.66540751859167
89 0.0036954302305605862
90 11.449543485150027
91 21.450708375942206
92 29.492688981102106
93 21.691424458254446
94 49.85592570869613
95 51.356421988198974
