12 0.0
13 33.02708460523783
14 34.663092017854986
15 43.5601264490943
16 0.0
17 34.47818784741452
18 36.46829397376134
19 34.847581870233626
20 31.654771574145784
21 45.45039356412732
22 24.857693871284404
23 45.944405404467105
24 41.57710649286161
25 42.974864596225196
26 5.905136127029547
27 48.071625843766505
28 30.770785172756153
29 38.76678833982599
30 23.459575657098476
31 28.47736982673863
32 25.66033355571047
33 11.11844644301222
34 16.772948058579402
35 31.39684828987128
36 34.06970764157556
37 39.183814578891706
38 42.056131321310765
39 27.692379498526474
40 17.04834794344501
41 31.54043208648591
42 21.77008387449716
43 12.646859613910275
44 5.841228239615781
45 0.15026203443955716
46 5.019160284607501
47 23.22589714992052
48 43.68332448081479
49 35.812962188198064
50 44.05632426042867
51 20.662351958349387
52 38.91762946527271
53 32.14885299956535
54 15.664521713924922
55 6.483154136955107
56 38.89472042229498
57 41.94159322538497
58 47.80071857273464
59 46.775375477158676
60 44.0081181262372
61 40.758686653281664
62 23.575132206432883
63 27.6054596971389
64 15.171004323470905
65 5.6165526893339175
66 3.8094557479353957
67 20.35997291542507
68 28.389721951706633
69 0.007421147884510884
70 17.73080408804447
71 39.42028801927061
72 39.102392899400414
73 23.766217980668838
74 22.06124906477608
75 23.76524608485066
76 38.19742652234293
77 39.03415606078384
78 29.44583311366628
79 20.40884464161153
80 41.47454757019824
81 43.90457948543615
82 33.666034318774344
83 49.907617576316746
84 47.44154261449775
85 49.89501358118581
86 49.9734799708048
87 48.349211493182146
88 48.08591074358471
89 44.39356596549543
90 41.80115746371709
91 49.93094209742831
92 39.78326402465546
93 40.8044335116273
94 10.04908494262641
95 46.1380929376904
