12 0.0
13 42.81996264020382
14 31.13268698523763
15 32.07002388955274
16 42.363709873218966
17 45.56938439960253
18 41.35463672223418
19 47.10823828718567
20 44.861730707792375
21 47.41375644502341
22 44.84617270155545
23 47.59297003483675
24 43.711411957292924
25 40.92622779327039
26 37.64900068048059
27 37.97772491103556
28 11.431178933273129
29 41.14650522888904
30 37.59421746231662
31 46.07060056149754
32 46.196661505081465
33 45.36767439764959
34 43.60533988063092
35 51.56974319278722
36 52.715901579334215
37 55.671572794891674
38 52.57353567868656
39 51.351357742259964
40 47.55843186309809
41 43.238703100263244
42 46.564201454536104
43 44.55625587882531
44 45.10975486812941
45 33.31121075203577
46 11.023669306237302
47 0.01440949717247968
48 12.36922400317771
49 3.240900846672304
50 16.064789477811598
51 38.21531619076378
52 32.15968549956698
53 24.877710157011705
54 22.254955879308042
55 44.88596721886934
56 45.01513011152696
57 44.98258421294943
58 44.47788365325435
59 19.866722874052794
60 39.465440395363366
61 29.757682099166825
62 39.61277383740317
63 20.589190701487343
64 9.972704394475409
65 45.17506146244622
66 44.15630323081339
67 29.60327766452618
68 40.45459716031394
69 33.50901241644336
70 34.457275238900614
71 47.44333654351607
72 45.68226300026965
73 49.601214908577575
74 49.17396843673484
75 48.97730082105071
76 48.04026628505608
77 43.218370113379216
78 3.970995686193331
79 0.0
80 43.662908133516574
81 32.55036893829991
82 33.156712526659774
83 47.65746625164558
84 45.71970494644
85 49.542718868601746
86 50.98432330786562
87 43.03575900443133
88 50.80346886273841
89 51.325391326727626
90 48.81664771759453
91 51.82609183741569
92 49.55176369955159
93 49.50398610181794
94 45.604351005991795
95 40.09311166634805
