1 0.0
2 44.9876665368358
3 29.610047548445564
4 24.43115491175047
5 27.149996522793945
6 46.21842948832263
7 48.43820662577676
8 38.50576459271604
9 39.434785387973704
10 45.445884300238625
11 39.25434131846351
12 40.424289680658724
13 28.622992392563464
14 30.152108526430215
15 37.758059768170526
16 39.43664851132242
17 41.05124897767544
18 47.77629961099381
19 39.71583092406766
20 12.040570329005753
21 15.854120461102752
22 37.18377060108638
23 38.92491321273911
24 38.150866021195775
25 37.2681119799667
26 33.000792782869354
27 32.7013490543296
28 15.239207129293064
29 35.55608071142066
30 39.496986917696276
31 40.25280677392293
32 41.338812490743685
33 44.987957840401
34 46.01960248684662
35 44.164459200770416
36 42.1733360164483
37 38.88508120783039
38 41.5051379904058
39 42.01676466956967
40 40.44021834996494
41 44.068036570083876
42 48.54805303392478
43 39.01648120435298
44 45.398465501474874
45 43.7801718610837
46 43.700108154419716
47 46.403859209927084
48 49.721250109317296
49 47.29551748384233
50 50.963187072706816
51 43.09255305973502
52 40.42183567052376
53 39.305104144688215
54 37.907741438069216
55 37.82408856122157
56 46.18431327324459
57 43.357551151001054
58 39.807930393786485
59 40.53089602551757
60 41.576754833073664
61 42.95013392743572
62 45.665031093578385
63 49.75558872439495
64 38.2380755955085
65 37.59192536207104
66 38.53791583697153
67 38.70526416814577
68 45.46113748987488
69 45.54626320281821
70 44.674596070854484
71 41.49443922186234
72 39.68460458955169
73 42.25625601180907
74 40.12117457760188
75 28.026408441459253
76 25.02856667811642
77 15.97491143491765
78 11.678000510029356
79 39.28506285125485
80 42.29399457489373
81 40.828722855037874
82 23.708569527602716
83 36.94131510079751
84 40.4100997427352
85 44.57774763352245
86 42.691596701816735
87 42.267579554499235
88 45.00124342737433
89 50.646491865145585
90 43.18099682322855
91 43.66963885487886
92 47.14574599780682
93 51.34413561541922
94 41.93003489523142
95 48.43387721033819
