17 0.0
18 32.51475750840633
19 24.474690518278564
20 32.61437373926015
21 44.59562496303585
22 45.088834059683116
23 42.39881713714238
24 13.5276952917123
25 44.542896019088005
26 47.205132368841866
27 48.602311025798016
28 48.933922378410415
29 44.96274964250196
30 50.70202260676024
31 49.49012164990933
32 19.32899050252663
33 28.400226134427985
34 32.53915448491827
35 50.5788688422273
36 44.88235726806474
37 28.662901010417315
38 25.020617536149334
39 37.430118802680504
40 0.11976054672566645
41 33.043666525440344
42 27.458949129455927
43 23.947010191235897
44 40.5606765033958
45 37.57266827455779
46 46.932165924067476
47 50.64307830232606
48 28.891093780178032
49 24.710080394209864
50 27.49914535111681
51 0.0
52 13.845147901593405
53 36.38699299875272
54 32.730923557176006
55 51.00661009767284
56 51.12214069973301
57 36.539591992759604
58 14.263761403105557
59 4.660346454912865
60 48.72638760241251
61 0.5190247113689479
62 3.9766170186836765
63 9.066264000824843
64 28.456216292973362
65 29.964259106717776
66 41.33470159799652
67 57.417949268301136
68 57.36891869980584
69 58.62800202136784
70 59.20735017636441
71 22.625411906947676
72 9.518060870534885
73 9.844420505044177
74 32.42178645843125
75 0.0
76 42.8035979463468
77 37.55689458028919
78 41.28634412900436
79 34.996249760543286
80 29.444569567417954
81 41.09936994436835
82 24.71424607843539
83 12.156295060553466
84 29.329564229942367
85 13.051693454000795
86 48.19025117599981
87 24.577034990786807
88 47.65942846717347
89 40.014604903329506
90 20.99678952523391
91 42.6137217169487
92 39.92860306650248
93 0.0
94 23.03889765510636
95 24.69822779415229
