2.0 31.765
3.0 28.9995
4.0 29.1995
5.0 35.7525
6.0 25.937
7.0 26.1305
8.0 19.733
9.0 5.6955
10.0 5.6955
11.0 8.8465
12.0 24.717
13.0 28.3195
14.0 25.8615
15.0 23.6285
16.0 17.769
17.0 19.144
18.0 19.4105
19.0 20.557
20.0 12.4725
21.0 14.0855
22.0 26.42
23.0 22.133
24.0 19.7785
25.0 33.9015
26.0 24.164
27.0 24.1255
28.0 24.5225
29.0 15.588
30.0 23.3585
31.0 6.748
32.0 15.4035
33.0 18.8745
34.0 25.3685
35.0 25.6525
36.0 19.931
37.0 28.0905
38.0 26.676
39.0 25.2645
40.0 31.436
41.0 27.734
42.0 6.161
43.0 13.557
44.0 16.459
45.0 19.4445
46.0 18.3415
47.0 24.5435
48.0 18.4075
49.0 25.9535
50.0 1.8595
51.0 9.2115
52.0 20.089
53.0 23.6955
54.0 24.8595
55.0 21.57
56.0 23.1645
57.0 24.2365
58.0 23.2025
59.0 24.4265
60.0 10.8275
61.0 10.8275
62.0 9.716
63.0 17.0385
64.0 10.464
65.0 16.572
66.0 15.223
67.0 17.1025
68.0 15.1725
69.0 17.8745
70.0 18.758
71.0 3.364
72.0 3.364
73.0 21.641
74.0 20.044
75.0 20.6125
76.0 22.8605
77.0 22.5305
78.0 21.9005
79.0 21.506
80.0 20.632
81.0 20.147
82.0 15.305
83.0 15.305
84.0 11.2925
85.0 17.029
86.0 21.516
87.0 19.274
88.0 20.779
89.0 23.676
90.0 19.1035
91.0 15.9205
92.0 19.432
93.0 15.3275
94.0 15.3275
95.0 20.5465
96.0 20.17
97.0 20.051
98.0 17.681
99.0 19.6325
100.0 36.9545
101.0 31.765
102.0 28.9995
103.0 29.1995
104.0 35.7525
105.0 25.937
106.0 26.1305
107.0 19.733
108.0 5.6955
109.0 5.6955
110.0 8.8465
111.0 24.717
112.0 28.3195
113.0 25.8615
114.0 23.6285
115.0 17.769
116.0 19.144
117.0 19.4105
118.0 20.557
119.0 12.4725
120.0 14.0855
121.0 26.42
122.0 22.133
123.0 19.7785
124.0 33.9015
125.0 24.164
126.0 24.1255
127.0 24.5225
128.0 15.588
129.0 23.3585
130.0 6.748
131.0 15.4035
132.0 18.8745
133.0 25.3685
134.0 25.6525
135.0 19.931
136.0 28.0905
137.0 26.676
138.0 25.2645
139.0 31.436
140.0 27.734
141.0 6.161
142.0 13.557
143.0 16.459
144.0 19.4445
145.0 18.3415
146.0 24.5435
147.0 18.4075
148.0 25.9535
149.0 1.8595
150.0 9.2115
151.0 20.089
152.0 23.6955
153.0 24.8595
154.0 21.57
155.0 23.1645
156.0 24.2365
157.0 23.2025
158.0 24.4265
159.0 10.8275
160.0 10.8275
161.0 9.716
162.0 17.0385
163.0 10.464
164.0 16.572
165.0 15.223
166.0 17.1025
167.0 15.1725
168.0 17.8745
169.0 18.758
170.0 3.364
171.0 3.364
172.0 21.641
173.0 20.044
174.0 20.6125
175.0 22.8605
176.0 22.5305
