2.0 20.089
3.0 23.6955
4.0 24.8595
5.0 21.57
6.0 23.1645
7.0 24.2365
8.0 23.2025
9.0 24.4265
10.0 10.8275
11.0 10.8275
12.0 9.716
13.0 17.0385
14.0 10.464
15.0 16.572
16.0 15.223
17.0 17.1025
18.0 15.1725
19.0 17.8745
20.0 18.758
21.0 3.364
22.0 3.364
23.0 21.641
24.0 20.044
25.0 20.6125
26.0 22.8605
27.0 22.5305
28.0 21.9005
29.0 21.506
30.0 20.632
31.0 20.147
32.0 15.305
33.0 15.305
34.0 11.2925
35.0 17.029
36.0 21.516
37.0 19.274
38.0 20.779
39.0 23.676
40.0 19.1035
41.0 15.9205
42.0 19.432
43.0 15.3275
44.0 15.3275
45.0 20.5465
46.0 20.17
47.0 20.051
48.0 17.681
49.0 19.6325
50.0 2.8805
51.0 7.408
52.0 7.7365
53.0 8.436
54.0 8.206
55.0 7.4215
56.0 7.232
57.0 7.556
58.0 7.881
59.0 8.038
60.0 5.7575
61.0 3.1495
62.0 7.414
63.0 7.2665
64.0 7.293
65.0 7.119
66.0 20.2235
67.0 17.7535
68.0 17.0745
69.0 31.807
70.0 32.269
71.0 10.6795
72.0 20.9445
73.0 17.31
74.0 17.706
75.0 17.7435
76.0 23.4525
77.0 21.3785
78.0 16.9075
79.0 18.368
80.0 16.983
81.0 3.5305
82.0 8.9555
83.0 13.991
84.0 9.786
85.0 14.8305
86.0 14.3555
87.0 15.6665
88.0 20.586
89.0 18.0645
90.0 14.2525
91.0 4.685
92.0 5.785
93.0 10.2635
94.0 13.4855
95.0 12.656
96.0 17.0
97.0 14.3955
98.0 11.4355
99.0 10.0395
100.0 9.2115
101.0 20.089
102.0 23.6955
103.0 24.8595
104.0 21.57
105.0 23.1645
106.0 24.2365
107.0 23.2025
108.0 24.4265
109.0 10.8275
110.0 10.8275
111.0 9.716
112.0 17.0385
113.0 10.464
114.0 16.572
115.0 15.223
116.0 17.1025
117.0 15.1725
118.0 17.8745
119.0 18.758
120.0 3.364
121.0 3.364
122.0 21.641
123.0 20.044
124.0 20.6125
125.0 22.8605
126.0 22.5305
127.0 21.9005
128.0 21.506
129.0 20.632
130.0 20.147
131.0 15.305
132.0 15.305
133.0 11.2925
134.0 17.029
135.0 21.516
136.0 19.274
137.0 20.779
138.0 23.676
139.0 19.1035
140.0 15.9205
141.0 19.432
142.0 15.3275
143.0 15.3275
144.0 20.5465
145.0 20.17
146.0 20.051
147.0 17.681
148.0 19.6325
149.0 2.8805
150.0 7.408
151.0 7.7365
152.0 8.436
153.0 8.206
154.0 7.4215
155.0 7.232
156.0 7.556
157.0 7.881
158.0 8.038
159.0 5.7575
160.0 3.1495
161.0 7.414
162.0 7.2665
163.0 7.293
164.0 7.119
165.0 20.2235
166.0 17.7535
167.0 17.0745
168.0 31.807
169.0 32.269
170.0 10.6795
171.0 20.9445
172.0 17.31
173.0 17.706
174.0 17.7435
175.0 23.4525
176.0 21.3785
177.0 16.9075
178.0 18.368
179.0 16.983
180.0 3.5305
181.0 8.9555
182.0 13.991
183.0 9.786
184.0 14.8305
