0.0 0.0
43.43144554347481 1000.0
715.8543958827263 2000.0
1359.3740171657278 2356.480378717
1998.4239212101083 2717.430474672625
2702.848286259713 3013.006109623012
3324.7080678887364 3391.1463279939876
3929.486931038759 3786.3674648439865
4566.256093666908 4149.598302215847
5204.548066113012 4511.306329769766
5824.376092457755 4891.478303424982
6432.337108863556 5283.517287019115
7046.816607777159 5385.520501086386
7739.115662958311 5307.700944818835
8736.772875477254 5002.342787481023
9540.161600222918 5196.611275254368
10233.654124886434 5306.507475336498
10917.924648089542 5315.729476796881
11342.152397234147 5575.772250855386
11581.079804670771 5761.072592563371
11761.270419376311 5819.809385294481
11964.256256709734 5797.01416266656
12204.9087850898 5759.347471619945
12442.049613538225 5762.859171551588
12702.668850953969 5739.380762584213
13798.724091709468 4903.944759244459
14958.314791212973 4744.354059740929
16130.172376912891 4572.496474041027
17390.636980729923 4312.031870224031
18633.724339152086 4068.944511801869
19685.890495711134 4016.7783552428205
20552.573298437535 4150.095552516408
21631.43761259035 4071.2312383635963
22640.611443273832 4062.0574076801154
23422.072033707846 4280.596817246111
24131.53758641399 4571.131264540018
24814.969830600647 4887.699020353382
25471.599377105325 5231.069473848735
26147.24634897481 5324.35302813052
26851.79582564263 5295.4505233321825
27561.910390754092 5289.885434888517
28330.91131796863 5230.99907278544
28996.321609721937 5334.58970824672
29899.804597198476 5096.517012523484
30826.465649887283 5073.338947311187
31577.78845884803 5248.677191039248
32341.761377307546 5236.027081540491
33134.24094842753 5207.520428880022
33770.4787189565 5363.762229471056
34200.83441576236 5569.644303194145
34514.81605251141 5686.018363250867
34835.81546189742 5679.000590613993
35197.42125355673 5638.394208340717
35492.575611293105 5704.845642263707
35632.27778768392 5860.297823609193
35811.12156414566 5821.156223538202
36040.663177651775 5770.458386493862
36340.83482050097 5699.828357150813
36684.32168579289 5656.513134708037
37064.013872785225 5620.307813007613
37611.83120273947 5452.182670045735
38321.66763272375 5290.163570015746
40569.984887566636 3751.6827451571326
41847.27872824594 3474.3889044778384
42440.99273232236 3880.6749004014287
42952.40060815681 4369.267024566983
43419.931138004955 4901.736494718785
43916.367381024946 5405.30025169876
44432.55170178268 5483.815679242263
45035.948554685194 5396.603147097496
45694.623717376475 5341.32483730875
46306.25321925324 5388.370498123303
46870.574167074956 5435.679052178285
47797.119556889054 5073.454610185916
48820.25499160389 4976.864565285214
49437.75554018937 5359.364016699701
49966.6672112639 5471.088328925456
50564.66973472284 5401.997476541078
51070.11921792318 5494.55051679962
51508.2827655796 5561.83645234357
52072.157086178355 5436.125679401241
52645.46521006511 5426.691876113217
53412.9413598247 5232.5238502404045
54117.117525192225 5295.823834632513
55489.33674727499 4627.780777917265
56424.1664682356 4692.95105695668
57164.78737001058 4952.330155181678
57760.12879506192 5356.988730130319
58295.190664530346 5464.938130531579
58892.44264606036 5402.7480184700125
59442.66988513054 5449.772760929827
59925.80552332315 5516.864361807403
60433.63957752747 5492.165945795684
60889.95302488603 5543.686552641425
61305.10676422724 5584.846260658785
