0.0 0.0
39.210043012602696 1000.0
736.5198142074464 2000.0
1767.2637012697598 1969.2561129376916
2480.5236074739882 2255.9962067334654
3121.5021263301724 2615.0176878772722
3597.901854694127 3138.6179595133317
4086.9080356695004 3649.6117785379574
4621.98193464796 4114.537879559486
5187.683796761083 4548.836017446363
5712.304774453773 5024.215039753677
6368.418375761994 5343.886398691761
6975.25634367119 5393.162032090781
7473.551118993639 5501.7052246775165
8025.94519014447 5447.60592884918
8655.100570046723 5370.844620097739
9323.26733996361 5331.833230083114
10657.423570357872 4665.843769605702
11364.597459547205 4958.66988041639
12010.007315437939 5313.260024525696
12545.846917239312 5464.160398198636
13062.306802719559 5483.540114519729
13629.448597411767 5432.858205307759
14110.236548877701 5519.212048534074
14565.205557061417 5545.030991816297
15146.15747182569 5419.04808523575
15665.599626798099 5480.557845027597
16271.662532752041 5393.937094046086
17602.66933488266 4668.993197869395
19578.510321378184 3693.1522113739006
20521.41726994506 3750.245262807022
20998.126613438326 4273.535919313739
21469.279313258176 4802.383219493866
21941.662195835812 5330.000336916229
22334.835180030193 5606.827015805572
22643.080747446926 5691.754432583226
22956.740508152947 5686.340239294022
23349.61826320507 5607.122244947869
23726.223467886557 5623.394795318516
24093.95921825565 5632.264249630926
24581.60737247844 5512.351845777207
25992.980250045788 4588.627122432644
27255.382429664067 4326.224942814348
28288.658608590504 4292.948763887909
28932.199856817082 4649.407515661316
29232.255780112442 5349.351592365921
29542.823841414614 5689.431938697794
29856.213264170372 5686.610577244261
30142.96471426076 5713.248549909623
30431.40930083312 5711.555413427664
30755.193220107078 5676.216080726076
31119.602345305902 5635.590874801164
31872.936935224618 5246.665410081287
32429.086576940495 5443.850358284106
32990.228284146826 5438.858292793679
33794.33986211596 5195.888422030871
34470.188097112434 5324.151765003546
35142.39209973308 5327.795997379382
35857.75917853125 5284.632921201828
37237.49974112754 4620.259437403694
37867.78931765211 4989.969860879153
38641.684063057364 5216.07511547389
39269.19090009548 5372.493162961889
39979.44015364522 5289.750746450246
40657.30127444944 5322.138879195792
41382.764731441464 5274.536543008031
42195.91724683784 5186.847484603716
43011.27555469213 5184.641692145694
43860.7565252156 5150.519029476481
44551.34853808638 5309.407987129193
45898.33089168883 4653.017646397569
46594.10429655156 4957.244241534816
47300.696070778904 5250.652467307484
48040.666732475576 5260.0293383033695
48752.25119447233 5288.415538003327
49429.77020128678 5322.480993185489
50105.89917957558 5323.8710217111975
50729.58194205556 5376.3172375200365
51425.71058226179 5303.8713597937885
52094.46857018258 5331.24201207926
53794.31110310953 4300.157467073057
55379.18114276584 3715.2874274167584
56469.62596222456 3624.842607958
57609.06511636425 3485.4034538182996
58992.037071989784 3102.4314981927637
59673.12103633471 3421.347533847861
60105.22471240744 3989.2438577751486
60475.1616588357 4619.306911346892
60783.39290405473 5311.0756661278365
61086.41632738257 5696.9765766721375
61426.40971911994 5660.006608262595
61969.9294883786 5456.480230741328
63019.30478552779 4950.624702850805
64074.28394828051 4895.645540098081
64851.04843661424 5118.881051764338
