0.0 0.0
23.484286175438605 1000.0
587.3463823524198 2000.0
1174.0514205398383 2413.2949618125886
1812.4326445505471 2774.913737801883
2449.109100459798 3138.2372818926297
2966.7295457937034 3620.6168365587264
3549.711587171393 4037.6347951810235
4165.389477247025 4421.956905105377
4950.072551099251 4637.273831253136
5727.869913506831 4859.476468845534
6670.1157090141105 4917.230673338285
9071.113882945298 3516.232499407123
10238.397607750605 3348.9487746018135
10784.932375751598 3802.4140066008217
11277.513192370117 4309.833189982297
11743.847463445676 4843.498918906702
12216.59143325636 5370.754949095973
12732.119638741222 5484.471794515136
13322.008546049552 5410.1110926916845
13960.195022643504 5361.81352340605
14577.780899126194 5382.41412351734
15185.780799717058 5392.000099409182
16034.930991181935 5150.849808535151
17091.7055341431 4943.22545703886
17761.087193357158 5273.843797824783
18299.215310113814 5461.871883243349
18921.533378500262 5377.681931613586
19484.58136763036 5436.952010869908
19890.27946452583 5594.301903104485
20478.933844978583 5411.345619547262
21051.65842152079 5427.275423457769
21729.54015066373 5322.118270857044
22479.51227081506 5250.027879848694
23517.435700455397 4962.0765703597
24624.02643989182 4855.485830923245
25372.634714261305 5106.877556553734
26009.345241461164 5363.2894728001
26550.900722249487 5458.444519211674
27111.42246880947 5439.478253440061
27682.68324684257 5428.739221966944
28141.642570421434 5541.040676421142
28618.901484931215 5522.741085490213
29103.26379690054 5515.637688030694
29516.578762046724 5586.685034853797
30426.868420048188 5089.710341998514
31711.508844636108 4715.359575412094
32553.038103775718 4873.83031627247
33306.116941313536 5120.751478734645
33988.124117107756 5317.992824205797
34592.91390921846 5395.2102078893295
35155.253652941734 5437.660256276753
35777.71097985996 5377.542673081774
37147.74635000196 4629.964629857981
38886.13402583771 3891.5769540222545
40754.39949382671 3023.311486033261
41488.16798091046 3289.5429989494887
41918.74008205919 3858.9708978007193
42313.69982475794 4464.01115510192
42625.22389226803 5152.487087591802
42954.038265524316 5671.1856267436915
43288.45753979516 5665.580725729093
43534.028842139865 5754.42869765536
43868.12122925874 5665.907612881132
44150.7893160599 5717.331913198881
45790.40694952455 4360.382366535347
47404.015838359635 3746.773477700253
48697.14802276033 3453.6412932995854
49805.23147918442 3345.5578368755246
50990.69137037675 3160.0979456832083
52044.03462917991 3106.7546868800778
53157.841494107925 2992.947821952075
54271.18376498585 2879.605551074138
55444.34915328026 2706.440162779739
56095.24087828998 3055.5484377700077
56694.58967258455 3456.1996434754346
57350.26504301487 3800.5242730451364
58018.737218096816 4132.052097963213
58661.54598810716 4489.243327952889
59278.55377430995 4872.2355417501185
59835.55937236144 5315.229943698666
60294.50297722253 5541.056395138918
60521.87188317758 5772.631094044926
60765.13270482492 5756.739178352653
61152.800851523934 5612.331853301054
61360.525907622934 5792.274943900926
61692.01432528025 5668.511582342751
62967.489578977555 4724.524746302687
64123.92753426971 4568.08679101054
64538.700143316244 5153.3141819639995
65008.84387387032 5529.856269445902
65570.33530267025 5438.50857120003
66177.48388608675 5392.851416583518
66707.69310870896 5469.790777377774
67148.30715671944 5559.385951989516
