0.0 0.0
22.207170554964414 1000.0
451.27256810495777 2000.0
901.567388275472 2549.705179829491
1377.338674612452 3073.9338934925113
1893.1483350390993 3484.190339573355
2471.120375672 3422.0279593670966
3062.5535268386275 3408.5668488333595
3882.947243393283 3179.606283445347
4402.714938913664 3480.232304479611
5699.816091940442 2702.898846973219
7964.244779674185 1438.470159239458
8505.212680960185 1897.5022579534539
9044.435771238379 2358.2791676752563
9501.150402138439 2901.564536775193
9987.346836823914 3415.3681020897034
10531.95107051335 3455.3957663105534
11105.464059963188 3426.487010550159
11831.331870750431 3274.1321892127676
12518.729319615337 3312.6025511351036
13141.286831275484 3377.4424883398638
13785.551437328675 3355.735393946817
14914.863202381372 2870.6882349473035
15607.677823850094 3177.873613478586
16220.768691921683 3386.9091319284316
16861.868505100807 3358.900186820871
17502.800060431873 3359.0684446689424
17919.887763569637 3582.9122968622364
18462.98580046193 3456.9019631077063
19118.024031525827 3344.961768936085
19817.40003216615 3300.623999359671
20633.954002982682 3183.44602918345
21660.898373519063 2973.05562946361
22976.206931608558 2657.7470713741077
23742.950201845833 2891.0038011368315
24363.26963329598 3270.6843696866936
24919.702728134736 3443.566905161257
25433.225957260187 3486.476770874543
26046.9467560431 3386.2792012170935
26513.01384571866 3533.9329103244463
27049.820438321836 3463.1934073968437
27567.53228027868 3482.2881580431567
27975.688522853634 3591.8437574250565
28455.86682727456 3519.821695579066
29713.305513240273 2742.561314034292
30542.94343947676 2912.9233877978045
31382.97104195279 3072.895785321773
32189.48698964486 3193.4840523079365
32914.76946284047 3274.7175268043948
33506.98141147059 3407.7880513698847
34209.71288848873 3297.268522981861
34751.791445888695 3457.9214426000462
35541.20185443221 3210.589591456482
36686.55072561389 2854.6511288183237
38169.353813491165 2371.848040941045
39162.60643001845 2378.5954244137547
39874.73356343613 2666.468290996071
40599.06008824728 2942.141766184923
41313.78627364228 3227.415580789914
42042.905153356034 3270.881120286238
42858.34584162108 3184.5593117349636
43455.98554185917 3402.3602997619078
43928.11410654375 3527.8714353154173
44489.55534194592 3438.558764597837
45101.46447847905 3388.0908634668717
46147.508333242855 2953.9561452361963
47208.770336896145 2892.694141582905
47905.251470486626 3196.2130079924154
48487.25542825812 3417.9960422284976
49093.02969704487 3394.225731213259
49664.79044997842 3428.239247066438
50282.98055554444 3381.8098944339795
50703.133865545955 3579.846689998482
51303.41910828331 3399.714757262638
51852.6526223258 3450.7664859575234
52354.76394574932 3497.888676576473
53312.16979854181 3042.5941472075283
55353.12572082408 1959.044077717726
56732.97608865941 1579.1937098824005
57308.84106980059 2003.3287287412165
57822.00642337259 2490.1633751692107
58347.05722029409 2965.1125782477043
58870.55970747953 3441.6100910622586
59223.99603958828 3646.563667891248
59544.10577660595 3679.890262982321
59974.873431305634 3569.2323453003137
