0.0 0.0
22.97586831884564 1000.0
693.5317512427038 2000.0
1325.2830254186433 2368.248725824061
1883.1835911401386 2442.0994342785043
2504.3660444880406 2378.817546652099
3176.8968334887204 2327.4692109993202
3794.4457886028104 2382.451044885912
4336.057132029027 2458.388656573784
4878.706641960867 2457.3504900681583
5752.15525271127 2126.5513892495974
7136.694167861744 1615.4610848495258
8275.232555549283 1476.922697161988
9013.55668486158 1738.59856784969
10089.39133538575 1662.7639173255184
10714.103822986812 2038.0514297244554
11391.046949884141 2323.0568731026656
12005.292227709297 2385.7547221748428
12647.905333156692 2357.3868945526037
13281.708970484442 2366.1963626722527
13844.190740538052 2437.51822994639
15617.314961159762 1226.87577937829
16469.397283326445 1374.7934572116037
16865.320096494128 1978.870644043917
17293.335986154296 2550.8547543837512
17753.49162423721 2539.844361917084
18221.007404028718 2532.48422020849
18691.87677856116 2529.1306254675583
19167.040907298364 2524.835871262798
19663.06429383211 2503.9766134662564
20132.32951402983 2530.7347798022815
20639.331381642587 2492.9981323872407
21404.78381854451 2234.5475630980777
22314.172321832033 2090.611496712474
23391.32380401831 1922.8485178137232
24198.383185216335 2115.7891366156964
24803.99547807236 2394.3877071439756
25419.533501178412 2384.4619768939465
26039.700019280266 2379.833481898145
26602.10470983079 2437.5953094494707
27179.29665814922 2422.808051681567
27908.173722832064 2271.122935317155
28574.488217444024 2333.685505388036
29292.38076738773 2282.1074500562945
30100.479344868134 2191.901422519598
30813.94682214335 2286.5325227247877
31458.475404046727 2355.4714180966175
32109.0816799612 2349.3937240855266
32799.619118103335 2309.462561857869
33454.18929524913 2345.4298228542
33904.90556859303 2549.2837266561014
34197.03780784175 2707.867760751284
34748.072794940286 2448.9650129014644
35253.33811454818 2494.7346803921064
35727.97300753645 2525.365107011731
36236.56154968103 2491.411457855425
37310.927231811074 1925.634317869954
37996.99867616999 2239.562873511032
38611.03016573969 2385.9685104302935
39153.05018443739 2457.979981302303
39692.69989010097 2460.350294336412
40330.18534072994 2362.514549371027
40978.29913547021 2351.8862052597287
41678.00456773832 2300.294567731895
42451.28080405251 2226.723763685807
43407.694522612546 2043.5862814399643
44135.86678696014 2271.8277356524077
45467.94437897715 1667.922407982992
46202.03787038981 1933.8289165703263
46989.47319790551 2146.393589054631
47742.739084180255 2246.7341137252506
48427.37451420804 2315.364569972221
49185.794855751825 2241.579658456216
49931.423462178805 2254.3713935730148
50640.99674858784 2290.4267135909677
51347.95518262834 2293.0415659594955
52065.6896385243 2282.265544104038
53760.99838431469 1304.6912542096093
55556.67304831507 1000.0
56708.25048540268 1000.0
57908.14392242713 1000.0
59320.45860018858 1000.0
