0.0 0.0
36.79445598617807 1000.0
659.4990576294794 2000.0
1355.8266935771405 2303.6723640523414
2133.9466143815453 2525.5524432479297
2790.661935645487 2868.8371219839946
3452.6324926992747 3206.8665649301865
4102.948188971872 3556.5508686575795
4678.099024972085 3981.400032657368
5309.727777234611 4349.7712803948325
5999.461011378632 4310.266765855957
6675.380620295136 4324.080391083491
7278.964467705985 4396.416152589149
8367.117123583048 3911.847344122935
9129.343170103833 4149.621297602159
9800.362567476848 4328.980602627002
10472.434678956073 4327.927888520777
11107.839259493645 4364.5954194624155
11672.713271493772 4435.125987999889
12192.693568252103 4480.019703241673
12713.697334576103 4478.996233676004
13298.250333528082 4415.447001048013
13890.49511030464 4407.755223223441
14507.70063348804 4382.794476816605
15414.971963335587 4092.7286701524667
16185.15694546601 4229.815017869591
16724.221160321194 4460.935785144813
17103.355512969563 4620.865647351617
17303.72915354337 4799.626359426207
17494.893445589318 4808.835707954089
17704.89478454414 4789.998661045186
17934.45493277235 4770.439851771789
18300.818809688077 4633.636123084281
18770.425046479722 4530.393763208378
19557.459105477887 4212.96594100188
20880.0855751262 3677.3735303517137
22279.848084461846 3277.6110210160277
23849.869669228443 2707.5894362494178
25213.804252267208 2343.6548532106317
26344.508317245338 2212.950788232485
27369.240097179598 2188.219008298228
28398.29471680299 2159.164388674827
29458.055258172073 2099.4038473057435
30298.77280961883 2258.686295858979
31032.662968259625 2524.7961372181708
31706.83467736316 2850.6244281146182
32405.73361785903 3151.725487618753
33069.23748930451 3488.2216161732836
33714.55516051904 3842.903944958776
34185.93705181323 4371.5220536646175
34569.12927820171 4616.807773611538
34826.40942930659 4742.719848895138
35056.49022421271 4769.9192050938545
35927.88879963469 4128.6014245780125
36383.25221561144 4544.636584023256
36692.0048422106 4691.247373400853
36964.80359269009 4727.201249520551
37275.39448670012 4689.40910598994
37658.29853960888 4617.095947091213
38068.74591123371 4589.552628375213
38519.75662976069 4548.989281473028
38995.43935151795 4524.317278242738
39601.057762478915 4394.3815890390415
40574.456638119686 4026.6011243592498
41766.08513616741 3808.3715019522815
42566.85568743192 4007.6009506877567
43467.66560645889 4099.190080973018
44239.6542720899 4228.01133436899
44895.75393443186 4343.900337658053
45538.03791587759 4357.716018554262
46133.17191934688 4404.865996530723
46745.03557024099 4388.136349105927
47278.612313097445 4466.423257143541
48628.98853630061 3649.6237767968514
49867.88198120203 3410.7303318954487
50277.42964566969 4001.1826674278122
50693.68725468298 4583.742390986733
51138.975802782064 4554.711451900929
51577.528410876264 4561.447391905805
51985.70946133215 4591.8189495441065
52406.78838429292 4578.921077039235
52869.172431785424 4537.615952507508
53380.702777921724 4488.469653863692
53916.9349387255 4463.767839196216
54631.91015921621 4285.024779509292
55521.924120450654 4109.9860387655735
56586.380086318975 3935.5440341316735
57449.28023650467 4072.643883945969
58083.29423560478 4365.986000899884
58686.38648923883 4396.9077463659405
