0.0 0.0
64.17737532259262 1000.0
614.1444032197096 2000.0
1179.2908175230186 2434.8535856966973
1822.654989746059 2791.489413473662
2088.504299211869 3525.6401040078517
2216.196913512387 3872.307385699483
2375.17659564495 3841.020317867437
2513.687481752353 3861.4891138925964
2680.394178938933 3833.293302813408
2832.120870193093 3848.273308745841
3014.2481299486017 3817.8727402444933
3245.294264708342 3768.9538652402543
3565.367690125433 3679.926574582906
4187.8372300998735 3377.530460025559
5418.286346639214 2769.5508834606617
6847.357310578426 2340.4799195214473
7546.499223862064 2641.3380062378155
8123.170145500567 3064.6670845993203
8658.681075239103 3464.4890702614675
9185.855970150751 3472.8251050883523
9803.554019806728 3382.3019503440287
10520.430685897987 3283.123333908748
11194.604772054745 3325.825913843247
11809.01276178658 3385.592010268164
12445.786835271789 3363.225926514789
13154.561275003307 3291.2255602684922
14263.87124569796 2890.6900293053413
15727.437601031832 2427.123673971467
16210.872504071558 2943.688770931739
16721.076284330065 3433.4849906732284
17236.08539158061 3484.990892749455
17853.016155147034 3383.069236433585
18522.692089366963 3330.3240657800725
19194.922629132172 3327.7694602347888
19790.802957664044 3404.119671468124
20304.90091694118 3485.9020407228636
20995.971227487626 3308.929689453551
21751.74920179415 3244.222025693481
22787.49124363244 2964.25795816171
23986.752149790707 2764.9970520034426
25275.67113677917 2476.07806501498
25831.677598442297 2920.0716033518547
26402.636845798326 3349.112355995819
26969.743235189053 3432.8936106092733
27633.81962102151 3335.92361416754
28329.823094859312 3303.996526162192
29016.344321079523 3313.478773779792
29664.41230189844 3351.932019181089
30251.417888669574 3412.994413228868
30822.933731873378 3428.484156796193
31429.24112009948 3393.6926117738935
32247.306826621458 3181.9342934780216
33284.766680249115 2962.5401463723383
34719.61134715665 2527.695479464803
35661.359409233904 2585.9474173875465
36400.6885644701 2846.6182621513453
37102.76896568715 3144.5378609342943
37830.67031967749 3272.0986460096497
38640.526323055325 3190.143996622162
39384.06483127348 3256.4614917818494
39934.814955986745 3449.2498752867336
40452.76085187165 3482.0541041150927
41063.17375576416 3389.5870961074897
41730.34165724066 3332.832098523508
43045.917300939014 2684.4243563016407
43871.59175768364 2858.749899557013
44471.281570284555 3259.0600869560794
45090.132445824245 3381.1491244603085
45665.65741708396 3424.47502874028
46183.031082366375 3482.626334717582
46733.65475432924 3449.3763280371304
47189.45674102868 3544.1980133005522
47806.77974072821 3382.6770003004717
48361.88673858089 3444.893002147317
48918.47729212701 3443.409446453874
50390.096722971335 2528.3805691556754
52412.66234367205 1505.8149484549667
53364.10439138371 1554.3729007432999
53869.83876653918 2048.638525587823
54366.200049711435 2552.2772424155673
54870.16091106094 3048.3163810660535
55341.06261364191 3529.098297419027
55693.78139731243 3647.281216329484
56033.918477039966 3659.862920272461
56486.42496609267 3547.4935109472995
