0.0 0.0
31.719963698084186 1000.0
734.3819411871817 2000.0
1389.7667834706056 2344.6151577165774
1967.6636810070622 2766.7182601801233
2569.4885962797107 3164.893344907478
3218.084497895038 3516.297443292141
3923.0606391527444 3811.321302034396
4556.003481749938 4178.378459437217
5191.829948241392 4542.5519929457605
5779.275747924355 4955.106193262755
6381.342192200424 5353.039748986702
6993.315276362812 5388.0269158376805
8124.781517076897 4868.533759285926
9479.68682574733 4513.628450615498
10567.980498054612 4425.334778308197
11261.592265136751 4731.723011226037
12310.344522174199 4682.970754188578
12941.279497871903 5052.0357784909
13574.148941946196 5367.130555925738
14205.824803112953 5368.324138833291
14825.413487002155 5380.4113161108335
15400.373395811792 5425.040091190367
15916.483927254694 5483.8894685571
17603.45877297385 4313.025154280845
18483.65816470132 4432.825762553397
18879.54735543815 5036.936571816546
19277.936750285036 5601.610605153088
19704.07431441377 5573.8624358712605
20154.37248359229 5549.701830821468
20581.757507452334 5572.614976139947
21018.339747668266 5563.417759784028
21483.73211101207 5534.607636656179
21975.256610609085 5508.475500403033
22481.15404680241 5494.102563806722
23219.803305698228 5261.350741104217
24105.94180094163 5113.861504756629
25248.394871817178 4857.54692912448
26018.335015668767 5087.6067852729075
26647.685973039883 5370.6490426289165
27231.227278995346 5416.458694044535
27813.307017218845 5417.920261776482
28348.502493138847 5464.804524079958
28907.812566407505 5440.689926731312
29597.262118548384 5310.550447859124
30207.09573559645 5390.166382951963
30867.33472857505 5339.76100702136
31613.7687634141 5253.565965160868
32269.260987460664 5344.507775953419
32893.21543131528 5376.045556145395
33518.943076793155 5374.272354522132
34188.87593677793 5330.067140015243
34832.73047641259 5356.145460365329
36525.60510737226 4307.125369040327
37722.38382591324 4110.346650499338
38770.428905533 4062.3015708795924
39797.13230584748 4035.5981705650925
40686.816604312546 4145.913872100042
41464.8453049561 4367.885171456488
42199.188165616026 4633.542310796581
42927.29283843386 4905.437637978721
43602.51262433745 5230.217852075092
44236.632713388084 5365.879910949353
44957.75950136794 5278.873212020157
46031.27128282518 4926.488218542722
46859.33769569093 5098.421805677001
47617.96119894446 5241.376496746531
48359.742809235664 5258.218389708741
48783.24514196352 5576.497667272131
49043.86769573744 5739.377446226026
49232.034356270124 5811.833339467351
49440.04530484516 5791.989051424955
49679.388373955226 5760.656930889962
49914.715470177 5764.672903778252
50209.985257810535 5704.730212366413
51260.255009026594 4949.730248783866
52375.87669334736 4834.1085644630375
53482.0576033894 4727.927654421033
54806.86614957014 4403.119108240348
56048.25202779062 4161.733230019856
57108.22398271819 4101.761275092279
58007.60249588288 4202.382761927593
59090.06958996791 4119.915667842568
60114.16554114018 4095.8197166703076
60945.69608775461 4264.28917005589
61702.93355715763 4507.051700652903
62424.22605224903 4785.759205561511
63127.17986547793 5082.805392332641
63866.030805584836 5261.149059893105
64625.0445823876 5240.986223197231
65305.75615573702 5319.288426650582
66040.51345719051 5265.242698546507
66707.45092286769 5333.062534322862
67605.60569987017 5101.845222997539
68566.69823865188 5038.907461218274
