0.0 0.0
66.04404895520554 1000.0
656.6114159891303 2000.0
1276.6546019401374 2379.9568140489996
1668.028091519845 2608.6265104202957
1787.5624330468947 2880.465658472951
1928.9385225590127 2858.623910487881
2072.555318597653 2856.3832039613626
2248.7006637934164 2823.854654804234
2414.248445979542 2834.4522178138677
2609.122943205905 2805.1255027736424
2822.156180750064 2786.9667624558433
3124.085951643521 2698.0702291065427
3631.8577824646 2492.228169178923
4988.861437565542 1642.9963448990584
6428.327154237417 1203.5306282271843
7081.913744180709 1549.9440382838925
7567.727131568614 2064.130650895982
8057.990263092724 2509.7368684758876
8558.333899461239 2499.656363631484
9262.266051797573 2296.0678476636685
10068.089764097542 2194.176287700034
10777.709154308457 2290.38060978908
11388.681096251637 2389.028058056816
11992.864828374399 2395.816267877236
12830.877641769033 2161.9871866053636
13918.17076043782 1912.7068813312032
15354.196421854987 1476.6812199140384
15862.460349326151 1968.417292442868
16345.248078398241 2485.6295633707714
16865.304926104178 2479.9431522940613
17451.704727108627 2413.600198995554
18152.34379189406 2299.36093521457
18803.995402279532 2348.3483896145267
19392.824608468618 2411.170793810914
19954.75275142515 2438.0718570434683
20662.819286757855 2291.9334646672914
21360.189748670342 2302.6295380875135
22459.539255480995 1900.6504931893444
23834.62096443022 1525.5687842401146
24946.037025099988 1414.152723570347
25536.39707282023 1823.792675850108
26099.238680437986 2260.9510682323557
26687.699538955858 2411.5391414821315
27373.541470028424 2314.1580689274338
28077.090655623917 2296.450814404509
28706.33672505489 2370.753930569028
29351.01438059041 2355.322344464478
29869.695616207657 2481.3187643827537
30381.510053052196 2488.185563155457
32061.83125159955 1319.678801452646
32903.14621051945 1478.3638425327476
33373.41955972602 2008.0904933261877
33833.65781607773 2539.76174364829
34224.75370562014 2608.9041104575817
34675.2011141005 2549.5525915196386
35171.83288516226 2503.368228938236
35671.771854508304 2500.0610306539534
36165.49077635859 2506.2810781497146
36706.85372360932 2458.637052749271
37431.77723970009 2275.076483909231
38708.0954784558 1723.6817612442978
39981.61109061081 1450.1661490892836
40684.55402825798 1747.2232114421083
41794.04318980598 1637.7340498941076
42447.720908890115 1984.0563308099736
43124.58041330654 2307.1968263935432
43812.2097515969 2312.3706617096386
44414.68114624944 2397.528605347464
45066.13377556306 2348.547370686383
45628.9347062007 2437.199069362364
46962.24427162603 1666.6904345746775
48242.70377212507 1386.2309340756387
48660.8505879712 1968.0841182295062
49093.338759981685 2535.595946219026
49588.109034229936 2505.2297257517484
50079.70460719004 2508.40442703989
50547.298378393025 2532.4062287970105
51036.170144729665 2511.1282336633594
51508.81401173535 2527.3561329943227
51989.95506248143 2518.858949253919
52484.73015981553 2505.224902665891
