0.0 0.0
23.892373406137185 1000.0
716.9096075139271 2000.0
1344.989046564069 2371.9205609498613
1964.9057270668322 2752.0038804471033
2530.7952260616703 3186.1143814522716
3067.9285030396977 3648.9811044742473
3749.8682386444334 3967.041368869467
4425.228950903481 4291.680656610423
5039.260552627844 4385.968398275656
5672.69094978937 4366.5696028384655
6302.534046152017 4370.156903637346
7426.838251692634 3875.6957944593946
8773.724109407403 3528.8099367446416
9915.157953076707 3387.376093075336
10619.473664797802 3683.0603813542098
11628.438800343903 3674.0952458081006
12251.954064605645 4050.57998154636
12880.284041005607 4371.670023600046
13507.397298340782 4372.886742664819
14087.172672847262 4420.224625493533
14666.399528285832 4420.773144561457
15175.801781706326 4490.597746579516
16728.85295860616 3446.9488231001665
17717.587897519785 3458.213884186559
18121.355836823488 4054.4459448828775
18516.514105917166 4604.841730906345
18953.497118139105 4563.016987778061
19380.742402222793 4572.754715916305
19795.575575581825 4585.166826640969
20227.304452461976 4568.271123119855
20682.991711462146 4544.31274099984
21154.8231171859 4528.168594276252
21661.592964820793 4493.230152365094
22407.969770842585 4253.623193978221
23275.324736889557 4132.64503395305
24329.151489890897 3946.1732469986723
25114.48631721206 4160.838419677523
25740.58932276853 4373.896994443532
26339.440563594344 4401.148759174177
26928.51502184305 4410.925541751289
27456.471007482207 4472.044014360844
27995.5942447959 4460.876762686302
28651.36183949293 4344.232405302955
29308.523196461152 4342.838643031768
30005.493693190456 4303.029503270697
30780.836322629173 4224.657370561294
31432.35861391446 4348.477708714727
32041.346128163364 4391.012485751098
32688.80230419443 4352.543823968948
33333.06625149474 4355.736052699707
33986.62759923554 4346.438652259205
35828.058835724536 3158.5687635109975
37686.73040242382 2299.8971968117335
39309.14407508036 1677.483524155184
39714.43230270129 2272.1952965342416
40117.7933645196 2868.834234715894
40470.61381305457 3516.013786180882
40801.84008348007 4184.7875157553535
41154.40904659914 4647.431036880908
41472.53563776694 4681.873408832181
41716.43717653282 4756.098461234118
42020.553393760194 4695.88378277262
42594.55838860482 4425.995005155419
44359.52034567423 3235.038042930604
46058.25493635535 2536.3034522494777
47325.04436416742 2269.5140244374325
48430.166652730135 2164.391735874732
49451.96693988606 2142.591448718823
50463.71171003935 2130.8466785655437
51609.510590817954 1985.0477977869432
52749.279262863754 1845.2791257411395
53884.86981564833 1709.6885729565677
54473.008431838876 2121.5499567660236
55059.61220468957 2534.9461839153196
55685.32919540265 2909.2291932022567
56305.613695677755 3288.944692927162
56907.35968344659 3687.1987051583346
57496.424182443865 4098.134206161087
58039.412084581556 4457.012097862311
58407.75720003254 4631.654884549017
58631.7803323236 4775.976867708949
58878.009220642096 4753.771111681507
59202.04517223287 4675.964048409214
59403.98927242952 4798.055899803351
59832.87714942785 4571.112123001669
61186.449125756706 3646.428023671147
62189.75818369483 3643.1189657330306
62577.96413984744 4254.9130095804185
63015.49709930243 4562.467040545009
