0.0 0.0
70.12852940132308 1000.0
708.5636420045364 2000.0
1296.5554479848997 2412.0081940196333
1907.0218661075323 2801.5417758970007
2445.523434009078 3263.040207995453
3003.762767606863 3704.800874397669
3204.5716923330538 4503.99194967143
3426.935875724316 4777.635816608682
3612.720470293618 4814.21540543069
3800.497525478422 4812.222944815164
3950.7617063391167 4849.735819139316
4180.954296043196 4769.807410295902
4378.308597141608 4802.645698901621
5502.068283525822 3876.2403136158023
6718.937208199654 3659.3713889419714
7780.316841180436 3597.991755961199
8867.623983818992 3510.684613322672
9810.80524104915 3567.503356092522
10845.98423553077 3532.324361610918
11784.218856124595 3594.089741017107
12802.534093643351 3575.7745034983604
13827.120963537374 3551.18763360433
14867.642027757873 3510.6665693838295
15773.109111895394 3605.1994852463154
16329.565491245337 4048.7431058963593
16979.470030043474 4350.095461201861
17627.314125036 4352.155905007482
18254.069727812428 4373.244397223584
18814.947807058277 4439.121920754152
19203.69036730715 4611.257439751125
19411.236331568572 4792.454035738588
19649.744564664587 4761.49176690399
19977.05045512406 4672.694109540509
20174.43765071628 4802.612804407773
20655.920779149157 4518.516871567115
21911.527298387566 3744.3934807615865
22979.336409106123 3676.5843700430387
23377.379780889507 4278.540998259665
23829.70983235392 4547.669948535589
24359.81882838995 4469.891003963964
24961.910929738366 4397.9078986515615
25451.058235345725 4510.8526943926345
25894.656244285256 4556.401991060472
26581.75337198248 4312.902872302775
28022.46564605863 3559.2877259238517
29044.594937595724 3537.158434386782
30169.69492871619 3412.0584432663145
31594.61821744531 2987.135154537197
32659.043733734623 2922.709638247885
33562.16385166613 3019.589520316362
35035.74764803266 2546.005723949829
35540.54431103101 3041.2090609514776
35951.68995629148 3630.0634156910064
36186.78661044372 4394.96676153877
36408.28682535983 4778.499785083894
36630.79152478879 4777.495300571093
36834.87423517557 4795.917289613195
37095.449668434856 4739.4245667406685
37381.086211951784 4714.363456483115
37712.990222915905 4668.095989035893
38080.11041395994 4632.879808955966
38832.545484956296 4247.564929003663
39987.001107598015 3845.544377358298
41201.645336250614 3630.9001487056826
41892.0613314461 3940.484153510156
42877.71233173942 3954.8331532168254
43604.041900725104 4228.50358423114
44249.79602358884 4354.2458771362735
44875.683915185844 4374.112108402989
45506.91000722541 4368.773907960458
46058.370550018924 4448.539457206512
46570.59452884972 4487.7760211692175
48152.607887998 3417.98664085173
49150.95921941798 3419.6353094317683
49556.4098578619 4014.184670987867
49987.647493331584 4568.762364530337
50444.20770049163 4543.43979283997
50884.75280684492 4559.454893646718
51289.873071069436 4594.87973577548
51712.992848709306 4576.880222360134
52169.494397277325 4543.498451431991
52669.38164106028 4500.112756217047
53211.15335529848 4458.2282857618
53983.258416519326 4227.894938779162
54874.48700843204 4108.771408087302
55950.68497406224 3923.802034369813
56795.397610222106 4079.0893982099415
57421.21717021104 4374.180440011059
58017.86138765168 4403.355782559356
