0.0 0.0
24.99275800091742 1000.0
539.9251406572922 2000.0
1080.228653174533 2459.696487482766
1723.5699335791965 2356.6587195953416
2218.7324212196813 2504.8375123595188
2669.624300612553 2549.108120607134
3373.4333248202092 2296.190975792344
4118.78616078788 2254.6471640323307
5588.396987487255 1530.3891733006233
7631.323333476228 1000.0
8207.066676920856 1424.256656555372
8715.784729834353 1915.5386036418786
9226.951240156395 2404.3720933198365
9731.639522952148 2495.3117172042403
10264.926074447287 2466.71344850486
10964.223907329018 2300.7021671182674
11597.589119040398 2366.6347882886134
12222.754439550945 2374.834679489455
12725.161399242621 2497.5930403083275
13698.57310106748 2026.5882981751367
14583.226612984057 2115.346488083429
15051.421751610584 2531.8048613734713
15634.410582912367 2417.011168698211
16264.777554422419 2369.6330284899464
16662.380483153465 2602.3970712689534
17187.6833434609 2474.6971396925665
17734.554361070495 2453.128982390411
18251.883224712044 2482.6711363584545
19164.207928747343 2087.6752959647038
19765.444763953874 2398.7631647934704
21320.35488659239 1445.0898773614836
22070.477597327852 1694.9671666260238
22727.006463601694 2038.4383003521777
23218.13504759697 2508.8714160047266
23758.016695516842 2460.118352080122
24384.630371978994 2373.386323537846
24854.53937759775 2530.090994381249
25341.79724125892 2512.742136338827
25847.142691112796 2494.6545501461196
26284.459460591166 2562.6832305216267
26766.907706392147 2517.5517541990243
28245.766664603285 1521.1410417888656
29078.720707403994 1688.1869989881584
29835.110845441217 1931.7968609509328
30554.14478635658 2212.762920035574
31322.0012651989 2232.14352115768
31859.449926014007 2462.551339184894
32525.1197721279 2334.3301538861033
33005.21258635575 2519.907185772153
35020.8093349304 1000.0
35573.84756944849 1446.9617654819126
36057.321095317646 1963.4882396127591
36512.28011184596 2508.529223084439
36989.78136489022 2522.49874695574
37475.88771115135 2513.8936537388654
38007.00466629722 2468.883044854124
38533.29589767675 2473.7087686204727
39066.68171824367 2466.6141794330715
39575.75917858268 2490.922539660982
40705.59483592485 1870.1643426578275
42129.56244037871 1446.196738203976
43064.88613614695 1510.8730424357318
43949.80990637668 1625.9492722060068
44867.38507153804 1708.374107044644
45562.56256983784 2013.1966087448366
46294.20454729297 2268.358022544877
46875.850391916414 2418.3541553765535
47572.74029539404 2303.110096522374
48123.39533498862 2449.3449604054217
48682.53682195171 2440.8585130369115
50800.26920904326 1000.0
51204.58240307616 1595.6868059671028
51616.19784888775 2184.0713601555135
52086.167778514784 2530.030070372963
52584.23377448742 2501.9340040273673
53056.581059482465 2527.6527150049487
53550.41984326382 2506.161216218648
54064.38128082768 2486.038562436148
54607.0691078529 2457.3121729747854
55178.7418149228 2428.327292930093
55755.625790036705 2423.116024886098
