0.0 0.0
31.721351430367747 1000.0
693.5223159824397 2000.0
1626.2658926259826 2067.2564233564544
2312.335944811184 2313.9299478147977
2873.624615530938 2438.7113292802474
3381.314387961832 2492.310227569109
3880.7986455938794 2500.515742367952
4561.949168631848 2318.84947696203
5179.678197831367 2382.2709708004804
5724.606916651141 2455.071281180224
6218.4710144477485 2506.135902203388
6818.45512239301 2400.0158920547474
7426.459349415433 2391.995772977579
8735.13695150004 1691.3223979153909
9467.99737682955 1958.4619725858845
10143.687347336068 2282.7720020793686
10784.340608960598 2359.3467383754746
11340.054628743355 2444.285980217246
11939.740781806107 2400.313846937247
12424.545437761077 2515.1953440450247
12864.190265320212 2560.3551724408585
13427.619536644508 2436.5707286757033
13959.820626867015 2467.798909777493
14550.011980414016 2409.808646452996
16069.352216451016 1480.659763962999
17962.871676102004 1000.0
18904.424299665316 1058.4473764366894
19388.61007726127 1574.2615988407347
19873.88372979159 2088.9879463104153
20356.311674995814 2517.5720547957744
20693.11547643178 2663.196198564031
21007.39674534956 2685.7187310822164
21431.10687090174 2576.289874447819
21828.44068526762 2602.6661856341234
22180.574206896847 2647.8664783707763
22548.121580434614 2632.4526264622373
22993.95812332233 2554.163457112283
24934.448016284186 1059.5101070381374
26124.28333928159 1000.0
26953.754653421554 1170.5286858600334
27309.048915822455 1815.2344234591308
27662.244169740465 2462.0391695411176
28022.32810690377 2639.9160628366935
28351.363281025915 2670.9648258778566
28626.872877400132 2724.490403625782
28957.07061978078 2669.802257619353
29368.948220231032 2588.122399549753
29736.70470540064 2632.243514830399
32126.64693792023 1000.0
33023.87663204851 1102.7703058717188
33655.60203704814 1471.0449008720866
34201.778728027406 1924.868209892821
34740.35815304696 2386.288784873269
35286.22849299695 2454.129660050019
35925.906888787606 2360.3216042093427
36516.97720454699 2408.9296842406197
37011.62290488587 2505.354299661117
37542.95373495501 2468.6691699308667
38200.97798933718 2341.9757456178304
39466.342639752766 1734.6353495844119
40761.19998684238 1439.7780024947942
41511.4295858544 1689.548403482778
42649.93649121652 1551.0414981206536
43272.194736214245 1928.7832531229246
43922.23745869979 2278.7405306373703
44616.183167585106 2306.0542911146813
45266.06241356322 2350.12075402189
45893.46636195621 2372.5960516070063
46480.25818849758 2413.208173458629
47712.296492317575 1767.9616961800045
49097.91408623101 1382.3441022665718
49503.349096979226 1976.9090915183583
49930.66034940683 2549.5978390907485
50387.36764545407 2543.292703952762
50836.8128828242 2550.5547626298685
51280.100243608395 2556.712639215798
51720.93097508893 2559.1692685194603
52240.381257158704 2480.549717930229
52778.93793226038 2461.4433248983323
53334.99669022661 2443.9412420337685
54007.29972980424 2327.696960422374
