18 1.0174104135824464 0.8497971808300115 1.5 3
19 3.885568406124702 0.6897701737722102 2.5 3
20 0.11071258692511066 0.9649377679973322 2.5 3
21 0.7257009148152305 0.8630526157165068 2.5 3
22 1.3086822265382372 0.8552244556235731 2.5 3
23 6.854753471365627 0.5538885251560995 2.5 3
24 1.088593574551859 0.9352594091704086 2.5 3
25 3.59967892268004 0.5655088600952051 2.5 3
26 9.527699378763826 0.4301652677631053 2.5 3
27 9.845569920707753 0.3156592544581933 2.5 3
28 2.4894410052132 0.7644188638030929 2.1932513081465803 3
29 9.306245372087673 0.38518136896989635 2.5 3
30 4.791332916924075 0.6317068187241042 2.5 3
31 8.081103928902838 0.5676235065238602 2.5 3
32 10.656187055743475 0.41015665026023357 2.5 3
33 4.56990622704103 0.5635114793804239 2.5 3
34 11.144008778824695 0.12103446311342457 2.5 3
35 14.87643473174233 0.09840563474386342 2.5 3
36 8.062203998264252 0.5660029956652964 2.5 3
37 9.39909804651472 0.5096828527222104 2.5 3
38 10.15798343418906 0.24686519345712296 2.5 3
39 15.222992657302477 0.006484557875732719 2.5 3
40 14.217991576603367 0.015026700525093615 2.5 3
41 0.058190617368016895 0.9949137785792921 2.5 3
42 10.560399794695474 0.37986494428796463 2.5 3
43 9.84318861303473 0.26369127582944374 2.5 3
44 16.02557188311495 0.07039574559806548 2.5 3
45 9.479204908555172 0.5192556349302725 2.5 3
46 10.703061705187649 0.11314850837434196 2.5 3
47 12.311078442331024 0.0894065210863672 2.5 3
48 10.407994712567191 0.4490407508329633 1.6365168916843322 3
49 1.2928827578454278 0.9081947133499784 1.6689130739151514 3
50 16.00493469412645 0.06416184656097365 1.7153841333322053 3
51 3.10527519522502 0.7309751742029286 1.9113000811023304 3
52 4.778866884823767 0.5655834576833615 2.2269861153855306 3
53 6.592412078076296 0.40622630232377144 2.5 3
54 1.438790606945954 0.8010015754070557 2.5 3
55 8.295204251599515 0.5621860075932757 2.5 3
56 0.02252046991775991 0.9919364381012197 2.5 3
57 4.338312497392603 0.6476797793660973 2.5 3
58 0.9451472445928815 0.9381850789921384 2.209528263615728 3
59 5.261298154854745 0.6495075418442943 1.911397062357406 3
60 9.116833465066026 0.4645239176536192 2.139827913201094 3
61 6.878630295206171 0.5339427041082054 2.5 3
62 9.997085956928174 0.42719720979834325 2.5 3
63 4.846957650512109 0.6695689077829544 2.5 3
64 23.220888681262526 -0.17003999304641437 2.5 3
65 8.610814050946601 0.43676820228064905 2.5 3
66 1.3639454197586138 0.8808016210204334 2.5 3
67 1.2138217700834302 0.7756621572780241 1.931818802805923 3
68 1.3524288816799537 0.6772757503564422 2.2650188378636957 3
69 12.646494015069376 0.05912316546467007 2.5 3
70 1.1040935591566612 0.8413468854840719 2.5 3
71 1.705030394351219 0.8097340710641255 2.5 3
72 1.771331963853469 0.7093922934688831 2.5 3
73 0.0835155449566356 0.9842149907970539 2.5 3
74 1.282148138487453 0.8940584416742081 2.5 3
75 6.550911723999803 0.6296803405599275 2.5 3
76 7.629888013173287 0.558946289406908 2.5 3
77 3.3701109355936856 0.7264714986424006 2.5 3
78 13.2543980472853 0.1410005763966088 2.2379744714054395 3
79 0.02038541291657392 0.9994393440817065 2.0223306823217424 3
80 0.5868100713038693 0.9574362591084897 2.308370588767124 3
81 5.471673404110133 0.5967235443375201 2.2209071429972247 3
82 3.9910925214202946 0.6717320791897833 2.487393706536066 3
83 1.2257992008965264 0.8953627888363124 2.5 3
84 5.975220821839818 0.6316412789784591 2.5 3
85 2.531207163777821 0.8295653870407786 2.5 3
86 1.8473776744364514 0.7318279438641331 2.5 3
87 2.7870082444458957 0.6982023375922357 2.5 3
88 0.19321064004651145 0.9748197568644351 1.8042040851887577 3
89 0.12112126232334042 0.9741460307132811 1.8934018437258056 3
90 0.09527400641808459 0.9853177063756509 2.4789073386921663 3
91 0.006415222219422034 0.9983235831935079 2.5 3
92 0.0273642303548014 0.9965082524342872 2.5 3
93 0.08425893307266286 0.98799262023728 2.5 3
94 0.37308695881247456 0.939246982118807 2.5 3
95 0.007969766765751451 0.9982177912290519 2.5 3
