13 2.1368733223241607 0.7244427273368566 1.5 3
14 0.1642305518252387 0.9703755371373496 2.5 3
15 21.8203141615569 -0.2092865839752338 2.4845363884963336 3
16 7.1052928420590415 0.5560440652090224 2.834694381294732 3
17 7.588790297784708 0.2947569499767938 3.2275553792365845 3
18 20.080386215319066 -0.20443460212783748 3.5 3
19 20.056985677880295 -0.15653235518053935 3.5 3
20 3.275812675220445 0.7477960142556759 3.5 3
21 12.166133771015382 0.12488640473676464 3.5 3
22 16.344170567735 0.0038658477118716306 3.5 3
23 0.9107570661277364 0.77525838477224 3.5 3
24 0.1511826561320584 0.9781951031796549 3.5 3
25 0.7790717618948895 0.8911262745004559 3.5 3
26 0.37601013024671026 0.9566753360425733 3.5 3
27 0.6282503397326371 0.9189032509597206 3.141810864369061 3
28 0.012344011015936296 0.9958932539472526 3.386539170305674 3
29 0.5902579951057128 0.959339404468299 3.5 3
30 1.4766417491381647 0.9114985279261261 3.5 3
31 4.528392599369796 0.6852626451724525 3.5 3
32 12.964759288954344 0.16924012225379323 3.5 3
33 8.924535443994934 0.5280490671873399 3.5 3
34 17.05487448957277 0.008080063452132129 3.5 3
35 22.765743141514225 -0.23523801964624177 3.5 3
36 18.654872226373982 0.01780368607213213 3.5 3
37 22.859743938270025 -0.2444448641383959 3.5 3
38 23.073803002421805 -0.1511166063044253 3.04392659700488 3
39 1.4022476642926849 0.7845673919916732 2.1006160133169836 3
40 21.19825146339791 -0.1605567461355652 2.1714742680580237 3
41 23.413589739636052 -0.15900980503883766 2.6815557673210133 3
42 4.137401986291585 0.6943475810263651 3.1782100501760944 3
43 1.1227756332576488 0.8548754708604109 3.5 3
44 2.9043812306421497 0.8049338444706985 3.5 3
45 1.3862451897872692 0.9043233127952887 3.5 3
46 0.7158599207217016 0.9525847269630339 3.5 3
47 8.691764463042645 0.38453626671031954 3.5 3
48 1.302469089940324 0.9616637761294347 3.5 3
49 18.68288677662364 0.004559710869720149 3.5 3
50 7.7423487436113305 0.5484579617415235 3.5 3
51 1.6428133563418266 0.8328328290022132 3.075520660988586 3
52 23.38613930220131 -0.17040284970452382 2.662405419147086 3
53 6.110666901161917 0.6411770450045774 2.5887927512728495 3
54 0.30653537475454673 0.9357695063011479 3.0163507690416664 3
55 1.915608834253292 0.8388014996142755 3.5 3
56 5.541144487252531 0.6672666936859785 3.5 3
57 21.516671326250723 -0.18606568711542673 3.5 3
58 16.47904791708435 0.06915266569825107 3.5 3
59 3.114929280704941 0.7315949814315362 3.5 3
60 22.326777762624232 -0.15821003798461017 3.5 3
61 3.491435531072301 0.7699598744601662 3.5 3
62 0.5359907112292737 0.9217679962755819 3.5 3
63 3.424226504948063 0.7614969311100334 3.5 3
64 0.34557876196392545 0.9564275244367735 3.5 3
65 0.05439501969018856 0.9921862793659187 2.8145532582862796 3
66 0.13568634316774286 0.9779696019212702 2.381422054782175 3
67 7.885554761858076 0.5856005874172107 1.9513306398507992 3
68 12.112170582206966 0.3039737303067349 1.61693325581112 3
69 19.286009749241362 -0.10370744304718063 1.5000000000000728 3
70 2.4425386140794076 0.8891145013917526 1.5000000000000437 3
71 1.6951055224706408 0.7590195255908426 1.5000000000002038 3
72 14.76905197229814 -0.01036973632006582 1.5000000000002038 3
73 12.160675995844253 0.3569498678530905 1.735235025464528 3
74 2.3097437331905093 0.5673041343990516 2.097350089808388 3
75 7.020839640791577 0.3692662830731387 2.4544488126726645 3
76 20.352227844125224 -0.23550430605434358 2.787556612883418 3
77 22.664480468868728 -0.3405607919951916 3.1750258446955706 3
78 22.383068881405052 -0.23881893638914592 3.5 3
79 1.24782089290919 0.7346649700208658 3.5 3
80 13.951573765322363 0.03691879230232544 3.5 3
81 20.303158532544927 -0.2113277541956843 3.5 3
82 5.815127706154872 0.5448280708510982 3.5 3
83 10.134365573318105 0.36436606976297564 2.879708378152107 3
84 6.992095408184997 0.47687002888144614 3.193473315070427 3
85 6.070046808110831 0.3697061007503363 3.5 3
86 8.225683572409162 0.3245533107251045 3.5 3
87 1.8641526848430354 0.7440765119034168 3.5 3
88 2.7560431442847033 0.6056327591062166 3.5 3
89 0.5063054179569182 0.8913326945423913 3.5 3
90 12.81858357294066 0.21381229138020091 3.5 3
91 7.52002935951948 0.478246440198264 3.5 3
92 4.1487216510399945 0.716569514823657 3.5 3
93 5.395010776681861 0.6198219198275462 3.5 3
94 19.274807730761125 -0.24535059465609965 3.3534711144524336 3
95 23.07386327752157 -0.1600443818812824 3.5 3
