2 1.3638011079072543 0.863508768936252 1.5 3
3 4.304727050027483 0.662279564432488 2.5 3
4 4.41261551822059 0.5517522358048055 2.8651910997046204 3
5 5.414769791969973 0.461681175865 3.255547426493361 3
6 3.166181958349876 0.6062960786059347 3.646577910903918 3
7 0.009443006116596209 0.9964394608943431 3.984891471570982 3
8 10.225049745550411 0.5139457181121992 4.287561798880626 3
9 5.291481939957563 0.7736872760705849 4.714253978151781 3
10 16.28455238525104 0.11780908126372903 5.150014729960513 3
11 22.78674005514717 -0.18861753907071915 5.5 3
12 19.76176327040097 -0.18619299830526825 5.5 3
13 20.50969967593432 -0.10353301500312187 5.5 3
14 23.15995242031263 -0.16962791156972123 5.5 3
15 23.181026376110893 -0.25604976922061795 5.338157278305438 3
16 3.263319681638479 0.7477272281952636 5.014901627859988 3
17 23.035577603973977 -0.28989311112192484 5.286066901353411 3
18 8.752611445776104 0.3056276410494394 5.191304865135844 3
19 10.82340925252011 0.18943476419847136 5.5 3
20 23.079140065814858 -0.20338637573068424 5.5 3
21 17.016454103675013 0.04640379020894324 5.5 3
22 19.325539968399447 -0.10969621918278914 5.5 3
23 6.569660126197754 0.4271233213930102 5.5 3
24 22.862867096168916 -0.28592501640833395 5.5 3
25 10.669054023961754 0.21979668040486766 4.897841554322473 3
26 13.332411299800349 0.08367679462526252 4.927512902835395 3
27 12.137683055177348 0.1775899537702204 5.5 3
28 13.175378512566056 0.14335966543175727 5.5 3
29 13.043218123077171 0.15763527714410047 5.5 3
30 12.680152973963644 0.19952344374558495 5.5 3
31 23.01846339679117 -0.2693918728597012 5.5 3
32 23.349274369286306 -0.2439602893384583 5.5 3
33 19.382958389314915 -0.10474976256520935 5.5 3
34 18.46157532233965 -0.16522715248055758 5.5 3
35 23.24963177957222 -0.18472682488095016 5.5 3
36 14.65040171797234 0.011678070900325018 5.5 3
37 19.320907468520552 -0.13042928758491848 5.5 3
38 11.492060575340785 0.29317375004004986 5.369536999608062 3
39 16.149586537984536 0.08643318010439965 5.5 3
40 1.1335898147784036 0.9413860616249549 5.5 3
41 23.415014546370024 -0.16472422192979003 5.5 3
42 18.314969707979873 -0.045251718087056594 5.5 3
43 11.284903071727864 0.3845180747586926 5.5 3
44 15.899468044674958 0.16750271347978815 5.5 3
45 23.10924835882832 -0.19378844113185553 5.5 3
46 23.3346708563387 -0.1598467878339231 5.5 3
47 23.346772399962816 -0.1507624205402643 5.5 3
48 22.98771238948394 -0.23498814995636155 5.5 3
49 22.777435090167817 -0.23274325818050323 5.5 3
50 23.316741316427475 -0.2309110803579727 5.5 3
51 16.84863998741169 -0.1788576936485877 5.5 3
52 23.20889026765883 -0.17687828013733436 5.5 3
53 23.186146086533018 -0.25034993194288757 5.5 3
54 23.305815596750694 -0.16219501413648288 5.5 3
55 23.212573811586182 -0.16146230310156823 5.5 3
56 6.524925724438571 0.43552855535789464 5.5 3
57 16.5789703678666 -0.09145938817468748 5.5 3
58 22.683925100300662 -0.36859438424527896 5.5 3
59 22.776931046203284 -0.3218353235094847 5.5 3
60 23.15191808178135 -0.2573757583506746 5.1905695898868505 3
61 23.114929398510583 -0.25628440087380766 5.5 3
62 23.067353364965197 -0.2847037357555016 5.5 3
63 22.99389077914732 -0.3028633565673297 5.5 3
64 23.040890306831898 -0.2895370767227811 5.5 3
65 6.264446397115997 0.471738433090228 5.5 3
66 4.087378844727578 0.6791308877429788 5.5 3
67 3.269266967655101 0.7409844195380219 5.5 3
68 3.182351767629603 0.7187890461481528 5.5 3
69 21.725686936474958 -0.20527702872957632 5.5 3
70 14.77813737148964 0.025026823594277457 5.5 3
71 21.043805843000627 -0.27005223171036064 5.116664723440408 3
72 22.55432852808508 -0.33054929426168994 5.420568588193899 3
73 18.22005762661017 -0.1340138370608122 5.5 3
74 4.064945344905906 0.5596095652188691 5.5 3
75 23.045582011173277 -0.1874539486666251 5.5 3
76 23.031045233656574 -0.2961681417721383 5.5 3
77 20.239633843964587 -0.18175207269046556 5.5 3
78 14.542295037295759 -0.09938566330972488 5.5 3
79 15.115732044558392 -0.007936096703609643 5.5 3
80 21.405595304850433 -0.22723827782004902 5.5 3
81 11.449617669285736 0.1484453014214721 4.97487538294449 3
82 2.8894782603723304 0.7586860030546905 4.245651498463019 3
83 16.693950550622585 0.09682341581356685 4.095936072842102 3
84 16.38972163956857 0.1090320454948766 3.8571144822937495 3
85 11.940374016587777 0.2920110616362183 3.587146176418653 3
86 17.65785125856646 -0.0035882592160587346 3.9172079948250755 3
87 11.575490076731317 0.15832356495791505 4.533587045576293 3
88 21.33894293125641 -0.2140568975389165 5.1505444658280615 3
89 23.187793051712433 -0.2644445942199583 5.5 3
90 15.555998855285 0.004567362012180363 5.5 3
91 23.350354679967808 -0.21289853034400952 5.5 3
92 0.1409199780060879 0.9681779386811067 5.5 3
93 20.98866968915009 -0.20388507282624746 5.388954895243078 3
94 22.130973307625403 -0.22314358531523568 5.324176455841152 3
95 23.3696676585977 -0.15741083110994622 5.484386742016476 3
