8 13.55079660173674 0.20439864164956256 1.5 3
9 19.37297442491117 -0.04495798456274072 2.5 3
10 14.789687536523068 0.1878882350202338 2.865991735046563 3
11 8.14092328113857 0.3298869218555822 3.322382200611424 3
12 5.7125515268738285 0.515334050224938 3.669736862083899 3
13 3.465070281560564 0.6926028363264822 3.984954121986506 3
14 8.34327841769301 0.3312275912860742 4.248098389017311 3
15 11.298976896337138 0.2273653852754162 4.5 3
16 3.8950896375377804 0.7482425285702449 4.5 3
17 6.384579949329266 0.4687847613512164 4.5 3
18 13.410147837161817 0.2934386801313427 4.5 3
19 20.485351102700083 -0.16986829651355645 4.5 3
20 6.2415509628025765 0.6454266337845368 4.190145135760642 3
21 7.850462740483598 0.3390327695454778 3.994322862942885 3
22 10.046814749022204 0.2259847177127577 4.273458830902924 3
23 11.948181163511856 0.3442865472480261 4.19564774949682 3
24 19.233197924905383 -0.03475630604247934 4.476267454267858 3
25 3.6772475411806322 0.6144654297073779 4.5 3
26 5.621007836027988 0.6560765514681826 4.5 3
27 18.05524843954627 -0.11317552827728175 4.5 3
28 15.959212522322357 -0.03761954914583358 4.5 3
29 14.59794676567755 0.014834760384154762 4.5 3
30 3.248368312720735 0.7330169863839985 3.7606877624180015 3
31 10.930033986531408 0.1273771027684853 3.8895132097630847 3
32 17.649676305408583 -0.131178244811825 4.5 3
33 21.452495706863296 -0.21884809856549028 4.5 3
34 17.73286324888712 -0.11243432916996143 4.5 3
35 9.595722916364346 0.24665677142418804 4.5 3
36 23.00610606824718 -0.19490963463920485 4.5 3
37 17.343509819951414 -0.09787404128829719 4.5 3
38 15.045339891153787 0.12289445816043137 4.5 3
39 22.185059894180647 -0.2255481693570471 4.5 3
40 13.018878121642704 0.11553849651598483 4.5 3
41 16.287238217695172 -0.04566812994288583 4.5 3
42 22.646642055447845 -0.23621635876807537 4.5 3
43 19.985562503838715 -0.1896864433246118 4.365413104176048 3
44 11.704576411326627 0.33779509239087613 4.5 3
45 22.685976805122063 -0.36896349273888235 4.5 3
46 11.059137019103193 0.5080605825345419 4.5 3
47 22.77312748438493 -0.29482936940055726 4.5 3
48 23.031697304427816 -0.29275187245329026 4.5 3
49 22.980182583436346 -0.29588252961401995 4.5 3
50 14.425551921916359 -0.005690790654016284 4.5 3
51 23.27111256271113 -0.25237977295219055 4.5 3
52 23.34557164729017 -0.24527244620541708 4.5 3
53 17.191069296771882 0.03529504601566934 4.5 3
54 17.158387629409212 -0.1587812053178424 4.5 3
55 17.953981478673477 -0.11084046078315342 4.5 3
56 6.0499017844772585 0.659612988757034 4.5 3
57 9.700900979861393 0.4529886396706571 4.5 3
58 23.19240235848767 -0.17124358537187448 4.5 3
59 9.93570573303833 0.49687277142889197 3.7398984013565424 3
60 10.883887933779665 0.17937461572260424 3.452397418355518 3
61 6.693691240937543 0.3614715248918547 3.3664775637806086 3
62 16.22721737129931 0.001432140205430116 3.3944849383363325 3
63 23.0680349219783 -0.19532911781997073 3.483830333285863 3
64 20.04579511006796 -0.0902910488824421 3.61459215607676 3
65 10.977142012462103 0.29319621319052425 3.816498262730405 3
66 22.77886796200762 -0.2244067109133052 4.1282737200854385 3
67 22.498595117688257 -0.41018495461973165 4.4034775182873345 3
68 17.306377345321522 -0.09229895813911972 4.5 3
69 10.869570316301406 0.22409932310840755 4.5 3
70 4.372581018540659 0.6506697904111169 4.5 3
71 1.6143865577120389 0.7768877494064396 4.5 3
72 22.816746430521643 -0.34499779485331794 4.5 3
73 4.720258481227871 0.5930196190690632 4.5 3
74 5.632330727770214 0.5165957821296194 4.5 3
75 22.860858991214403 -0.24805504126466965 4.5 3
76 7.528377044850382 0.355945240990241 4.5 3
77 8.511293598055907 0.33064953543367853 4.5 3
78 9.896387281583857 0.38911399921565765 4.5 3
79 15.072758116673256 0.1515551273374132 4.5 3
80 14.821556292793083 0.10126885990793988 4.5 3
81 12.094358866252858 0.03239299300074195 4.442817626872405 3
82 1.607547680097925 0.6761924076046122 4.33735306417603 3
83 4.687505493251978 0.594613561484004 4.262319399677246 3
84 10.697724021792027 0.362401518781364 4.033987444164188 3
85 7.634888261674301 0.38508186247415 3.707054696678373 3
86 10.086893137943232 0.22217551498485416 3.7112375304132437 3
87 12.239951246427886 0.09543461059686165 3.829758481392419 3
88 23.13421704614892 -0.23922339454304617 3.83389136243127 3
89 20.83241005787822 -0.21328705711680357 3.6310248014320967 3
90 19.4390413886146 -0.08938303521178528 3.798535537835807 3
91 23.27979598965611 -0.16602213935405835 4.085575520518411 3
92 15.30473891454835 -0.026214401536089855 4.410102415192348 3
93 17.02758637718056 -0.01322302426162259 4.5 3
94 14.329158847011689 0.021298934670085683 4.5 3
95 21.65746142313281 -0.17169935263187686 4.5 3
