2 0.5044345796308853 0.9134091326542719 1.5 3
3 10.993481079331474 0.4961623477946761 2.5 3
4 22.473647641773518 -0.2923923280777313 2.904285936932047 3
5 22.738747558971497 -0.2792305224089284 3.3192048677183523 3
6 22.76978640593827 -0.26460435317436776 3.743964824797391 3
7 22.940268447865762 -0.2058109102157661 4.165212483533393 3
8 17.980738318028017 -0.013419589209523089 4.511870792085227 3
9 23.161010476733185 -0.26317843912719086 4.910947389156979 3
10 18.69602204719687 -0.12248076823640851 5.239164515477215 3
11 23.284812584969238 -0.24352228415709568 5.5 3
12 23.279467693313464 -0.15558790097230243 5.5 3
13 16.417770493914666 -0.05667615383750353 5.5 3
14 16.27749904640081 -0.06959568936566897 5.396025111036754 3
15 15.59131885777418 -0.035730102694635696 4.90348149657847 3
16 22.853306440531398 -0.14991243684109304 4.758123819291399 3
17 20.41884602338257 -0.22508446896470422 4.954794518663974 3
18 22.874257554082714 -0.192672182695425 4.8859297821139664 3
19 18.86139176363615 -0.15440064646790597 5.155991905166675 3
20 11.207403599636372 0.049976277292312646 5.453279380739929 3
21 13.116054917126679 0.0516804513879363 5.5 3
22 17.39719757147141 -0.06325662038249216 5.5 3
23 10.00189057785118 0.09928547389697923 5.5 3
24 21.919841899092383 -0.2610242527335632 5.5 3
25 19.570578335680118 -0.17705495198992488 4.953762658469859 3
26 20.509285778937254 -0.20185798253107798 4.920947382017417 3
27 14.963460015474418 -0.012043725745465065 5.5 3
28 23.29419444992306 -0.24325426932598176 5.5 3
29 23.411297512437052 -0.15618236066599647 5.5 3
30 12.56664519482214 0.1032128650710934 5.5 3
31 23.080084338026765 -0.28633401157958593 5.5 3
32 3.6172959577831056 0.6216783014496325 5.5 3
33 13.279616912003581 0.1784730136860757 5.5 3
34 17.779540622901365 -0.05683001881144858 5.5 3
35 7.229135599271545 0.5972373204216957 5.5 3
36 7.475019735790119 0.3666754116155087 5.5 3
37 18.76794386042571 -0.06667356243332764 5.458075448453147 3
38 9.822175308889621 0.22897019251411083 5.44178003750302 3
39 5.116409673188141 0.4915947118789879 5.5 3
40 9.667253391426307 0.42252004506378366 5.5 3
41 0.5507709879975051 0.9489966326630574 5.5 3
42 4.445599120191776 0.7428721103531236 5.5 3
43 7.5112079741581725 0.6293359506096979 5.5 3
44 11.283084578332382 0.4518758143626023 5.5 3
45 15.65207566688013 0.15739308877741923 5.5 3
46 8.147219091678119 0.38722536279960157 5.5 3
47 6.974882406694449 0.39599378768527305 5.5 3
48 2.0940829954302487 0.8788285493653424 5.5 3
49 0.4024851692563125 0.9650359258195275 5.5 3
50 8.716768923368612 0.26225330332541963 5.5 3
51 19.434879164196253 -0.16357295859142848 5.5 3
52 19.754267586768442 -0.14906262263120096 5.5 3
53 10.513229669487096 0.4497108939423878 5.5 3
54 7.232702002579156 0.6592601165003009 4.692005639507137 3
55 22.993517529924 -0.29114596868575376 4.381332738820776 3
56 22.662403032795726 -0.36285518998596955 4.0687952875867195 3
57 15.066286291311448 -0.07536779189400433 4.048136040440426 3
58 4.766786665058206 0.519623274860225 4.173863659220784 3
59 21.577363391167562 -0.2300195561748576 4.397194571559179 3
60 9.577233939762056 0.2974133679703569 4.598638769771219 3
61 6.5321586302504615 0.30011957175729903 4.739121154882807 3
62 20.29107808410613 -0.17773904400286916 5.045663076077748 3
63 22.88558717204389 -0.3247521290442732 5.420476260423515 3
64 10.29038933376922 0.2057233111063674 5.5 3
65 4.941426586333008 0.46596074955838546 5.346409940353602 3
66 5.550320288601494 0.5282137440605897 5.5 3
67 16.26489055944816 0.1533094059658136 5.5 3
68 2.1401628854565304 0.8378208367059865 5.5 3
69 22.663708416053943 -0.24708312249286604 5.5 3
70 2.612523290525578 0.8049156755230134 5.5 3
71 12.576684453785342 0.2748206072522012 5.5 3
72 5.282627642754941 0.5898291742492174 5.5 3
73 14.306732094448105 0.017259035929562967 5.5 3
74 20.88854827550727 -0.21908851089516818 5.5 3
75 22.686244187507803 -0.35478690214875014 5.5 3
76 22.613313519782658 -0.340169195480081 5.5 3
77 22.799462398489823 -0.23736280080734526 5.5 3
78 23.05183233875698 -0.28939782023716243 5.5 3
79 9.81849531765397 0.23584052673275074 5.5 3
80 23.181036892142494 -0.2683319188508546 5.5 3
81 23.231426675458362 -0.26187553576732664 5.5 3
82 5.950968026976336 0.45147888338789 5.5 3
83 3.678981536712847 0.681293065675269 5.5 3
84 18.297567642094954 -0.01134743302075721 5.5 3
85 22.81283223271391 -0.22399469735146843 5.5 3
86 11.515364442986359 0.31727097256392683 5.5 3
87 20.471754305967522 -0.19446977859136144 5.0854630680509 3
88 23.09967346701422 -0.24671893659151964 4.593413260488757 3
89 19.80666688822161 -0.07699419206366914 4.112648804654382 3
90 21.304689992143274 -0.2645099749816037 3.678630129280733 3
91 22.73733662322948 -0.3527478241508232 3.6064100301118596 3
92 22.871133054660177 -0.28935528264272864 3.65707681099193 3
93 7.862476814263427 0.5238745243617413 3.719801481617702 3
94 12.015945401469796 0.13870232441291844 3.709325497077749 3
95 3.0256552639613883 0.7875195599646577 4.021883402065811 3
