2 5.003721518161206 0.5626062900715608 1.5 3
3 6.277884347521137 0.4726955763810095 2.5 3
4 16.278478583314968 -0.03228695329649543 2.8704229095467606 3
5 22.712311216352546 -0.28788900893597413 3.329678632331387 3
6 22.73347887309748 -0.32873745198842264 3.7329634550212236 3
7 22.785381949596875 -0.32120430543845924 4.132678528883188 3
8 6.945559948984768 0.4400149961619847 4.483758533635667 3
9 9.789803239934233 0.4980586835654581 4.1906499933423165 3
10 11.479835111661856 0.16125002412828804 4.653421174973439 3
11 14.115667049273823 0.027381655490070687 4.842438490175695 3
12 23.05066370864821 -0.2103039992453917 5.003613597919103 3
13 16.35206480255579 -0.038785843679128164 5.5 3
14 9.48665842192356 0.48789503758471237 5.5 3
15 5.836722502166648 0.37009280234414954 5.5 3
16 20.232338144650285 -0.19154369533253618 5.5 3
17 1.3306250723663338 0.8414301226221779 5.5 3
18 18.58978891075315 -0.14199494040430688 5.5 3
19 22.886798093823025 -0.23284519833252504 5.5 3
20 22.99054902983273 -0.22943167227733835 5.5 3
21 19.233749636868776 -0.15779900052778995 5.014853811867692 3
22 13.514565403203466 0.2671207483828802 5.213430230096037 3
23 23.01436272152574 -0.2915711278481804 5.408182107315773 3
24 21.95024172119711 -0.22409896413690852 5.5 3
25 22.92977088380014 -0.1960825884154919 5.5 3
26 22.943258404441444 -0.1819210004408523 5.5 3
27 3.365420528452801 0.5647200441546084 5.5 3
28 8.496510190929296 0.3141270937224385 5.5 3
29 23.173292902297312 -0.17507306486497154 5.5 3
30 19.437253848340553 -0.1902994932670516 5.5 3
31 18.598360457450934 0.013361398494653056 4.878600854334458 3
32 22.136431538639567 -0.16573082978019396 4.062142568827177 3
33 19.75920393218113 -0.05941631522326353 3.8873912454101083 3
34 18.678862816454753 -0.15655892673634833 3.645375747916507 3
35 23.27049927755072 -0.16416715665164047 3.1971674674115493 3
36 23.139303301289075 -0.18537912332984688 3.8084376853034847 3
37 22.51040753489108 -0.23976364589686705 4.393172266875576 3
38 21.013598883313136 -0.21050045964660158 5.056070105654042 3
39 20.92394401647523 -0.14926422407635973 5.5 3
40 13.486509257304705 0.062014206286567404 5.5 3
41 10.671193993356543 0.16400145874460875 5.5 3
42 1.0786004393454016 0.8880947627744127 5.5 3
43 8.858249854837673 0.5107535040931199 5.383763344772757 3
44 23.17484150939743 -0.18255548348523085 5.186699159276585 3
45 11.996692288897503 0.25813497823913156 5.349020800595441 3
46 9.052278751690658 0.2561993832174145 5.375922084051395 3
47 8.252423939724563 0.34262594400265606 5.5 3
48 9.5279456185241 0.2591729053824769 5.5 3
49 19.776959125003643 -0.03940864541706206 5.5 3
50 13.343191804254463 0.22517711511359956 5.5 3
51 14.738206871986186 0.19520650226183028 5.5 3
52 8.009103924294278 0.47801070315887834 5.5 3
53 23.412089068279695 -0.16572173027002748 5.5 3
54 23.366252326771992 -0.23356496405669191 5.114515551611206 3
55 14.19272617262186 0.22172938314252424 5.390296349845994 3
56 8.257454767679075 0.5027306556736738 5.5 3
57 15.193711370830163 0.09052328756165734 5.5 3
58 10.983442179856999 0.4138555246761384 5.5 3
59 7.996115120700225 0.5563500838254218 5.5 3
60 8.128981736575625 0.505134923585454 5.5 3
61 23.220622249532518 -0.149649726905431 5.5 3
62 22.831115389349772 -0.18606661112363895 5.5 3
63 18.172474064037715 -0.09391553500714447 5.5 3
64 18.97812825500612 -0.17378571363356754 5.5 3
65 20.159546318737664 -0.19524625023013967 5.32672289896883 3
66 22.79815161935683 -0.2492294689426205 5.5 3
67 21.448839391178346 -0.1747649488112113 5.5 3
68 21.38198857933585 -0.1799487951148595 5.5 3
69 21.85613918144555 -0.19547161728304566 5.5 3
70 18.754079475096887 -0.10393938822508147 5.5 3
71 11.948148174984924 0.13728619596118458 5.5 3
72 22.622204640957623 -0.2570386911017284 5.5 3
73 23.08592176595748 -0.2835197254288637 5.5 3
74 20.83610653998825 -0.17912756164009924 5.5 3
75 20.495935041385195 -0.12778490713281515 5.5 3
76 10.115226636079118 0.3914591179439196 5.5 3
77 8.459240492102333 0.3083485265559715 5.5 3
78 11.461146741888056 0.15147091628877649 5.5 3
79 14.114498560235697 0.03335305978656331 5.5 3
80 23.24871842740499 -0.1993413617822782 5.5 3
81 20.34629778954555 -0.17644157674013547 5.5 3
82 9.057149373258877 0.4581284658387332 5.5 3
83 5.668843050722025 0.6105549748247527 5.5 3
84 10.596627777784104 0.35151496537135474 5.5 3
85 11.715283443721576 0.3644720543617011 4.73815334473933 3
86 12.801709911789754 0.30519903689125627 4.7097982752132665 3
87 7.470238116156453 0.5575298521234737 4.753130592766058 3
88 18.561143043296692 -0.1294491324935407 4.867469339758638 3
89 7.307344836439571 0.4953292527737979 5.30083477732935 3
90 22.998571338268363 -0.14919665925060419 5.5 3
91 0.8358052431417597 0.8641668083381113 5.5 3
92 3.625749237785385 0.7852699581980879 5.5 3
93 0.02694754119464271 0.9926538933418534 5.5 3
94 1.1197778838499488 0.8606460071393017 5.5 3
95 0.48884322678673175 0.9621897139057769 5.133761921299403 3
