8 0.3512490725349604 0.9582203354282629 1.5 3
9 1.4347826291123686 0.8785912310499228 2.5 3
10 2.9499723372690188 0.8994897793694282 3.064343886917436 3
11 14.922131272828231 0.18796892677212737 3.594488366247093 3
12 22.9829348313708 -0.15267895938404663 4.121358031210702 3
13 23.31731481553844 -0.15159894348743094 4.5 3
14 22.951675832908247 -0.15279412633799744 4.5 3
15 22.781398033395416 -0.1777800567552487 4.5 3
16 23.395204530754082 -0.15538671774819474 4.5 3
17 23.417985197008075 -0.15525541951446975 4.5 3
18 23.35305473144282 -0.23699738890607883 4.30682031897687 3
19 1.834777278580341 0.8102058078728892 2.872791196519975 3
20 3.8843805456124745 0.7798590098074226 3.323756046905539 3
21 3.8600746228791056 0.7864575390177739 3.83292196586751 3
22 19.045738271322055 -0.003790593934015278 4.390045745881121 3
23 19.613695977380885 -0.054265642757752884 4.5 3
24 15.962288594553014 -0.008538281460586753 4.5 3
25 10.425336951094135 0.27241794662938695 4.5 3
26 20.292725315233103 -0.13488863233131532 4.5 3
27 16.669293830341164 -0.08319420851338792 4.5 3
28 14.823099952823295 0.007189795982073284 4.5 3
29 2.2433988626210324 0.8307216431782478 4.5 3
30 2.1260036270977487 0.8367627973275714 4.5 3
31 0.6724187138029007 0.9405735233503046 4.5 3
32 0.4451942632029944 0.9514954576278026 4.5 3
33 3.32112948264748 0.7927957022025578 4.5 3
34 2.4147334026214917 0.8045222925826894 4.5 3
35 1.0767836169102738 0.9098851806252305 4.5 3
36 2.7317064221580694 0.835621696421766 4.5 3
37 2.457016063124893 0.8446243942474309 4.5 3
38 0.5987501742255237 0.9525438877807098 4.5 3
39 4.936920916016761 0.6852005444733461 4.5 3
40 14.099954551090399 0.04520420961944838 4.5 3
41 10.825220058910212 0.36777273033000524 4.208521372714582 3
42 6.878115893612686 0.6261169037613233 4.454974430698924 3
43 16.790234205161354 -0.017925306715167136 4.5 3
44 7.493887652883362 0.590912920843318 4.5 3
45 4.829405865081339 0.5820907209725398 4.5 3
46 2.1805940953008136 0.7725050501403344 4.5 3
47 21.17554505076916 -0.19885516070790415 4.5 3
48 0.5917336828659314 0.8458580716620968 4.5 3
49 0.2450987140801546 0.9468687013712033 4.5 3
50 0.6620969566598873 0.939728577823928 4.5 3
51 0.2104240060138185 0.9668330380315797 4.5 3
52 0.08659243119322291 0.9861023198319187 4.241017096094918 3
53 0.5793459800905092 0.9398192807895814 4.371822190859079 3
54 7.665324164314491 0.5436943638307757 4.5 3
55 13.254802637532244 0.2666057195284348 4.5 3
56 14.606001502850187 0.19345698422274638 4.5 3
57 14.8554517040433 0.18437308870584931 4.5 3
58 19.54415531315977 -0.1928615330342209 4.5 3
59 20.897822095685097 -0.21446663462205612 4.5 3
60 1.852209752923212 0.8684507422869249 2.963421886832177 3
61 2.0930034323631084 0.8371340302325062 1.9117348195227677 3
62 9.11939775701616 0.3101945862497402 2.44217942206045 3
63 11.410257770053144 0.13202534602309618 2.9592347734602154 3
64 13.053245849743602 0.08619436897586606 3.5799185576836754 3
65 10.586442380151203 0.25053736836267293 4.2003534339804975 3
66 4.189056653706964 0.6892467714350246 4.5 3
67 21.73423984708708 -0.2353509933876908 4.5 3
68 6.775021037742907 0.5982497830744965 4.5 3
69 1.602705889853831 0.8592379952047433 4.5 3
70 0.23483803909634382 0.9736181142066437 4.5 3
71 0.04395567740084072 0.9894655966314199 3.5987734175599324 3
72 0.5960842281084249 0.9402192766721759 2.844122595760229 3
73 0.7890294493106502 0.9184906033867857 2.472955133653988 3
74 9.740760536116598 0.4739869946997896 2.101616193068054 3
75 14.587088591892009 0.21914699217564435 1.9556879999566008 3
76 7.469020948792564 0.30357862807544006 1.7094082372983685 3
77 4.869379772803223 0.540101676613494 1.4999999999993014 3
78 0.3371462055481098 0.9550227583809942 1.4999999999990687 3
79 1.8698078983923123 0.7769272110014845 1.7865586300145369 3
80 1.8461772800449028 0.8056223732131796 2.1089115692269695 3
81 0.05190290161987576 0.9890548274998671 2.4539660698037915 3
82 0.6166375781656939 0.9181243951673501 2.7904977063556435 3
83 1.389479498326157 0.8154292457349998 3.1359934488504075 3
84 3.732025854214217 0.7540416136251101 3.4926722210101433 3
85 0.36685997254165237 0.9056338076399078 3.9006028990225023 3
86 3.6601371320872573 0.7732100849582902 4.35535116677235 3
87 4.726882255160738 0.570285327748031 4.5 3
88 0.9766953531358658 0.9139015415023188 4.5 3
89 2.1410931900212304 0.8395411276703635 4.5 3
90 0.33235114775456065 0.9781324940649619 4.5 3
91 7.4494842175308325 0.45260051812212876 4.5 3
92 1.3891922119141986 0.8714790781509629 4.5 3
93 0.6973461907389495 0.9352247729799349 4.102175247302119 3
94 1.2383494278626719 0.9230771382520123 4.194369966336235 3
95 1.4002150308868444 0.8595112749078325 4.5 3
