13 11.608606677646605 0.14053206148023487 1.5 3
14 19.098941226602197 -0.12893940706264895 2.5 3
15 22.632040625399416 -0.2850204813647726 2.8539870426555463 3
16 8.1829156014557 0.2629265921022871 3.2428775663474863 3
17 22.70048943148484 -0.25382572539712256 3.5 3
18 22.637344251257044 -0.24021715167715293 3.5 3
19 2.097201044011298 0.7698206270834924 3.5 3
20 22.192648781017795 -0.2660089586597366 3.5 3
21 23.2176049095577 -0.17217565325933804 3.5 3
22 3.4593576259615064 0.6775603700328623 3.5 3
23 22.75800217266312 -0.34195724215992834 3.497686841489976 3
24 8.08303019609913 0.3479452911412313 3.1490400014145745 3
25 22.013601429728272 -0.2072063956422555 2.9499991387562003 3
26 15.56755983941595 -0.08168035459939278 3.1785653570876273 3
27 21.43557274892993 -0.15775081352265385 3.1132129082065587 3
28 23.064498105989426 -0.19556942969059382 3.422457996604484 3
29 12.229634147866134 0.10707461671935867 3.5 3
30 15.914901139238687 -0.07008428704191855 3.5 3
31 4.467604333866842 0.5838642581052191 3.5 3
32 8.947817788883892 0.4512720124199366 3.5 3
33 14.995769714707887 0.18036566006510066 3.5 3
34 16.158288473250035 -0.01248289901468298 2.473254671292307 3
35 17.78677099638053 0.017269894124433003 2.8634102236707477 3
36 22.23236591689752 -0.16491967140716435 3.4366463670096783 3
37 2.1779243250169236 0.7963493158962981 3.5 3
38 10.865533055960178 0.2429326095034332 3.5 3
39 16.057515430340622 -0.08115458923380259 3.5 3
40 17.633433873782707 -0.029364955119816107 3.5 3
41 13.663192763030878 0.30883419399692813 3.5 3
42 18.064205162655142 -0.041128912649090715 3.5 3
43 20.460999661137564 -0.19842232714433145 3.5 3
44 20.454838174123463 -0.2186551175708748 3.5 3
45 23.040717236574032 -0.24212808287964105 3.5 3
46 23.295132418257708 -0.1732270788044365 3.5 3
47 13.038807959202076 0.08748640569009532 3.4118446793484836 3
48 23.038967600783714 -0.18561562086222588 3.5 3
49 6.1855211500434955 0.5759392340179521 3.5 3
50 20.851636737444434 -0.21217233866688842 3.5 3
51 22.86174941284911 -0.31059218686945994 3.5 3
52 6.343000751721754 0.6395641979929739 3.5 3
53 22.67247069182418 -0.24597660229956655 3.5 3
54 14.766109359900987 0.004474542482971659 3.5 3
55 14.218006457356829 0.025311014478564608 3.5 3
56 2.172401062586509 0.8568367484371158 3.5 3
57 12.076281770021549 0.011698719228961528 3.5 3
58 22.569297619414137 -0.2746505130815466 3.5 3
59 21.998668969748664 -0.2319880668933025 3.5 3
60 8.848146721980932 0.29378481679885915 3.5 3
61 23.040666750957755 -0.1898983759882637 3.5 3
62 22.89672383306817 -0.2447333152081137 3.5 3
63 19.980003792598993 -0.08610574327025378 3.5 3
64 20.278560358185977 -0.1182441665785433 3.5 3
65 21.579649331345827 -0.23286775238593563 3.5 3
66 23.11462521947619 -0.25006619262643964 3.5 3
67 22.62350392417804 -0.33363592969295747 3.5 3
68 1.0946903259416416 0.8266719842502716 3.5 3
69 3.404569507417767 0.6928026479764795 3.5 3
70 2.0093968514770975 0.8363607288650644 3.5 3
71 3.3868747153112375 0.7034199310973325 3.5 3
72 2.901480105230158 0.7188293051418142 1.9357479176019987 3
73 0.5909136626934908 0.8198192017142975 1.8797065569009719 3
74 13.94264126298752 0.13151827707390557 2.2872562803174223 3
75 20.22620650676962 -0.09036978147160993 2.777055938014484 3
76 23.0659241258887 -0.28615244607639634 3.3235262428433487 3
77 17.108520023048147 0.0495505418471104 3.5 3
78 12.268529860281117 0.11707242041139808 3.5 3
79 12.144509692898094 0.13841291033930098 3.5 3
80 7.503982753282283 0.5496014612275235 3.5 3
81 8.719973151786787 0.5181356638419407 3.5 3
82 10.046348828977244 0.4362747371624429 3.5 3
83 14.441787161349092 -0.0022939716971620695 3.5 3
84 4.530956409863231 0.6884535453677121 3.3928652506578802 3
85 7.255676179404977 0.4804353443902593 3.5 3
86 13.389067777458738 0.10006391038038308 3.5 3
87 6.803796809728102 0.6749147992168925 3.5 3
88 14.174731807839848 0.03330713096874631 3.5 3
89 0.5742788017199327 0.9324950293471894 3.5 3
90 19.80363541003574 -0.1626491484818784 3.5 3
91 9.899845921037823 0.41988322693017727 3.5 3
92 7.666259591063081 0.5475076647703572 3.5 3
93 11.506347453994705 0.11980749708076419 3.5 3
94 15.143984930654646 0.04992576164900048 3.1149186910296995 3
95 20.82900230709658 -0.24730489461340666 3.204842278020587 3
