8 13.894062369379423 0.04544033537578942 1.5 3
9 23.19393543940503 -0.2506281210948937 2.5 3
10 23.005241413170523 -0.2543882001969314 2.8486714095199313 3
11 23.35468464229631 -0.18599452981797054 3.1760968762604715 3
12 22.11105514333969 -0.3752013966800336 4.049909307476685 3
13 20.81406197537089 -0.240303744145639 4.5 3
14 23.179697520461016 -0.2670380116462735 4.5 3
15 5.044123906439593 0.5987611975444124 4.5 3
16 23.247892898347416 -0.24195508128491044 4.5 3
17 13.968478866111232 0.028253063673993238 4.5 3
18 9.581368059082703 0.24442064707134667 4.5 3
19 8.316731919569714 0.3086229051363734 4.5 3
20 21.875506174193994 -0.24924014610705608 4.5 3
21 22.228159125085114 -0.16591622521137006 4.5 3
22 23.2999178619198 -0.2486709389627152 4.5 3
23 2.720762574643574 0.5663728555591173 3.3042112738125 3
24 21.207055387643948 -0.2300036748126952 3.469251381458016 3
25 16.585618182694198 -0.07369832825378964 3.820272360211962 3
26 14.46102130267753 0.00217131887725964 4.212587937589855 3
27 21.399936126689287 -0.15912041935880375 4.5 3
28 7.60022609024703 0.545787857984044 4.5 3
29 4.9655039721567675 0.6761662117883215 4.5 3
30 7.075506072731674 0.6034698279458829 4.5 3
31 4.09593236546074 0.7353334385159306 4.5 3
32 1.4913618097839754 0.8526945004849589 4.5 3
33 1.7209489811741028 0.7696490418152382 4.5 3
34 15.233742718282443 0.1908301323048118 4.5 3
35 21.96307170114974 -0.15913819584175543 4.5 3
36 21.95726561749315 -0.21120520112180377 3.992074126604646 3
37 22.673913647757253 -0.3739684429572907 4.4710748144041865 3
38 22.67794962030731 -0.3483443168575463 4.5 3
39 22.013546323844338 -0.25207173061976945 4.5 3
40 9.420335181262768 0.2757806049718343 4.5 3
41 6.697958126511325 0.4299452041854613 4.5 3
42 4.522066421984831 0.6134230042157234 4.5 3
43 0.8799627206869127 0.8299891082393932 4.5 3
44 23.26797726660368 -0.254374347790085 4.5 3
45 18.642604883314462 -0.13716927976822935 4.5 3
46 19.023640018560393 -0.13954172720584265 4.5 3
47 18.100045139453826 -0.060093717319340115 4.333107952668776 3
48 7.423902220483655 0.34971825195885 3.8767042593672376 3
49 8.85838858727081 0.25757404246623716 3.8961517886731962 3
50 6.901841471333817 0.47850283866093857 4.3524644306592455 3
51 8.580728035157229 0.41153579896800424 4.5 3
52 5.378850319089027 0.64316252519348 4.5 3
53 2.63344800836784 0.945713241912341 4.5 3
54 18.91685118219187 0.007993416870956008 4.5 3
55 22.632263686514307 -0.23057406220944318 4.5 3
56 22.696076342350583 -0.22522343970641223 4.5 3
57 22.983671514689377 -0.1831026274948145 4.5 3
58 10.218249454008227 0.2082075547378036 4.5 3
59 6.065455931453936 0.45695823876554187 3.9541948563708282 3
60 8.562412235202691 0.2499340551264784 4.024698016285547 3
61 21.00577896506391 -0.1775771186472967 4.5 3
62 22.99784503502058 -0.20707270883801998 4.5 3
63 6.492466935631468 0.44733539146697343 4.5 3
64 10.370805033977504 0.538168741464991 4.5 3
65 2.1732750185220207 0.7570496122485488 4.5 3
66 17.38961832279913 -0.04029235926803126 4.5 3
67 11.132183258027531 0.3238678047072682 4.5 3
68 23.05614937743268 -0.27101971993941204 4.5 3
69 22.895387377860686 -0.2708460568033485 4.5 3
70 19.921564340317886 -0.20084955864451207 4.2136698205237195 3
71 21.523179317196295 -0.2773696685714032 3.9374078688160954 3
72 22.636566051000376 -0.2637903659608617 4.134103804365543 3
73 23.24981971845208 -0.16238527250230117 4.078983745988415 3
74 5.895222997665689 0.5067869473649212 4.361296294539308 3
75 1.97508548284293 0.7680294795066587 4.5 3
76 20.711476538930224 -0.25378004059184794 4.5 3
77 16.10352071300776 -0.16080329199887242 4.5 3
78 5.699835664972289 0.5041660031846484 4.5 3
79 10.61378938081975 0.2002603469917956 4.5 3
80 9.030619289755599 0.3286077569345241 3.942493665266418 3
81 4.777022821057894 0.7007612496540198 3.8670510339051543 3
82 16.36114922273813 0.008882218767502068 4.456866646746377 3
83 18.620995597439954 0.003054189606031247 4.5 3
84 6.867119983947753 0.3392731143358226 4.5 3
85 0.26425639212653707 0.9300601594038 4.5 3
86 13.09666916109796 0.08892640245286365 4.5 3
87 13.34807631825454 0.0660866202759545 4.5 3
88 0.9236815118684758 0.8990201622897542 4.5 3
89 3.9755538395488905 0.7226372052182441 4.5 3
90 18.38607966163047 -0.011770466186431208 4.5 3
91 8.017524884116995 0.5121766568463167 4.5 3
92 8.510347580047664 0.49517420410845675 4.5 3
93 4.064688433641565 0.7722811415823967 4.444564118463022 3
94 23.290046367698476 -0.24236689332677308 4.5 3
95 20.498995840973617 -0.23435906507816576 4.5 3
