2 0.31720948308379526 0.9408288950227733 1.5 3
3 0.7903235534285047 0.9094599085653147 2.5 3
4 4.593630665093162 0.5253575988696509 2.858494552462709 3
5 6.719431440577125 0.3388859432250814 3.236583635691985 3
6 6.010238101492684 0.43807695561244664 3.677102158468782 3
7 0.6165485695342081 0.9318789300408435 4.008246094495706 3
8 1.0458767847728936 0.8992352827908469 4.31226519735714 3
9 0.28681822781175104 0.9639242870027943 4.597718351122814 3
10 0.2960463476617097 0.9842727929636376 4.901251645413132 3
11 0.11335872009537518 0.976248811245009 5.21492599350407 3
12 0.558623047763187 0.9121482664400757 5.5 3
13 0.6831943573149104 0.9210367107871896 5.5 3
14 0.5913447649930506 0.9506283530791887 5.5 3
15 2.786392670592555 0.8745972791822995 5.160358200789651 3
16 10.462424338060323 0.48992696077867515 5.5 3
17 23.0750935350813 -0.17071586968974034 5.5 3
18 23.323616493068947 -0.1676202006692353 5.5 3
19 23.34222783556425 -0.15809783361335958 5.5 3
20 21.24221975895961 -0.15539744759941843 5.5 3
21 21.470079305241995 -0.19908007391089474 5.5 3
22 13.4853363313619 0.02893334834442564 5.5 3
23 23.23338137558173 -0.25812999546490173 5.5 3
24 22.748116206646927 -0.25503215725795103 5.5 3
25 5.534970403925605 0.6489169907247212 5.5 3
26 18.113570886822743 0.0010083258371234626 5.5 3
27 19.85128410426133 -0.15827922138904463 5.5 3
28 22.618652520827702 -0.3659202576851552 5.5 3
29 23.300347682622487 -0.1625102690113481 5.5 3
30 10.594274287793299 0.37053960264102703 5.5 3
31 22.322670939036197 -0.22573329065493164 5.5 3
32 23.3793622396024 -0.24046000606578752 5.5 3
33 23.313187707771945 -0.23782759527384062 5.5 3
34 10.69887291719498 0.20047845829117494 5.5 3
35 14.871545695104526 -0.05759939851258253 4.6337446410173175 3
36 23.055186759654667 -0.2045907582735084 4.7087759340925075 3
37 23.04220568994584 -0.25103135708702246 4.814741923177207 3
38 18.34533768513443 -0.04997900501901654 4.931669823516532 3
39 18.13550248557467 -0.11073555739761572 5.274117765730677 3
40 15.421628744377449 -0.10277171302842046 5.5 3
41 23.287487178555207 -0.1612352307386433 5.5 3
42 14.820346794014334 0.0041312439442131536 5.5 3
43 13.574785847442069 0.17508988394933905 5.5 3
44 20.84738237398537 -0.10972825888524977 5.5 3
45 23.067093576125384 -0.25243447372805466 5.157249805210464 3
46 23.175727339358453 -0.16455225343418095 4.893593961119281 3
47 21.389090787316 -0.22583855916739617 5.114856855287158 3
48 23.25141006099986 -0.2564596100353632 5.5 3
49 23.283975864553412 -0.17181278434086839 5.5 3
50 17.606356957975958 -0.1427055506585241 5.5 3
51 12.611457262478872 0.2185705076316725 5.5 3
52 19.410079901847332 -0.19266632131003272 5.5 3
53 13.571977624250525 0.05530282552956965 5.5 3
54 4.142854786789402 0.681744725375592 5.5 3
55 13.519820308759282 0.24052125300498375 5.5 3
56 11.146198741156633 0.12874344705866236 5.5 3
57 10.207193673408852 0.22000011925403837 5.5 3
58 14.237886347420492 0.16514671850554258 5.5 3
59 23.061597900939 -0.17481428084518705 5.5 3
60 23.07562348281752 -0.17196773258014864 5.5 3
61 16.610727390957116 -0.08999666617308259 5.5 3
62 19.535956175351167 -0.1605732875080881 5.5 3
63 17.252542837290285 -0.09624701167673165 4.577502611640862 3
64 23.17240277881105 -0.18423269660632147 4.0680544284879945 3
65 20.343384011647643 -0.15690008252857596 4.517943677985422 3
66 19.4693123601498 -0.09607751549943741 5.018772439060347 3
67 17.16113550922882 0.03281135241162336 5.5 3
68 22.999091846890813 -0.26871160044796844 5.5 3
69 16.288997036279724 -0.09835636645693575 5.5 3
70 16.633750932501876 -0.0647590668877335 5.5 3
71 14.749048505986993 -0.03223350636080588 5.5 3
72 21.885111448173674 -0.21297187683076715 5.5 3
73 11.178066619517192 0.16783658685193337 5.5 3
74 3.1257380314489227 0.8028195249042964 5.5 3
75 17.703286220449392 -0.13087656696677602 5.457057831898142 3
76 23.189738606212075 -0.15854466813245613 5.5 3
77 23.123338301809603 -0.18685668829130875 5.5 3
78 23.077592634646198 -0.21431755601845637 5.5 3
79 23.21788115686721 -0.18403633832116711 5.5 3
80 23.303302374593375 -0.16494687824569554 5.5 3
81 4.466406296383721 0.6276956246592109 5.5 3
82 23.319427643472086 -0.24680036870775834 5.5 3
83 22.527314116596322 -0.1906669022373535 5.5 3
84 13.79038222977999 0.22045273222043185 5.5 3
85 14.394506131463515 -0.003376321874983967 5.235984697142019 3
86 12.733606127369281 0.13525329591758273 5.250386670128952 3
87 15.841000103975222 -0.027249081801992626 5.490050701115571 3
88 7.345097294879691 0.5775733762274069 5.5 3
89 15.40908021877024 0.14456481347289651 5.5 3
90 17.477391889840344 0.003542051929395109 5.5 3
91 23.344261209069952 -0.16414684139964197 5.5 3
92 23.15921303892879 -0.18189070453377612 5.5 3
93 8.01844892921144 0.4554165360726981 5.5 3
94 23.161537775870823 -0.1962541898293092 5.5 3
95 23.228020643730336 -0.16471324737776247 5.5 3
