8 11.679074780203752 0.09362685544569252 1.5 3
9 22.476124715437116 -0.167904190575674 2.5 3
10 20.38469510301497 -0.1963532613036178 2.5184132272252118 3
11 11.024044366333664 0.30706292072144725 2.8111888940081937 3
12 16.278610217844495 -0.07788175498178868 3.2201142815161274 3
13 22.02967600730808 -0.2673969595630397 3.7591482544552366 3
14 23.015309844342326 -0.17626919809019762 4.250972340845019 3
15 23.241632701820983 -0.15862943830113424 4.5 3
16 19.585419675485735 -0.10995788803470682 4.5 3
17 5.438919092846525 0.6773965177470923 4.5 3
18 12.697042281948832 -0.004008462632069688 4.5 3
19 1.4341938689326348 0.5882429010116191 4.5 3
20 17.581093299829853 -0.154031217736308 4.5 3
21 21.439670439516266 -0.23090555134026702 4.5 3
22 11.776418904786258 0.00023813010600300837 4.5 3
23 11.253751536354677 0.1829074122292312 4.161495823459245 3
24 17.277544712969565 0.009792544799190974 4.414907913726249 3
25 23.254970940643567 -0.2606835079362965 4.5 3
26 21.926829857079166 -0.16157231941660008 4.5 3
27 12.899413196633311 0.28149732692433577 4.5 3
28 5.941748150983493 0.47864063614148833 4.5 3
29 14.386676239866455 0.0017740044256864273 4.5 3
30 9.499094810434947 0.356120920556283 4.5 3
31 14.059884899351722 0.1550668253906434 4.5 3
32 0.3139947087930839 0.9437972624549655 4.5 3
33 7.983912022620215 0.5834324215930666 4.5 3
34 15.222725765253873 0.12458163892251559 3.89395773962712 3
35 22.837457851516078 -0.16081588253866375 2.9870730963348398 3
36 8.915833485131774 0.4224373231231927 3.089075210819472 3
37 1.6576075517542295 0.7975480921221796 3.591126455907164 3
38 0.48105000353749183 0.9205147598387452 4.0887500318760726 3
39 10.767447400949639 0.3727898553434045 4.5 3
40 23.412108384378822 -0.16541406960408894 4.5 3
41 22.274644887893203 -0.14801439921488016 4.5 3
42 0.07144975031303957 0.9889782372923352 4.5 3
43 0.6253102214340265 0.932926533918449 4.5 3
44 1.3875867966253885 0.8767930889069728 4.5 3
45 0.9374255831507146 0.9271815003570717 4.5 3
46 0.06612212081982172 0.9900812930387822 4.5 3
47 0.056324954848952835 0.990462800916155 4.0921925834559225 3
48 3.178200365728479 0.730889847517137 3.6762128928677047 3
49 8.302505580379695 0.4935792314964057 3.610415193409608 3
50 6.769315079007486 0.617619177988911 4.022030863489686 3
51 7.252758863512279 0.5611978981514013 4.5 3
52 10.615186189327874 0.39966231021064574 4.5 3
53 22.219302089293134 -0.2516639575542495 4.5 3
54 21.603561708365493 -0.12080245322178043 4.5 3
55 23.310341654995902 -0.1529155352524843 4.5 3
56 23.349796342864323 -0.14959425091331885 4.5 3
57 23.325307050118287 -0.15294971159862059 4.5 3
58 23.305990165142177 -0.18405881561111306 4.5 3
59 16.216324021712342 -0.06045716797479559 2.8965821248073116 3
60 19.421842154223093 -0.059220170447583 2.0819898357789572 3
61 1.4991743888557307 0.7119611786951069 1.5562637008815 3
62 0.6088105518990643 0.8964456100607519 1.4999999999999272 3
63 0.11529418668463265 0.9731605484725613 1.4999999999998619 3
64 0.707257164084643 0.9191634793636445 1.5479972682518783 3
65 1.877838765188316 0.8703392898950012 1.631978941167865 3
66 2.0587226252518223 0.8363082271417871 1.5463518901639837 3
67 0.7601248529224414 0.868866914946088 1.50000000000016 3
68 0.9403313825529107 0.9039106761804749 1.9375608991885238 3
69 2.807725779020969 0.7332358590762834 2.396400556224311 3
70 8.83212416857113 0.3131180168004263 2.835793318368509 3
71 18.79784107844946 -0.054916722014588276 3.300653227492978 3
72 12.74795800579529 0.2611739933349365 3.6656596349915636 3
73 16.82864817649635 0.03780094570103563 4.023326414970521 3
74 7.278412617870769 0.5261029001816894 4.5 3
75 20.683996296991083 -0.19409054741525525 4.5 3
76 21.20494626982341 -0.20757409513490102 4.5 3
77 9.19593147399312 0.4715085636343774 4.5 3
78 15.030169165284224 -0.008860499974601177 4.5 3
79 5.362060138550021 0.5893076679447138 4.5 3
80 5.677381914023677 0.6377309218680555 4.5 3
81 14.646092979616606 0.09154532340995418 4.5 3
82 8.627065794019806 0.5031253009296413 4.5 3
83 1.6407631488406178 0.908432067084342 4.5 3
84 2.650186732356688 0.8246573909898949 4.5 3
85 3.1336871348168422 0.8230755545084759 4.5 3
86 0.35758650906375955 0.9578438664059505 4.5 3
87 9.49530756213606 0.43934339003983947 4.5 3
88 1.8099673852866962 0.8139935571485698 4.5 3
89 3.4380259607603403 0.7342516851180138 4.494447041645573 3
90 0.41916942235319965 0.9013212079042432 3.7777238491339085 3
91 1.6222995192750247 0.8944374208624589 3.943277481738987 3
92 17.854820392464617 0.010095198548165436 3.855184651012474 3
93 8.657829887130434 0.4343563360500424 4.16559710462825 3
94 6.479783813905805 0.6110400538584047 4.482211883348282 3
95 3.9018493554719758 0.7729620121283063 4.5 3
