13 10.643818954002175 0.2528697368494345 1.5 3
14 12.803508476538077 0.10354601870266843 2.5 3
15 3.5488668800672745 0.6536720999892086 2.8445735383357205 3
16 23.280388608290387 -0.17040043100104912 3.2373812961991955 3
17 9.247734726529103 0.42748579591124847 3.5 3
18 8.535318059865137 0.3063361618379789 3.5 3
19 23.287678376631654 -0.17257285028735195 3.5 3
20 14.054303299794995 0.24157074810065782 3.5 3
21 9.411196879978375 0.44237760414938077 3.5 3
22 1.9501592210186 0.7651792549612335 3.5 3
23 1.966299524048722 0.8722900942361443 3.5 3
24 6.3107060457300514 0.5286474375453775 3.5 3
25 22.026358347015858 -0.16366216936179614 3.5 3
26 3.2762848507472055 0.7924737708699854 3.5 3
27 3.58418421197244 0.7130406686262633 3.5 3
28 1.5272822863680586 0.8860255393058587 3.5 3
29 0.09413178245619314 0.9869157300591054 3.5 3
30 1.8605442541375918 0.9010179484736994 3.5 3
31 13.747620854851307 0.2694412702562726 3.5 3
32 20.804985287337068 -0.12881477077838596 3.5 3
33 19.148214802670942 -0.028477238169836067 3.5 3
34 8.787584339059775 0.2912363812418868 3.5 3
35 8.653034205598946 0.29328396752969327 3.35596702855514 3
36 2.8151406360523445 0.8502010580992079 3.2193303885425486 3
37 11.626115628407288 0.2919572513498348 2.964790083145948 3
38 11.304958899962372 0.30358328690503433 2.57385454697987 3
39 11.380273464593458 0.24762249676977116 2.324884250990042 3
40 14.641906620508253 0.04473228679727826 2.25510315870247 3
41 0.41418346807716677 0.9341856539070007 2.3308823522149176 3
42 3.8630440096589655 0.8244250792084561 1.9619560052029774 3
43 7.728341242040701 0.6384116725302083 2.1616341878360616 3
44 4.518928087177813 0.5034273780230243 2.4924530968865293 3
45 9.359333967096761 0.24313797666428696 2.796076335431295 3
46 5.670594315206729 0.5214050695707788 3.1028113520917175 3
47 9.23642307492182 0.43891446953871055 3.416939344627732 3
48 1.7112261283465742 0.8268589395267397 3.5 3
49 3.664896097538909 0.7573438475873456 3.5 3
50 1.973072928415414 0.8049432353587314 3.5 3
51 5.111236054863504 0.6095716521432237 3.5 3
52 7.14889391991416 0.6065131730424332 3.5 3
53 2.049320196690803 0.8628115599951576 3.5 3
54 3.1748271053075836 0.8087770496243141 3.5 3
55 10.01690447166765 0.5370243187127892 3.5 3
56 19.373808323818114 -0.27686849075535186 3.5 3
57 23.173452251343612 -0.16462240355170857 3.5 3
58 23.410913504234994 -0.21322904335748247 3.5 3
59 23.395498409008116 -0.14837199596595604 3.5 3
60 23.318365313119493 -0.24656850887156406 3.5 3
61 16.41463096099109 0.03698319577917398 3.5 3
62 9.340998385822289 0.48026338915292155 3.5 3
63 6.284388554205097 0.6452426359004556 3.5 3
64 3.3262291001994466 0.628957880959494 3.5 3
65 4.930241713843699 0.45290689496146275 3.5 3
66 5.761018919164663 0.703118407962326 3.5 3
67 4.390618131017238 0.770461866440078 3.5 3
68 0.0314976032185168 0.9938000310261055 3.5 3
69 0.2382945921946229 0.9176797792571916 3.5 3
70 0.4617245196760775 0.9399319043306448 3.5 3
71 5.9157524081495465 0.7190360917351275 3.5 3
72 1.6740087555681864 0.782158347318273 2.7249881716666566 3
73 0.043306123423183074 0.9713923500611192 2.0512847134913903 3
74 1.5983277408737173 0.9086414872216197 2.4625748188155994 3
75 2.395369045456423 0.7718025950769681 2.931445723633864 3
76 3.744002314332933 0.6758826952383181 3.4428871346054803 3
77 8.025587099673514 0.5729533182741771 3.5 3
78 8.962251894922545 0.6074523063058256 3.5 3
79 22.58238303719795 -0.24622289791796112 3.5 3
80 22.996163755349265 -0.25718671784401986 3.5 3
81 19.959424449678806 -0.18623181188536458 3.5 3
82 23.30039911838425 -0.2517961321341671 3.5 3
83 23.32261614942761 -0.24427672450549162 3.5 3
84 21.710713283921187 -0.2298928007228449 3.3262150461173294 3
85 18.050887298765655 -0.22598957966926084 3.5 3
86 22.82419944227558 -0.15521096870897613 3.5 3
87 23.399895922075032 -0.15302534910256668 3.5 3
88 15.5192897140839 0.028888838175063294 3.5 3
89 22.9390339303215 -0.23073108323467229 3.5 3
90 1.5652093718710143 0.8553135273293548 3.5 3
91 0.34579197912351045 0.9680890445169501 3.5 3
92 0.9777313891513106 0.9244687005553764 3.5 3
93 3.037455531174081 0.7922934480733591 3.5 3
94 4.521901013735521 0.7153268760926098 3.4245365686267615 3
95 5.42512095863091 0.6920933795904318 3.4981163646393254 3
