12 0
13 -0.6183332466742887
14 -0.6075557593482263
15 0.1765849951995787
16 0.0578162237399015
17 -0.6252671732949548
18 -0.6235478727099961
19 -0.5573607845569734
20 -0.3891673172242786
21 -0.47335423838402896
22 -0.6062733895952178
23 2.8906748283878807
24 -0.5012134849247882
25 2.7833468724972157
26 -0.6171240589923438
27 -0.5726540899518452
28 -0.4208221228271713
29 -0.3791151297245366
30 1.734072391253768
31 2.4253534716291822
32 -0.4489026077736892
33 -0.39112193779946547
34 -0.5116437356116794
35 -0.6204196150451179
36 -0.6214140999688865
37 -0.5961472963978846
38 -0.566901708960051
39 -0.2669458500094183
40 -0.43819502214749967
41 -0.43411699887157057
42 -0.4378451294596355
43 -0.6230932727514478
44 -0.3607358883049963
45 -0.5191637919735408
46 2.193498205452374
47 -0.4994467974036379
48 -0.6194369362343547
49 -0.6234789678846822
50 -0.6233076274447293
51 -0.6212966699572978
52 -0.6169482971605901
53 -0.6251680961939353
54 -0.6227201405467502
55 -0.27302821877106886
56 2.9294819123967564
57 -0.44778042889786457
58 1.0113276955833466
59 -0.4018138388122592
60 -0.6229860003153863
61 -0.4424388866788674
62 2.941995786103644
63 -0.6109891874213018
64 -0.5411076525545864
65 -0.43401602992315885
66 -0.4485050999077104
67 2.8398645440035954
68 -0.3144124484914589
69 -0.39270430962414
70 -0.6180894728743365
71 -0.6218062851181381
72 1.4561039609928395
73 -0.42889099469674535
74 -0.437611061157104
75 -0.5052217286327505
76 1.836667981898736
77 -0.4806293052867068
78 -0.40172351715165505
79 -0.6251040443900014
80 -0.6188976718151044
81 1.7734896352099536
82 0.14098971638246996
83 -0.6195077623785941
84 2.873971605035149
85 -0.44759014022188565
86 -0.44307033605459667
87 -0.438873991874064
88 0.795911104882311
89 -0.4407151122583662
90 2.572049375489061
91 -0.4174531857577631
92 -0.6255426942087086
93 2.8596022915658623
94 2.909021467087943
95 2.894161995760412
