12 0
13 -0.15626951448507614
14 2.0085282599495327
15 -0.5072136796752492
16 -0.6303905244583784
17 -0.6252252831983646
18 -0.619065213363874
19 1.6221204079806
20 -0.6228362787608784
21 -0.4023988131608416
22 -0.4538190772368719
23 -0.6371703238117403
24 -0.6027977749703058
25 -0.4681512368648217
26 -0.6158724420460996
27 -0.443335585026263
28 -0.4359504003861376
29 -0.5845829716579084
30 -0.6247689313626227
31 -0.5337911223731875
32 3.0722107523446223
33 -0.1333877201419547
34 -0.49182173050413086
35 -0.4157146239898934
36 -0.39524502754344176
37 2.9477953923025084
38 -0.5591430105602949
39 -0.4429396551219501
40 -0.4864801176531431
41 0.2244622360848362
42 -0.4038364663390168
43 1.9845239066756606
44 -0.6190496011238739
45 -0.606742458885319
46 -0.4310903099557217
47 -0.6247667690482809
48 -0.40806961836463046
49 2.895846832827142
50 -0.6188797466959612
51 -0.5847452094054945
52 -0.45726589066992884
53 -0.4634669978360514
54 -0.6228800804741645
55 -0.6240799657673258
56 3.0206306596077632
57 -0.6354438943153771
58 0.04203425999187587
59 -0.4947320247756579
60 -0.6189568007438608
61 -0.41143879606661515
62 -0.6192419130376823
63 2.427640672021163
64 -0.07905111744454656
65 -0.6192785678487394
66 -0.5880420252584011
67 1.5525604376347726
68 -0.5543868161763176
69 -0.6198791833851814
70 -0.5253236544491937
71 -0.620186018097123
72 -0.600654584569027
73 -0.5664321018873038
74 1.1978987464500883
75 -0.2505555547560842
76 0.5406769979137563
77 2.5049453316691452
78 -0.6198226966961161
79 -0.5763584568153991
80 2.8126870575391
81 2.7166923894510173
82 2.8868998486811224
83 -0.6173824765402817
84 0.5027535637729883
85 -0.48327061221125417
86 -0.5645201703386944
87 2.856077724307144
88 -0.6219134132017248
89 2.774198990986154
90 -0.5594137635799612
91 2.733361120028837
92 2.2890372092615046
93 0.32262920402281237
94 -0.5114691239491517
95 1.3485881281433822
