7 0
8 2.322494315695693
9 2.4603048129111498
10 -0.38098547389886533
11 -0.6189191928554985
12 -0.6189760941376242
13 -0.6188469984380418
14 -0.6196897787504514
15 -0.5600512921146343
16 -0.4097646359676521
17 -0.6188706758402204
18 -0.3917886668843459
19 -0.44639978683377807
20 -0.4030587711033378
21 -0.6140797550582604
22 -0.6200810299318782
23 2.650511863799021
24 2.750732005783974
25 -0.621690323614842
26 1.0726433461780258
27 -0.5643332110020503
28 -0.6035295525366885
29 -0.6192482405898265
30 1.7319902824316313
31 -0.6269616771791907
32 -0.6225652796759382
33 -0.6193349727699226
34 -0.6207305883890192
35 -0.6189243448971142
36 -0.41904797823687834
37 1.5934654004450721
38 0.8943131056536643
39 -0.6193182097156373
40 -0.22832940653014971
41 -0.6160887434886061
42 -0.6238662429422197
43 0.29232636735453527
44 -0.44030454099420796
45 1.7329766992254656
46 2.8147998372634935
47 -0.4190533814944362
48 -0.2315484439816099
49 -0.4235308819192779
50 -0.6091927874471965
51 -0.6188848522798434
52 -0.6224579629158209
53 -0.39031116168335594
54 -0.6277952254480509
55 -0.622655532430785
56 2.845555377520716
57 2.85013674421301
58 -0.3998992405909247
59 2.9169975351918027
60 -0.6196285117960855
61 -0.6196343871722397
62 -0.4542831160900779
63 -0.43264245930079315
64 -0.019494334087761453
65 -0.49102046756037426
66 -0.39736944372619926
67 1.0039502674910028
68 -0.6196587940684029
69 -0.6191085019587668
70 -0.6246672848285098
71 -0.5636532095074465
72 1.7094740289378754
73 -0.625055094303995
74 -0.6208700002561952
75 -0.46374799318898846
76 -0.6203643906923848
77 -0.5621150192564948
78 2.062812380275274
79 2.4298333389170264
80 2.3048306616985923
81 -0.6257468251499466
82 -0.6011036069801571
83 -0.6189950025187636
84 -0.17905338274041482
85 -0.5741301435630956
86 -0.6189893904590538
87 -0.6166652658944155
88 -0.6193826691189039
89 -0.6188384446293554
90 2.02862665867179
91 -0.4124904625346889
92 -0.6104643341217485
93 -0.4998765462258513
94 -0.618958409405272
95 -0.43465278073132696
