1 0
2 -0.5724100988605398
3 -0.6228333592460368
4 -0.6247141626339769
5 -0.6063286021487121
6 -0.5773854183050564
7 1.4820885060384286
8 -0.5856293711284757
9 -0.6244569794297178
10 -0.5924629065277967
11 -0.4389624838797178
12 -0.6189960658854866
13 -0.618943994714338
14 -0.5775391083864065
15 -0.6188980433066726
16 2.279631394940844
17 -0.6195753140075597
18 -0.6165506218312189
19 -0.40229705802002225
20 -0.5677794923308406
21 -0.40225357923485544
22 -0.457660430686788
23 -0.4166508317009432
24 -0.5623333383861362
25 -0.5194335458933161
26 -0.6016557449644387
27 -0.6250110822153121
28 -0.6193381074530588
29 -0.60131417316643
30 -0.5751583778699716
31 -0.6243286134245182
32 0.9220989332943569
33 1.708349687755782
34 -0.6196494888644198
35 0.41061911549842206
36 -0.6190448025975755
37 -0.6227993408030599
38 -0.6195796079052449
39 -0.4189114038872026
40 0.8773510675685343
41 -0.519287844954241
42 -0.44429120440582426
43 -0.5286054373649989
44 -0.5055539702970401
45 -0.44735403523475187
46 -0.619695948249568
47 -0.4858286915351112
48 -0.484724747146747
49 -0.624718467709508
50 -0.618877392377202
51 -0.3519927122394627
52 -0.28474364775143646
53 -0.6032656191898629
54 -0.4549252325206226
55 -0.40038207534328135
56 -0.5996397123749543
57 2.5945181996585145
58 -0.5722440023419552
59 -0.4315511144351653
60 -0.33029085400507424
61 -0.430446482066362
62 0.9015863946618079
63 -0.5846348265897174
64 -0.577231436645838
65 -0.5230449345577705
66 -0.6209579957692338
67 -0.619386191794044
68 -0.390873489197747
69 -0.0027151790154496067
70 -0.6190603905556321
71 -0.6242267566094478
72 -0.6237308418658339
73 -0.4528354296204586
74 -0.6207254922110099
75 -0.6195436667380215
76 -0.6196232969061863
77 -0.6226460651018344
78 -0.3085103192209029
79 -0.6011446222536091
80 -0.622560634364523
81 2.9509080275783712
82 -0.4719915661512959
83 -0.5826292844186153
84 -0.42634768029210784
85 -0.4289240854681514
86 -0.5660423617948602
87 -0.6078767482910433
88 -0.6190402998513466
89 -0.5966812232120732
90 -0.6182642664377915
91 -0.6241891974896444
92 -0.5499023462556412
93 -0.6249932535286064
94 -0.626808496241588
95 -0.6197552715127238
