7 0
8 2.8416372674647787
9 2.8410354667532043
10 2.5939324168599383
11 -0.32934557298577694
12 -0.38605600613755037
13 -0.38330825979678307
14 -0.38277473704889753
15 -0.4609028452608937
16 -0.4023435674653072
17 -0.4060711497552966
18 -0.619285100265463
19 2.3739902713205128
20 2.9044461322104076
21 2.9210222493962656
22 -0.3845259135729172
23 -0.41972579489333106
24 -0.571870054116883
25 0.4230681169798949
26 -0.4834235592094231
27 -0.6179289159773578
28 -0.5911443633448925
29 2.8100807316380965
30 2.887414631067514
31 2.8366674306795643
32 2.7243080251631495
33 2.882149909784519
34 2.868946965040452
35 2.2832839992683795
36 1.7325814021013017
37 0.9746681112495732
38 1.6498343862755496
39 2.6464368962813696
40 -0.603863029882737
41 -0.4076964357596994
42 1.8840395196538882
43 2.2146836537096686
44 2.9240537414823806
45 -0.4462757908512291
46 0.10926525214834046
47 -0.5905522743798346
48 -0.2883051703806587
49 1.6502073859526984
50 2.788999508562461
51 2.7934052645091776
52 2.031168239872714
53 2.7738131146419738
54 2.805325010935749
55 1.8546564039230524
56 -0.20145979874972972
57 -0.387709298459274
58 -0.6244186249823029
59 -0.6203354835103451
60 1.9469149767513503
61 2.686495470763634
62 -0.5004582416198748
63 -0.5901707290404866
64 -0.606578221533701
65 -0.5566447675441338
66 2.804606260494433
67 -0.6249088062004274
68 2.9085918024046915
69 1.588673848239926
70 2.83683351580575
71 2.8266274103313873
72 2.760974945844866
73 2.7344224682942753
74 2.685161221960872
75 2.748627386437124
76 -0.6295277326484819
77 -0.47527243384996126
78 -0.4238460069944069
79 -0.3610846916972449
80 0.5995752230329454
81 2.853677222184327
82 2.9367700579355347
83 2.866563488850721
84 2.9159726771082757
85 2.8777894365791314
86 2.8542044809625566
87 1.9552709953406529
88 2.83994696057314
89 2.872393192074451
90 2.8385250590209505
91 2.4802062087575436
92 2.8712281609694985
93 2.8465564265231853
94 2.8360613668154016
95 2.8609964809433763
