12 0
13 -0.41736371231181224
14 -0.5685989255166191
15 -0.624038140360678
16 -0.6244724060519831
17 -0.4215365630351897
18 2.7608856574248772
19 -0.46366026343859906
20 2.926719751449077
21 -0.6203805613272636
22 -0.42967926945484985
23 2.22383465352229
24 -0.09665761077941845
25 0.5599135200764875
26 0.12064008320492174
27 -0.41039586661075866
28 2.9261275537533438
29 2.8932417913681756
30 2.330952766990244
31 2.8080179286479976
32 1.1582653648525414
33 -0.4520502726089191
34 -0.6242587256385397
35 -0.6197681064525912
36 -0.6187631380158364
37 -0.41536176854115525
38 -0.5016266498816312
39 -0.5518291341901298
40 -0.4829280976087539
41 -0.48097619898371474
42 -0.47260861813059357
43 -0.4852433548207382
44 -0.22795535947109719
45 2.0808630521248395
46 2.8347841095194615
47 2.8395723961033843
48 2.8203908214486444
49 2.820137005697553
50 -0.31979682865959
51 0.3928501194906746
52 -0.3908619319428093
53 0.915583185804556
54 -0.6228338571808792
55 2.6956416944579136
56 -0.40886596714833445
57 -0.6255248282808221
58 1.3236307080359386
59 2.902310041001225
60 2.8396524773318874
61 -0.6196392487579063
62 2.745170064360891
63 1.8989608264006315
64 -0.4132355256738446
65 -0.49759218733968635
66 -0.40614728808506784
67 2.1691967394317517
68 -0.4062855874267949
69 -0.5296869765405862
70 -0.6227072376148777
71 -0.6210075272172532
72 -0.5941673722483142
73 -0.5364730535411373
74 -0.6216003366998066
75 -0.5761330851389911
76 -0.5605066702527228
77 -0.5826067666540113
78 -0.5726287427134471
79 -0.37006079401221287
80 2.510258363861239
81 2.8691455338375578
82 2.86626029744777
83 -0.47218842662629135
84 2.878720572769847
85 2.8714649470750504
86 -0.236090669230194
87 -0.6077548611508045
88 2.4145326706232013
89 2.836376126038222
90 1.5769322452531214
91 2.7480135910665626
92 2.832166930655039
93 2.829096732821176
94 -0.6197089467217849
95 2.717883950739184
