17 0
18 -0.6135705069773947
19 -0.6299283621312817
20 -0.5907464161125998
21 -0.4195785321500988
22 -0.4235380625377884
23 -0.4243082025747492
24 -0.4243681037569932
25 -0.4370510635969066
26 0.039735007827046046
27 2.7886067121368434
28 -0.4140199728546833
29 2.8566061202820556
30 2.83287044916057
31 2.8306367687703005
32 2.845190505200753
33 2.8895141353644207
34 2.847238224801794
35 1.8495638970228685
36 2.7291833603685336
37 -0.39828066586730954
38 -0.4794764485707374
39 0.6852779648544148
40 -0.426815902342806
41 2.819596065728462
42 2.470595394558148
43 2.722938344978006
44 2.8674458798077413
45 2.876886938787698
46 2.8839746299165414
47 2.8746495979818234
48 2.88244954469251
49 2.8595404280010412
50 2.854219734023603
51 2.9047725017228485
52 2.9018462674918624
53 -0.3852398864511034
54 2.893252071508192
55 -0.42009853124755764
56 2.8814095262537402
57 2.906366994601455
58 2.878229378116296
59 2.8980004678058533
60 1.4251443641465569
61 2.664801961903708
62 1.346431206087525
63 -0.6239597680370116
64 -0.6294794059674697
65 -0.427341696991604
66 -0.6320820607028385
67 2.8161754941546904
68 -0.5408495479776829
69 -0.6188030901685723
70 -0.6188469984380418
71 -0.609676453376541
72 -0.541584503759909
73 -0.3970053855752396
74 -0.4133629095557511
75 -0.4555626361012381
76 -0.5595930885180888
77 -0.6091460930005681
78 -0.6211692252004749
79 1.2099417067487934
80 -0.6218984622607772
81 -0.4393929870629566
82 -0.4374389046757689
83 2.915558646493737
84 -0.48096693670527735
85 -0.43111147987763543
86 2.362989322887641
87 2.9087163292685125
88 2.8557224773008545
89 2.8857888616825527
90 2.8589773491966866
91 2.8518002967779768
92 2.8933375359929117
93 2.9008439332279865
94 0.9509349384634085
95 -0.3845765070858288
