12 0
13 -0.46898873534884566
14 -0.5783512555425948
15 -0.6225479023477413
16 -0.615523586993995
17 -0.3872237567321413
18 -0.388161695581133
19 -0.3846391951827133
20 -0.3887289508114271
21 -0.6583307403787176
22 -0.6246490966178619
23 -0.38856760418206093
24 -0.02416819678348295
25 -0.42375664614693553
26 -0.5668206038943477
27 -0.41236970370378345
28 2.875904705453434
29 0.05010156299404439
30 1.4311445760030497
31 -0.2943076827192051
32 -0.41674935234955773
33 -0.4107092872134012
34 -0.619807180004178
35 -0.6205362067955049
36 -0.4076336665868346
37 2.9467704867907667
38 -0.618963929086243
39 -0.47201310021763787
40 -0.6233744074796417
41 2.319346365398268
42 -0.5671007859197252
43 2.835197892214467
44 2.4623733865141375
45 -0.6211300171816726
46 -0.49775350963535553
47 2.9450985559414455
48 2.9330218286637675
49 -0.40430123319740346
50 -0.39675229276080365
51 -0.5984002447291061
52 -0.6206642780859835
53 -0.6245195754082217
54 -0.6275961791422716
55 -0.6285653968563091
56 1.369840840404168
57 -0.05309569400160807
58 0.7036717177146846
59 -0.44614807222837827
60 -0.4301204355511344
61 -0.3994962891448879
62 -0.6275167821306119
63 -0.6241014508354931
64 2.195143578122211
65 2.8357887406272457
66 -0.42194396300380843
67 0.15107184574172436
68 1.589791947537156
69 1.2869460225604576
70 -0.542260545462391
71 -0.6220790249178969
72 -0.6105160055469028
73 -0.23717831804959566
74 -0.43814532519942717
75 -0.4267464997640023
76 -0.185690261653835
77 -0.5856223306758972
78 -0.41943606471359823
79 0.42844707283340466
80 -0.4285280031157868
81 -0.4805983160838203
82 -0.4698553231561919
83 -0.594510415407029
84 -0.615925151941626
85 -0.6198046459482879
86 -0.6210479945215237
87 -0.4544928380638057
88 -0.6251125934715475
89 -0.2034283612593226
90 2.868058470935501
91 1.6673545016045057
92 -0.38367439433056305
93 0.659621947490335
94 1.5608468828307624
95 -0.6601696669134305
