1 0
2 -0.619828092196012
3 -0.6197108865983473
4 0.7271372762325055
5 1.9661417805181216
6 1.8872693793319368
7 1.8636511977999672
8 -0.5815155633791662
9 -0.4324181645584002
10 -0.6196409217046738
11 -0.6204759561577255
12 -0.46390579304303176
13 -0.21158302945665292
14 2.7556058164986905
15 -0.6383587443877166
16 1.3829686505448529
17 0.6681436391815548
18 -0.4673185406312213
19 -0.6189573387464188
20 -0.6196506052611086
21 -0.6152538478115517
22 2.7729886058654554
23 -0.2250122541770881
24 0.4047014970363512
25 -0.38383925418829457
26 -0.38143963205651027
27 -0.6039094395509129
28 -0.6207765096994432
29 -0.40921329262523737
30 -0.619676553901961
31 -0.3985995081856414
32 -0.47423213251762875
33 -0.4042671650970619
34 -0.6158544493977575
35 -0.4006984005783042
36 -0.4351707184798388
37 1.7342790431999817
38 1.3692302000169336
39 -0.43296697847924365
40 -0.6189842222456222
41 -0.6207999546526153
42 -0.43182184151653885
43 0.955187495998302
44 -0.4149056833681485
45 -0.4296327588561718
46 -0.6153369904836375
47 -0.59449482778366
48 -0.5894950432573267
49 -0.39657882268983113
50 -0.4114964573863488
51 -0.39672318322038236
52 2.882663262779192
53 -0.43385344390548286
54 -0.6034280441200462
55 2.2060612927646233
56 2.6834381456920435
57 1.1552937562785976
58 2.834654680204667
59 2.6849897067641244
60 2.784259503981608
61 -0.3745947970356233
62 -0.4802508173658077
63 -0.5762388180286249
64 -0.5486114274380545
65 -0.5739509930506507
66 -0.45766969501404065
67 -0.32808081299786146
68 -0.3959424490825559
69 -0.3927056489098437
70 -0.44046593265281053
71 -0.6194354618800783
72 -0.6188517326468161
73 -0.5899963711624482
74 2.33848804926242
75 2.599807685305019
76 -0.40478471473357336
77 -0.6189622209684855
78 -0.6188399684078768
79 -0.6191243828201389
80 -0.5002270970730125
81 -0.5718111243445868
82 0.1968619553659437
83 2.7985749408530665
84 0.18620724316638473
85 2.121787707397547
86 2.7056258620323512
87 2.8551546475734955
88 -0.6189956496934138
89 2.3953380670874305
90 -0.3914144754793746
91 2.7614277621640495
92 2.9247480405472484
93 2.869443978314099
94 2.7965556176588064
95 2.88777708634793
