17 0
18 0.3267295918093781
19 0.098963191235422
20 -0.531445090178188
21 -0.42877669887950565
22 -0.4275332597873004
23 -0.4262151341189578
24 -0.44547168806957943
25 -0.42493178957954814
26 -0.5754340367413032
27 -0.531342348425798
28 -0.4650380415351675
29 -0.4582444627790763
30 1.6627331419433538
31 2.9446448114682675
32 2.7931606406369154
33 2.7543531229340226
34 -0.6194992669341254
35 -0.6079453843462717
36 -0.5480066721835244
37 -0.621101570104278
38 -0.5371655005796344
39 1.634919224465924
40 -0.6048347507658092
41 2.8939701550801242
42 -0.6125348152555297
43 -0.5978890372751993
44 2.6235491383633143
45 1.1781757549838725
46 2.84512374232778
47 2.923200077126146
48 1.335357692322332
49 0.6480760099493803
50 2.9027271824351475
51 -0.6272473020112657
52 -0.6195081157527851
53 -0.5666861694237971
54 2.9001298306577636
55 1.4962219420891396
56 2.6606748724947744
57 2.65884777110742
58 1.0938966856417112
59 -0.3833363414110633
60 -0.3132410743975138
61 -0.4175394048303649
62 -0.5352362635796714
63 1.4671611785433873
64 1.8490265187784904
65 -0.6255701573610835
66 -0.5013845284258514
67 -0.4666962986195044
68 -0.4816868337003957
69 -0.4679327946092113
70 -0.4548517882562515
71 -0.4548517882562515
72 -0.4548517882562515
73 -0.45485178825625155
74 2.8039208434432674
75 -0.21132776137617554
76 -0.590814201916286
77 -0.6264523107266321
78 -0.6082143861953657
79 -0.5694854861131966
80 -0.5479236623508295
81 2.9088430830283993
82 0.5780422307411863
83 -0.39786159819628664
84 2.826166844507385
85 -0.623868593357986
86 2.819699562835842
87 1.806079544588626
88 2.852947442561302
89 2.8079227393116053
90 0.5777763354755066
91 2.8748001152871296
92 2.8835917118798453
93 -0.033334424582389485
94 -0.6221219127961437
95 -0.6244570349756217
