17 0
18 2.900018972191774
19 2.9088722521253874
20 2.967532128316518
21 -0.4070378661611261
22 2.804464575466844
23 2.9328545783581617
24 2.897266912228415
25 2.536234189775559
26 -0.5272233320294667
27 -0.3979348459281791
28 -0.6232491055455778
29 -0.4489430418635573
30 2.8587141349788276
31 0.32615136356456614
32 -0.41081843318827166
33 -0.6212405466376635
34 -0.5365677582539852
35 -0.4881590276642021
36 -0.43007890666120885
37 -0.5188821078043054
38 -0.4891519494878761
39 -0.48688110510375343
40 -0.49344365489747605
41 -0.3914640113671236
42 -0.6176970192716956
43 2.925965281616892
44 2.7612130272055846
45 2.6367871455847625
46 -0.6190847628807914
47 1.4330522446651914
48 2.869333346388605
49 2.880375936041968
50 2.8941643231459864
51 2.86322944836651
52 2.8533483065336442
53 2.757520575032866
54 2.8688593380119984
55 2.828423899879366
56 1.0834084750375854
57 -0.5939118131894103
58 0.12483766553904939
59 2.5442133183311713
60 0.8486111837990876
61 -0.5945732224798236
62 -0.416282577297508
63 1.3693317510016783
64 -0.4646139894340604
65 2.6618302892342367
66 2.8453621623897476
67 -0.5397248827507864
68 -0.6191233181310252
69 0.4617337008393117
70 -0.6298258412855633
71 -0.6221242886906406
72 -0.6215089148713748
73 -0.6266240543221759
74 2.859670464784912
75 -0.6316666308343033
76 2.710295872336113
77 0.06374974892557243
78 -0.40824493356317876
79 -0.6128132296340791
80 -0.43709661883536993
81 2.9329182473822066
82 1.312077554993118
83 2.9080947413041436
84 2.864202478010551
85 2.6891337678217333
86 2.797016597244675
87 2.9149011207076843
88 2.8440923189020038
89 2.8426635394181416
90 2.8677979240242166
91 2.867719968924837
92 2.8827528676771372
93 2.581825764350542
94 2.9134600098607466
95 2.9229711106152467
