7 0
8 2.9430276321109705
9 -0.23964454163766613
10 -0.6124336327137423
11 2.420820291197687
12 -0.6102962801491627
13 -0.6188487768123434
14 -0.6197268674441326
15 -0.6013442990273478
16 -0.41522769398981263
17 0.9636906035153986
18 -0.42358571166359377
19 -0.36746220621120396
20 -0.4417869025214206
21 2.641853318060315
22 -0.6220635900704906
23 -0.30422482763796843
24 -0.4135025453337512
25 -0.4248628434432588
26 -0.43180373513438153
27 -0.540661989290998
28 -0.6181892637212599
29 -0.4325862227731443
30 -0.4321717968182529
31 2.4577422002875546
32 -0.6249854567233574
33 -0.40052404307489703
34 -0.618904700211314
35 -0.619315544958339
36 -0.4614896258920497
37 -0.4275241232709364
38 -0.3739137257713392
39 1.0126409114306893
40 -0.5857593204710831
41 -0.6841390279163438
42 -0.4972984128024973
43 -0.440393881291569
44 -0.3841974138117925
45 0.8199276911456731
46 -0.6251796079317433
47 1.3157507499114245
48 2.8405412122463036
49 2.8545853901837552
50 -0.619068032761843
51 1.1339023122445344
52 2.8544961530775566
53 -0.4098013442531899
54 -0.3563079123515017
55 2.069897942198094
56 0.7959101828620233
57 -0.3934432064642687
58 -0.38977478801803145
59 -0.3974193237402974
60 -0.38477300683546917
61 -0.6233090458007045
62 -0.4168849587529777
63 -0.6234489611169427
64 -0.6168466484277966
65 -0.5881190526493368
66 -0.4193978184547229
67 -0.39816499990722454
68 -0.3894573024367956
69 -0.46923537599013804
70 -0.6207200959567103
71 -0.6244570495010424
72 -0.581643845647658
73 -0.5686828763435059
74 -0.5173877937259302
75 -0.5739090255987513
76 -0.38885984173855065
77 2.4797524618299516
78 2.4808083661476816
79 -0.6223826634487213
80 2.604932962802879
81 2.685453279843707
82 1.6626578413238848
83 2.748652129847277
84 -0.6190174160292528
85 2.6217896128948657
86 2.90028464071965
87 2.817065950866628
88 2.8768613486117682
89 2.850158850463166
90 2.84553289669549
91 2.862631667323884
92 0.9659712325589421
93 1.7593674456788724
94 1.4731345867739263
95 1.6934652653803328
