1 0
2 0.06718420630690486
3 -0.42530864295386406
4 -0.5011959720300467
5 -0.6206943314988873
6 -0.621513965519205
7 -0.3990971831577051
8 -0.40798248260851916
9 0.3969415170031103
10 2.7244009284194743
11 2.7120381103831726
12 -0.6196296581151114
13 -0.39045448181935866
14 1.5698007509165168
15 -0.40086807892493653
16 -0.6040568117860048
17 -0.31735594411377444
18 -0.6196988254970759
19 -0.40802493199873446
20 -0.40687390535021933
21 -0.38586902789245214
22 -0.5911729288279802
23 -0.4718731994388503
24 -0.6252285656268559
25 -0.40479202330322345
26 -0.3940493053887256
27 -0.618771076061046
28 0.22045616560779238
29 -0.41763311284578764
30 -0.5133103040271605
31 -0.3612142270198173
32 -0.6187358639186883
33 1.6408239497942279
34 -0.6188952657290038
35 -0.40430253127909715
36 -0.6188917798646165
37 -0.604048355613508
38 -0.6239039132551577
39 -0.6192809225986858
40 -0.3576723752530006
41 1.3437426219466806
42 0.8867169433213177
43 2.8733823984552473
44 2.3883744691826907
45 -0.24341164286901365
46 1.5506850861064654
47 2.725723017338368
48 2.209350903487368
49 -0.42238241198996573
50 0.41909738428749216
51 -0.4291231691675644
52 -0.42206124347687823
53 -0.4600610348759669
54 -0.4170312546488868
55 2.8298108291156927
56 2.905003995706804
57 1.709406612976172
58 2.8779740930291893
59 -0.5975836712975061
60 2.8789595122284792
61 -0.3929647877758786
62 -0.6214863432759165
63 -0.43440305921238903
64 -0.38655290770681744
65 -0.5452670692582178
66 -0.3957270060709232
67 -0.6189439069883362
68 -0.42309076876406265
69 -0.4651675185673637
70 -0.6006781207227506
71 -0.5417784345853329
72 -0.39232566107269745
73 -0.3962634739916375
74 -0.6190839911835864
75 0.23995079184013818
76 -0.4350035249766875
77 -0.4548868378142838
78 -0.43321831096483565
79 -0.4864683030619416
80 -0.40077330364461194
81 -0.6221984109734676
82 2.1421801878673374
83 -0.3943421523758694
84 -0.619590163357062
85 -0.46837112137586073
86 -0.42595686324781445
87 -0.487972358620423
88 -0.4421648274711882
89 -0.42091522799847214
90 2.665034097645765
91 1.7096208643839972
92 -0.42399432145247007
93 -0.41622350246430584
94 -0.4343786363997901
95 -0.5928202687587599
