17 0
18 -0.44126585843831256
19 -0.44460270638990096
20 -0.5848913381731233
21 -0.4914515588969581
22 -0.4239224745539319
23 -0.4302782985054456
24 -0.43040999577246203
25 -0.44001058913276553
26 -0.48671871379137494
27 -0.4192866315511797
28 1.3011882773741856
29 -0.5704888228938799
30 -0.38682844397824856
31 -0.4056782837443231
32 -0.4185220190825988
33 -0.6247448837596652
34 -0.6245472646617218
35 -0.4266950375323657
36 -0.4450363290740346
37 -0.42246753760634165
38 0.3256374714902007
39 0.6245193423606377
40 2.8977916015877416
41 1.5454631537678372
42 -0.4123275621572409
43 -0.5550034617038024
44 -0.3396085302401331
45 2.3551802847332293
46 1.4261471894709106
47 -0.5260323949440717
48 -0.6244932091072556
49 1.7082889065662425
50 2.9638075498800656
51 2.465092230277886
52 0.23516324365830252
53 2.329108063245921
54 2.6060469418674184
55 2.4881922875932245
56 1.0930244764992607
57 2.2140935383368396
58 2.7882212367374986
59 2.906831763935637
60 -0.6102893337222736
61 1.2232563405783605
62 2.870723960830654
63 2.891864553949869
64 2.153479302135576
65 -0.4651495835644919
66 -0.3701117854820066
67 -0.6195142865548577
68 0.16368294577498319
69 -0.6316161393176666
70 -0.6251945283322454
71 -0.5256854602604517
72 -0.6160751425926085
73 -0.6179735829752077
74 -0.4850543596171714
75 -0.47230320898413053
76 -0.4966616039712828
77 -0.49313696286910025
78 -0.5464693902585829
79 2.7356632159642027
80 2.885486158955835
81 2.1268435060116375
82 -0.6192136613011467
83 -0.4620101892836097
84 -0.40432198954346854
85 -0.4366112205384379
86 -0.5195362072038404
87 -0.41470557196573
88 -0.4106249828279822
89 -0.41690318967420653
90 0.16359383770886346
91 2.4460213914365005
92 2.871385931632891
93 -0.30352434528844585
94 -0.5205759077440113
95 -0.23117480127980614
