8 14.389990194482692 0.22939823088376027 1.5 3
9 22.40321311599899 -0.14445359979083824 2.5 3
10 23.005388308696613 -0.15570647988103128 2.963658635788669 3
11 1.367232818124278 0.8856356014744102 3.4774963797759173 3
12 6.031540214454213 0.5018133187203947 3.9525202751741237 3
13 13.633452029968065 0.19752642117197033 4.411311760863692 3
14 1.115900307707495 0.5171502785913954 4.5 4
15 0.8557114726136961 0.6879831362129936 4.5 4
16 1.143229885836539 0.4644778232685984 4.5 4
17 1.161076296871225 0.4972059344345344 4.5 4
18 0.6981457554870962 0.7970340244766634 4.5 4
19 0.6940155364831586 0.7893916854789548 4.5 4
20 0.5557236109262345 0.8289613541287046 4.5 4
21 0.6972483127999594 0.7138753176630774 4.423393688730008 4
22 0.5472506700865036 0.8734507577563075 4.372047011559422 4
23 0.43162398381291567 0.890755447879903 4.3267839241325055 4
24 0.5092701370684756 0.8559684751529136 4.277152795942296 4
25 0.5145300546812388 0.8789215986013502 4.35424750431058 4
26 0.3332786734124671 0.954011829040973 4.315574373504608 4
27 0.4531431273665971 0.8894803036867278 4.396732690531593 4
28 0.5118924791931132 0.8594885590188758 4.5 4
29 0.651634200529605 0.7976862403949836 4.5 4
30 0.3692825262281012 0.8677716520276368 4.452238830798098 4
31 3.215921131275704 0.22063204273005274 4.417152538332758 4
32 6.599005354175196 0.08458770587948616 4.5 4
33 6.6835095055365334 0.1250923215545643 4.5 4
34 1.9263697418111558 0.32452731069563256 4.5 4
35 1.0157987128054309 0.5907779385753436 4.5 4
36 0.9230972987440484 0.6093426632225457 4.5 4
37 1.1794024644169605 0.5394679639330313 4.5 4
38 0.4236813387560163 0.8758587937362636 4.5 4
39 0.39875300990432727 0.8549367987511494 4.5 4
40 0.6413922832400347 0.8391920685879376 4.5 4
41 1.191761445964401 0.5324709635737277 4.5 4
42 1.3332806488259008 0.5437228312874124 4.5 4
43 0.6728645060329637 0.8774941721727476 4.235257620055236 4
44 1.0853872711553745 0.6875127292151841 4.136014709455412 4
45 1.2528306237510272 0.5965202405670926 4.5 4
46 0.7361593696808271 0.7986641080800128 4.5 4
47 0.7654052637610347 0.7893319355106043 4.5 4
48 0.9789873503221314 0.5896358541857168 4.5 4
49 0.7233057908636047 0.7050273782796231 4.5 4
50 0.5233961978129384 0.8540895686431931 4.5 4
51 0.465024319139709 0.8880704122301307 4.5 4
52 0.8969944359471373 0.6874958205435736 4.035289321327582 4
53 1.2416045917032976 0.3503186754967023 3.9927203274292697 4
54 1.4181789917927627 0.2673868834122981 3.857567200107027 4
55 1.1004027672069592 0.5304585396536592 3.4197354099856674 4
56 0.885449343055468 0.7012390465656775 3.40046462283421 4
57 1.0122496552930142 0.6290413061736742 3.4575856999039387 4
58 0.9874195981344069 0.5933368386481087 2.999701105438362 4
59 0.9544265900026048 0.8251671222220686 3.4665323624505837 4
60 0.9014430666972713 0.7937507522874115 4.069231368361798 4
61 2.1225587188409447 0.30474639146334337 4.5 4
62 1.6040857996565725 0.27190840343579636 4.5 4
63 1.4722602681752006 0.24678744954584725 4.5 4
64 1.113072647087539 0.6075284379501205 4.5 4
65 0.8802633823252881 0.7516744789413614 4.5 4
66 0.9580067441160081 0.5241213762292777 4.5 4
67 1.6419523907609683 0.09725249921266968 4.5 4
68 7.098221336293587 -0.29566970623039707 4.5 4
69 6.321718164648842 -0.27815949358141434 4.5 4
70 3.1429537558488994 -0.3097977163934689 4.281223230824631 4
71 2.5027835782270245 -0.3042866646391031 4.06909987013496 4
72 3.874084455413737 -0.04852988537228674 4.389744918925441 4
73 4.16647250827308 0.034661178489372904 4.37023909927356 4
74 2.6865980514098586 0.028715327219015284 4.5 4
75 1.8926823907055867 0.01273514231777586 4.5 4
76 1.5541530431780073 0.2581496246395319 4.5 4
77 1.1798456802662889 0.6141769150013929 4.5 4
78 1.1676541385806987 0.611015224478541 4.5 4
79 0.6414519034319515 0.8044360292723866 4.5 4
80 0.2895805838773988 0.9326948164579063 4.146919012574857 4
81 0.3204480545285726 0.9510782799340216 3.905765884923545 4
82 0.6980653579144489 0.7730100694888774 4.493647130369878 4
83 1.5673475257299394 0.635575750844794 4.5 4
84 0.7494509861795429 0.7326922642778549 4.5 4
85 0.7285407618615496 0.6926695765915859 4.5 4
86 0.7618069015492344 0.7051850128793083 4.5 4
87 0.6447993696494958 0.7705464048401489 4.5 4
88 0.50507495524747 0.8571523265664059 4.5 4
89 0.391233164028411 0.8428693631136241 4.5 4
90 1.0414435931246677 0.6694777982949127 4.5 4
91 1.3177477994862823 0.5961280101895293 4.5 4
92 0.4915115942453019 0.8072713363282304 4.5 4
93 0.3856791818025114 0.8759048097650849 4.437839915023142 4
94 0.006370467483928444 0.9988657228568933 4.5 3
95 0.4519645490511479 0.9413441717460574 4.5 3
