8 2.219987534712063 0.7577703294483057 1.5 3
9 6.184696117490286 0.43943785498518884 2.5 3
10 11.868908980564061 0.2806878864050817 2.900823047854632 3
11 13.310843897705244 0.35591125684727176 3.3988076775540996 3
12 23.337076647820926 -0.15602326735417194 3.8756248072701873 3
13 2.49204805956028 -0.15472533980232997 4.34171283940134 4
14 1.283487248715331 0.3567683271170091 4.5 4
15 1.8963864149422651 0.1130648900606584 4.5 4
16 6.183140190234167 -0.17735331583917635 4.5 4
17 1.743369026589363 0.4034819170025123 4.5 4
18 2.1243825100696077 0.6305460272327306 4.5 4
19 0.8799837564687136 0.7002509453659908 4.5 4
20 0.8057194517858353 0.7275529203274986 4.5 4
21 1.1830745004048007 0.5344457480973883 4.432525189871383 4
22 0.863008918165578 0.6765081000409533 4.281729441914861 4
23 2.5733517338493765 0.19482395154364013 4.200295381374053 4
24 3.431582503955105 0.4354052282816085 4.120611538667574 4
25 7.2541962648592655 0.03090892953350885 4.166858911341103 4
26 2.4954793912416156 -0.07478908367235582 4.090713551682187 4
27 3.4161641866312156 -0.16493960284187145 4.179031815277453 4
28 2.873397934646846 -0.1221471034554134 4.211909697152994 4
29 2.3978540558876293 -0.06956589903432263 4.246402656884311 4
30 1.0202813902776677 0.5014178613731047 4.240293070052379 4
31 0.7373786942274068 0.7064212828064919 4.19204023115171 4
32 0.9654614325092901 0.47668683387471483 4.5 4
33 0.9752536387265689 0.5348897195451836 4.5 4
34 1.2837378923688334 0.46456084915328283 4.5 4
35 3.8417160944164115 -0.24107748881153307 4.5 4
36 5.3167413283954845 -0.28050710082033925 4.5 4
37 12.464535021869953 -0.3247181401014787 4.5 4
38 2.7484011302672418 -0.03522477193404738 4.5 4
39 5.513361284320727 -0.13801473006406603 4.5 4
40 4.236601120508753 -0.119899217476634 4.5 4
41 1.4395793637271295 0.48637375109639824 4.5 4
42 0.6219982215269422 0.8834829196723395 4.5 4
43 1.435945412969355 0.24939652882577804 4.251900604046131 4
44 3.990721698556923 -0.176663254126343 4.178269081560975 4
45 3.0131331901523373 -0.11650799111851803 4.5 4
46 1.6133640960021784 0.32085773694562303 4.5 4
47 1.6769562038658847 0.25242745230102664 4.5 4
48 1.8985726061742048 0.16275075200444417 4.5 4
49 1.4790141256880736 0.3745892270579041 4.5 4
50 1.1341034316723242 0.7298421358827819 4.5 4
51 1.9119711748462462 0.15151357589193437 4.5 4
52 8.272985483843375 -0.29440363514733825 3.9945299603502935 4
53 3.905992995246269 -0.14061884229213084 4.005912204291526 4
54 1.9321891900736636 0.1821953428859871 3.9095629793653934 4
55 1.9708854023747655 0.21454937315329464 3.5700450669603963 4
56 1.3156576755334024 0.4812118357676636 3.4650918099479897 4
57 2.3254350685938325 0.3201592148629807 3.5634945148727346 4
58 1.5727930925013611 0.45969402864804076 3.0876331463569366 4
59 2.08520198876276 0.12749692992200215 3.6036237115053154 4
60 1.9857765028088945 0.15933209442416882 4.1692648307684 4
61 1.7985421509841588 0.28803023768022135 4.5 4
62 0.8295881958729794 0.7871579865546464 4.5 4
63 0.6847975777097748 0.8868652688404292 4.5 4
64 0.8574990383580614 0.8106471507594124 4.5 4
65 0.8336847912587118 0.741571516069169 4.5 4
66 1.19702197159752 0.5747515305082912 4.5 4
67 2.1095538089963695 0.2920913024192681 4.5 4
68 4.010783592257664 0.08065793743384783 4.5 4
69 3.542360712357178 0.05832819887105014 4.5 4
70 3.862420757894685 -0.028412146673831736 4.386732435829268 4
71 2.44235610058017 -0.06768825206598346 4.143672404821759 4
72 7.655757501872131 -0.05334091969042893 4.469244396466383 4
73 4.271677711501835 -0.1313440254051105 4.5 4
74 2.3842096409796527 0.02899420282316687 4.5 4
75 3.0991125830350796 -0.15649261837241255 4.5 4
76 1.9886902864084748 0.10033765436032821 4.5 4
77 2.4991436463504026 0.3477382106000261 4.5 4
78 2.0872079505483354 0.48400028487087604 4.5 4
79 0.8114154726382434 0.7224210830814832 4.5 4
80 0.37683707033378244 0.8602319914917157 3.9174698070930756 4
81 0.7163220301172526 0.7792077141530369 3.9190729339452957 4
82 1.0005666016629746 0.6578145070939695 4.5 4
83 1.2848928921158365 0.5716067307436518 4.5 4
84 1.2041058682577406 0.6277136570225035 4.5 4
85 0.9349258007887684 0.6276316213607179 4.5 4
86 1.1209742245338772 0.5927241964495483 4.5 4
87 1.13118995474027 0.6329198020685722 4.5 4
88 0.7861281278882428 0.7244623372611646 4.5 4
89 1.279484662389545 0.7257843171881339 4.5 4
90 1.9919280094379168 0.8969567051929253 4.5 4
91 1.4831507406135715 0.9133997104595066 4.5 4
92 0.34359554565026684 0.8692576033320093 4.5 4
93 0.5518496414610015 0.8172527465329918 4.424689545663277 4
94 5.386212475678066 0.6493334145517332 4.5 3
95 22.99464219789796 -0.16743255194415202 4.5 3
