12 0.6873750941210481 0.9311235678148485 1.5 3
13 3.810134397192223 0.6732993067514894 2.5 3
14 12.164497826859838 0.24321930251966783 2.871192324869307 3
15 10.394246845207405 0.3013349680826542 3.1591946007535787 3
16 1.0603657477559665 0.8774276309317329 3.5 3
17 0.2502443509391119 0.9587271080907244 3.5 3
18 2.5460654130063514 0.01977305269980499 3.5 4
19 13.967856362236162 0.18895195393342043 3.5 3
20 3.8433222850343647 0.7235291226266113 3.5 3
21 0.16734150825579963 0.9455624370378062 3.5 3
22 23.405605453587317 -0.1564933482091491 3.5 3
23 5.29816311761998 0.6357608233144803 3.5 3
24 8.863860113403708 0.48446396803378866 3.5 3
25 9.096731804747236 0.5988068431658637 3.5 3
26 20.6814024867108 -0.11204264120729047 3.2385417591111145 3
27 21.343878672764813 -0.21044506112920988 2.8401277188936875 3
28 22.673224473960857 -0.15178985982616827 3.076717581605484 3
29 19.92376164464272 -0.1837779247299087 3.5 3
30 20.698330147385363 -0.17247775057926198 3.5 3
31 11.316582944039634 0.3550461440524604 3.5 3
32 3.1495746442670676 0.7782038644625623 3.5 3
33 9.210194573267467 0.4189512439998322 3.5 3
34 10.341882396662651 0.2077029052527302 3.5 3
35 15.122732276202544 -0.005372593389550587 3.5 3
36 5.122155144657442 0.5635346640416831 3.5 3
37 2.548774196592924 0.8890859551618085 3.5 3
38 1.875812201005087 0.7090377889933155 3.4382838043155717 3
39 3.371471825299902 0.27130075543444204 2.9026165439986436 4
40 18.820508827964805 -0.10994501577984095 3.404580881765716 3
41 1.110518595425435 0.7571687473901226 3.5 3
42 1.1815589634431225 0.894809948145939 3.5 3
43 19.764946213165906 -0.18295869754944152 3.5 3
44 6.944626633276768 0.5638411251881229 3.5 3
45 5.735434339147842 0.5897826211724837 3.5 3
46 13.20716602930292 0.0746432312273081 3.5 3
47 21.26993166315836 -0.22367948947377353 3.5 3
48 13.903276898790853 0.10755287276111646 3.5 3
49 3.790841824708056 0.7228112407935285 3.5 3
50 4.094651542999784 0.7153121622060676 3.5 3
51 4.333107611569903 0.7264726790721668 3.268727042917082 3
52 3.2155320189557646 0.2731688149893334 2.9968911405598044 4
53 5.548298070079654 0.6632984983437872 3.451274919100331 3
54 5.944949649516304 0.6006448083882354 3.5 3
55 3.4638441973135157 0.7849311373960398 3.5 3
56 14.392647553982357 0.22390689168343236 3.5 3
57 5.933317555239733 0.5949145949488049 3.5 3
58 21.006137220482817 -0.24514958705903955 3.5 3
59 18.22218246946049 -0.05249186685283078 3.5 3
60 9.85314697727153 0.3714295195738646 3.5 3
61 21.43172221027052 -0.19411889394031456 3.5 3
62 20.45889567304593 -0.23042093260453536 3.5 3
63 19.591336689327164 -0.0902549282772559 3.5 3
64 19.769204120564183 -0.19747470764312774 3.5 3
65 20.513432368327276 -0.21532874865633225 3.5 3
66 18.72907511165417 -0.04915225156738068 3.5 3
67 10.417355305084863 0.46702078225868343 3.5 3
68 14.610956077372037 -0.02028463925899788 3.5 3
69 23.158892926876664 -0.2667391916549446 3.5 3
70 22.82705978831626 -0.30727800533937794 3.5 3
71 1.462542744110256 0.1309765048381002 2.263158485861859 4
72 9.717544617239039 -0.0569240758931938 1.9316164323232805 4
73 2.2141532313151773 0.23471380486430815 2.3422540376954855 4
74 22.897870488231405 -0.23795925318140518 2.862256892576406 3
75 5.204509203137747 0.6110659759735969 3.3540411095627496 3
76 20.606915338114746 -0.24134469196066985 3.5 3
77 23.110701077719813 -0.27274900421197756 3.5 3
78 23.301094952956674 -0.15751514643820777 3.5 3
79 20.050629892198458 -0.0995212412484064 3.5 3
80 21.2622694366394 -0.2291769923607138 3.5 3
81 23.433375193233225 -0.16551601062512808 3.5 3
82 7.07283259938043 0.5604708477515645 3.5 3
83 11.730036631064813 0.17602875265404805 3.5 3
84 8.398950370368869 0.4480614267754261 3.5 3
85 1.8071857687569812 0.9079036251108936 3.5 3
86 3.6802104799804365 0.6242235386410476 3.5 3
87 3.1669711762006747 0.719438890833305 3.5 3
88 1.8245950740179584 0.8585343259659499 3.5 3
89 3.233799714525185 0.7665283865617161 3.5 3
90 1.4400650875166985 0.883814973106221 3.5 3
91 1.3107231579449223 0.8988808469487597 3.5 3
92 1.6264393811793507 0.8409023417807129 3.5 3
93 0.0025902815085405706 0.9995366452856349 3.4895463016736468 3
94 8.9603255242477 0.37827311438611994 3.491070077477154 3
95 3.0320201990255065 0.8341928940401543 3.5 3
