3 1.5831925825162054 0.7146690927792577 1.5 3
4 3.8202819962841463 0.5086472511334591 2.5 3
5 5.648668212899282 0.41732186076666544 2.875353397442416 3
6 0.6336627344979799 0.909449228454221 3.1915146882812637 3
7 5.374236239179004 0.6498869166742194 3.651354371247669 3
8 0.6830866789943464 0.879406628734366 4.1517745094900285 4
9 0.49664804377686167 0.9245357555123482 4.576384321172382 4
10 0.466353727599901 0.8824392191223758 4.985078877467848 4
11 2.439445306762736 -0.031054712867737845 5.216381238052353 4
12 2.064356761962917 -3.725735185323702e-05 5.437096454900178 4
13 1.3298823888718703 0.3058005585945906 5.5 4
14 1.6276721363464173 0.2002115591422134 4.196031832020994 4
15 0.976184138162357 0.5623823224083006 3.8986027934841623 4
16 0.9185450145436915 0.5823702757846657 4.37155027520688 4
17 0.8168464140075979 0.5633952476070105 4.89309273568064 4
18 1.1762822922538145 0.3472114007692521 5.446268112644824 4
19 1.9413144429254157 -0.006765364529831005 5.5 4
20 1.6870762681319604 0.11548470165286057 5.5 4
21 1.1929664233851431 0.4092928986803713 5.5 4
22 1.7629356888352303 0.1014496248515128 5.5 4
23 1.6854802536897537 0.11887153841770605 5.5 4
24 1.2920250775270645 0.378369758831397 5.5 4
25 1.2100280136791017 0.49802459640653146 5.5 4
26 1.577352506702427 0.28876420860534624 5.44210323054433 4
27 1.9543912121611902 0.14367110242688402 5.5 4
28 0.9517472928877968 0.7996306340503482 5.5 4
29 2.8104832862446614 0.38235649056990034 5.5 4
30 3.1366989558533724 0.2489097799509198 5.5 4
31 3.309164069067741 0.37540820936249997 5.5 4
32 1.113898115520838 0.5721301439325807 5.5 4
33 1.7569299149606827 0.20601459744734033 5.5 4
34 2.657979340720516 -0.07055820049130516 5.5 4
35 4.910713347441245 -0.2925980112253484 5.5 4
36 2.0838025678638585 0.23359774182643536 5.4586752584308815 4
37 1.4950612766123488 0.35923698205643123 5.369506894765443 4
38 1.565975633404796 0.4023126598986366 5.5 4
39 1.3303813078103328 0.3686178885645689 5.5 4
40 1.2594411003798776 0.4278010436261785 5.5 4
41 0.9057478905449656 0.70071168821596 5.5 4
42 0.868299339012264 0.7420183288513394 5.5 4
43 0.6794371212597792 0.8782643494372578 5.5 4
44 0.6959526959537818 0.8180544040584881 5.5 4
45 0.9638805831639612 0.7088081888566639 5.5 4
46 0.8304930025478825 0.7703839253600174 5.5 4
47 0.916174165750153 0.7612730869443324 5.40344439293725 4
48 0.6885806583754519 0.8755565076275016 5.155054738937179 4
49 0.6846061870926778 0.8447748551225422 5.2876749149292595 4
50 0.5062270114505454 0.9026141291807503 5.5 4
51 0.5278829897525883 0.8715468147633351 5.5 4
52 1.399877668799122 0.5935604582224612 5.5 4
53 1.8682885129712927 0.4273209117925513 5.5 4
54 0.7556221501667579 0.7126519336901401 5.5 4
55 1.4008062881236727 0.34036867278224364 5.402963054186286 4
56 2.115984924289304 0.2091183743770421 4.921556779799531 4
57 2.4393266008431578 0.045507383298192074 4.876469541577586 4
58 2.3802966152321634 -0.03301905627696523 4.894134692991342 4
59 1.9495078491377011 0.12962787704763296 4.850077808103939 4
60 1.6167662303467658 0.3381695086526279 4.997966691027672 4
61 1.4901577771422456 0.1905246257817323 5.2089757673592905 4
62 2.245779238907801 -0.07745629665296232 5.432356698106341 4
63 1.449866882112854 0.10593679268363154 5.5 4
64 1.5074849300713682 0.22414378535748147 5.5 4
65 1.1506158929184043 0.5596748632336951 5.5 4
66 1.3039394972512897 0.2935519503790282 5.5 4
67 1.7243229933775241 0.020004296510481485 5.5 4
68 2.91961340474992 -0.2582503080507354 5.5 4
69 2.5305067142669824 -0.33092895399323086 5.5 4
70 1.939354498883537 -0.14179597783386116 5.5 4
71 1.9905566979455847 -0.16178417318728444 5.5 4
72 1.7493027184851346 0.01444621622095366 5.5 4
73 1.4649457652619935 0.19963258319795918 5.5 4
74 1.3570624452702225 0.3143566023863283 5.5 4
75 1.1750288011305683 0.5227646341703162 5.5 4
76 1.3934401315754856 0.4233741422041555 5.5 4
77 1.2887874298006912 0.5677691442729341 5.412070776480788 4
78 1.20059912933485 0.6152271312749437 5.329687268632886 4
79 0.7357191747951433 0.7977443333339044 5.258579296252341 4
80 0.4034185620813915 0.9032891741675422 4.979188602877228 4
81 0.38765418144444475 0.9374653639217951 4.7264028659136965 4
82 0.414433241344196 0.9300583570129974 4.663189870940478 4
83 0.4984060532072023 0.9043592077989386 4.751988927098326 4
84 0.49912273279490016 0.8952992788023725 4.886034879770625 4
85 0.5535446370731378 0.8401612334898063 4.742655763512361 4
86 0.5688294038673183 0.812728522594843 4.893902075510254 4
87 0.46253854307676434 0.8466785765812713 5.149000416619645 4
88 0.32723743884645984 0.8969833009583028 5.424705592916318 4
89 0.2558636351711945 0.9278317471758568 5.5 4
90 0.18877827007397485 0.9606206905496337 5.5 4
91 0.18957818424249062 0.9518491341947266 5.5 4
92 0.21647996737286945 0.9389014341934925 5.5 4
93 0.640852088454368 0.8363279678499286 5.5 4
94 2.8071468789855576 0.814546971526341 5.5 3
95 3.841349301745235 0.6922064384027661 5.5 3
