16 18.043052788387403 -0.04282845569663148 1.5 3
17 23.23643565940238 -0.179992463452376 2.5 3
18 0.28325585641601947 0.8881434034801535 2.5 3
19 23.34222783431226 -0.1847396441779775 2.5 3
20 10.815985811929131 0.21862385922682862 2.5 3
21 11.40134428732858 0.1403382917835236 2.5 3
22 3.5242486875969234 0.8091971793620485 2.5 3
23 1.9254458046800904 0.8785700271339841 2.5 3
24 7.588645607742421 0.5173148404753868 2.5 3
25 16.157594448958214 -0.030405635650641492 2.5 3
26 17.86724627826078 -0.09412612581327308 2.1154610848495286 3
27 16.006448148745754 0.13372353377847015 1.9769226971620555 3
28 4.461989949244063 0.59033909301884 2.2385985678497997 3
29 17.130795863860314 -0.08450542313703581 2.1627639173256394 3
30 14.070139893412309 -0.060303736636734176 2.5 3
31 20.266992130684777 -0.22450413630331542 2.5 3
32 3.0867265089962315 0.6923213566502529 2.5 3
33 6.287407320281239 0.6237637710742262 2.5 3
34 7.70823878232449 0.5700966987077213 2.5 3
35 19.62858817570425 -0.09336980323756544 2.5 3
36 7.911734944564624 0.29214483558176857 1.726875779378228 3
37 21.517643128841634 -0.2236281215509739 1.8747934572113518 3
38 22.933417311306332 -0.1899635770051408 2.4788706440434907 3
39 19.564099505787375 -0.20024943502793446 2.5 3
40 20.081973276736733 -0.1528323472539699 2.5 3
41 0.3998374703520513 0.9927758824062192 2.5 3
42 12.219692537994867 0.3543158598949493 2.5 3
43 20.24448342776234 -0.12445191015592294 2.5 3
44 13.70710400727536 0.054459962587202995 2.5 3
45 13.014990171363603 0.08045675797674245 2.5 3
46 2.63052006686115 0.7025560423390644 2.5 3
47 22.618672753690827 -0.19887191861298856 2.5 3
48 23.251410061845085 -0.18098034285486145 2.5 3
49 17.10258790347539 0.07937122129132874 2.42284851781364 3
50 16.793371480393557 -0.07477777608737686 2.5 3
51 3.6292643164664433 0.7851201830296837 2.5 3
52 15.297364803298645 0.1392800726003158 2.5 3
53 2.732099693599391 0.6123058477584681 2.5 3
54 11.758346102548884 0.06871829951854419 2.5 3
55 22.587988127958845 -0.17212520881165097 2.5 3
56 6.8993725332531 0.6084681721151497 2.5 3
57 12.773298027066957 0.32159365272589574 2.5 3
58 7.578529842325225 0.3734652626197685 2.5 3
59 7.792620571377665 0.3898248697848048 2.5 3
60 2.6820621508902773 0.7418216237626851 2.5 3
61 1.095433046207047 0.7572278469316527 2.5 3
62 4.543860744033899 0.524654999934596 2.5 3
63 17.053832357389737 -0.07909569271526949 2.5 3
64 18.168212773201805 -0.08106289959513516 2.5 3
65 19.774175660814183 -0.06337509042360598 2.5 3
66 11.788050157324285 0.25496850251957065 2.5 3
67 5.357437930371592 0.4334461954519206 2.5 3
68 1.7185424054491083 0.7013276714582158 2.5 3
69 1.068586805638529 0.8491524871511792 2.5 3
70 6.996377889680236 0.3710369889945412 2.5 3
71 16.11848185023875 -0.054247242008668574 2.4256343178702666 3
72 22.949748959758033 -0.17715352934730835 2.5 3
73 17.48552766788284 0.09128466947188572 2.5 3
74 13.516281460200531 0.16878782561459146 2.5 3
75 0.9450623883416895 0.8790926553646474 2.5 3
76 2.639802553263289 0.7059408769162017 2.5 3
77 12.898516745322182 0.20692593428791445 2.5 3
78 23.224330583005838 -0.19244399236429366 2.5 3
79 13.013790292971215 0.0828369741531969 2.5 3
80 9.385922676821785 0.377989985823107 2.5 3
81 8.699392147592974 0.48751610205450724 2.5 3
82 0.47731876534078665 0.906194923055144 2.167922407983075 3
83 3.5779972178351533 0.6421130453491517 2.43382891657071 3
84 13.96566807152514 -0.019262445405967943 2.5 3
85 0.6960584118960744 0.9191314383586044 2.5 3
86 0.7808740527225666 0.9278968285815541 2.5 3
87 0.9377628426628917 0.8758883367630254 2.5 3
88 6.064210993076813 0.5488965818110371 2.5 3
89 13.849092234757252 0.1406779412344204 2.5 3
90 13.347179516554483 0.2247669892538808 2.5 3
91 1.92635850932988 0.7422932808320143 2.5 3
92 7.281244749222568 0.5261576202878653 1.8046912542094942 3
93 9.743765693608328 0.46633181775780236 1.5 3
94 5.676770653129168 0.6250584309618091 1.5000000000001454 3
95 1.7203831288718154 0.7410479930374397 1.5000000000000728 3
