3 0.36121851633693236 0.9703815521874164 1.5 3
4 14.70582549229449 0.11942360087844502 2.5 3
5 22.713188970253405 -0.29112598982494803 2.9132949618125727 3
6 22.73347887298896 -0.3331999196500132 3.274913737801864 3
7 22.016002548568178 -0.22447938043905513 3.6382372818926103 3
8 2.707341440442949 -0.28595335504670033 4.120616836558692 4
9 2.9436153425156606 -0.06201992634285522 4.537634795180993 4
10 1.9308049547542439 0.13741703297822003 4.921956905105357 4
11 1.991726633283145 -0.04297735254959759 5.13727383125313 4
12 1.6818574976975906 0.010594824718889997 5.35947646884556 4
13 1.2707636638630007 0.3336667919223445 5.4172306733383175 4
14 2.0705403409669243 0.011843151510917716 4.016232499407115 4
15 2.045874152160007 -0.027613268828243907 3.848948774601877 4
16 4.203502384451091 0.07675234495874574 4.302414006600915 4
17 3.860143590121205 0.44019367580503493 4.809833189982324 4
18 1.0310181832373884 0.45589269749737915 5.343498918906685 4
19 2.37144859557373 -0.05604911232431656 5.5 4
20 1.8555999625504516 0.0764838292052679 5.5 4
21 1.6399806170951425 0.16563737690683186 5.5 4
22 1.9907767880177278 0.08254327305087955 5.5 4
23 4.238672743195093 -0.08008008809082781 5.5 4
24 2.0786753916756195 0.11760425221460208 5.5 4
25 1.8149649881031582 0.09882223090104746 5.5 4
26 1.1014539232721816 0.5651487432748648 5.44322545703873 4
27 0.9223113238214191 0.7316625905286707 5.5 4
28 1.2869546874483744 0.633813084031306 5.5 4
29 0.7955342652873307 0.7906453870395401 5.5 4
30 0.7822288089500589 0.5829179737661563 5.5 4
31 4.121647085793757 -0.07889593970529804 5.5 4
32 11.233798718755303 -0.14949677603146105 5.5 4
33 6.022329712926959 0.08883675184466662 5.5 4
34 1.6330345464488119 0.3491045279063006 5.5 4
35 1.7939199388786298 0.15027441192855662 5.5 4
36 1.700918458113513 0.23184067068006153 5.462076570359797 4
37 2.1570315184184086 0.21169124437246054 5.355485830923546 4
38 2.4515050344734206 0.009466945082802372 5.5 4
39 2.327332743139606 -0.055835970372657036 5.5 4
40 1.6657864495299854 0.07504291379837348 5.5 4
41 1.5271527014301878 0.1923456071035531 5.5 4
42 2.1472052426065638 0.05621775956646773 5.5 4
43 2.2048130385958515 0.1404766624935509 5.5 4
44 2.052486511850601 0.15898917936809576 5.5 4
45 3.2302983312774014 0.19471994169738835 5.5 4
46 1.5602816801062724 0.34932474566960076 5.5 4
47 1.5731638863799402 0.4039268237132337 5.5 4
48 1.4575135229537421 0.44399999122621264 5.215359575412229 4
49 1.6662738412519493 0.28488633343178543 5.373830316272979 4
50 1.4192213532622207 0.325291011111126 5.5 4
51 1.1720751214204652 0.44156393915600467 5.5 4
52 1.2370767312092816 0.4058593634510037 5.5 4
53 1.2193916821436197 0.4297558509624021 5.5 4
54 1.4756690130430954 0.5029419829916875 5.5 4
55 1.6294011378655195 0.39662238823025253 5.129964629858085 4
56 1.184222255720405 0.5100024207017114 4.391576954022101 4
57 0.7616199933538841 0.7325967004985658 3.523311486032966 4
58 1.523782050888503 0.5095628053403604 3.789542998949204 4
59 0.978507391289317 0.6669655217413212 4.35897089780058 4
60 1.23009674160987 0.45997330706078743 4.964011155101885 4
61 1.0892374193941823 0.530702448474208 5.5 4
62 1.7477675349903112 0.1388295488664134 5.5 4
63 2.652692841842942 -0.1412606522359061 5.5 4
64 2.455140478775718 -0.12572244059576512 5.5 4
65 3.032980856353155 -0.24035846895629664 5.5 4
66 2.482571993946756 -0.24037855971879782 5.5 4
67 1.8971114295386204 -0.008334844803570773 4.860382366535792 4
68 0.9181466991084903 0.49232271042932246 4.246773477700844 4
69 1.1712754931856733 0.3346636335489547 3.95364129329985 4
70 1.3408522298613033 0.268769662490231 3.8455578368758725 4
71 1.0481603134442334 0.4938507552857656 3.6600979456830975 4
72 1.3583053285300517 0.34084203362508503 3.6067546868791687 4
73 2.464849694547956 0.10787897317014822 3.492947821950351 4
74 3.561442292596194 -0.08822967110857641 3.379605551071363 4
75 1.454520610212307 0.2904406638585477 3.206440162776751 4
76 1.222900182737371 0.4240423434645463 3.5555484377680697 4
77 1.080716166272218 0.6336874286612415 3.9561996434748727 4
78 0.8034719376585606 0.812711019798465 4.300524273045973 4
79 0.7913387083217174 0.772468265580257 4.632052097965774 4
80 1.202459427938428 0.6424812536421496 4.9892433279562685 4
81 2.5365284809643383 0.5634242926749204 5.372235541752831 4
82 1.0486354609106314 0.6260734621828797 5.5 4
83 0.6649230777711157 0.8106106522939484 5.5 4
84 0.4599233398769975 0.9352841657085876 5.5 4
85 0.49388034746293386 0.912008771787605 5.5 4
86 0.4525475203623843 0.9185736610779954 5.5 4
87 0.35800549347158306 0.9448199447816757 5.5 4
88 0.2889142585357565 0.9510782638185339 5.5 4
89 0.21942580375172405 0.9680298584164898 5.224524746302486 4
90 0.2882664781282438 0.919714118407094 5.068086791010209 4
91 0.3811519697656127 0.8663276890122925 5.5 4
92 0.2753571931561636 0.9155945697864183 5.5 4
93 0.31037635469136937 0.929981907027444 5.5 4
94 1.1197778838499488 0.8606460071393017 5.5 3
95 0.508066829138242 0.9527770404684622 5.5 3
