3 16.80067562858462 0.028353947887897687 1.5 3
4 9.065279391684399 0.43910666197562714 2.5 3
5 22.941580613230578 -0.2025928824717468 2.8446151577165804 3
6 0.886485097636843 0.8634152267066142 3.266718260180129 3
7 17.765851888572637 -0.12915951619077382 3.664893344907484 3
8 1.4868648775845976 0.19261650165028682 4.01629744329216 4
9 1.6622300810495032 0.08459800827092492 4.311321302034443 4
10 1.746186851954354 0.06716869329347636 4.678378459437254 4
11 2.038025755280044 -0.031416767861380576 5.042551992945762 4
12 1.9008764405282914 -0.002165810881014753 5.455106193262735 4
13 1.5198387380766682 0.17874044136029307 5.5 4
14 0.845388870316345 0.664544963059353 5.5 4
15 1.0378253057180746 0.5972207705338173 5.368533759285909 4
16 0.5376749112273451 0.9110760013024765 5.013628450615497 4
17 0.5195972944847407 0.835029068850723 4.9253347783082315 4
18 0.7407158262390814 0.7262313994719471 5.231723011226073 4
19 0.697099744222049 0.7929942306739692 5.182970754188651 4
20 0.7287003929202944 0.7701441598666434 5.5 4
21 0.7153288540859268 0.728354504385987 5.5 4
22 0.7973043709398651 0.7036457232273311 5.5 4
23 0.7957907798890549 0.678807244924829 5.5 4
24 0.3749141748398275 0.9227634310652797 5.5 4
25 0.5616599452958511 0.8353449789184892 5.5 4
26 0.6177759845041937 0.772782081822061 4.813025154280877 4
27 1.0092323559034417 0.6339541625638591 4.932825762553479 4
28 2.20848879801488 0.33513936703751934 5.5 4
29 2.6127893488460447 0.14512516425520738 5.5 4
30 1.7208721863265746 0.08379843956359785 5.5 4
31 1.190426813362489 0.399371747194186 5.5 4
32 0.5325844378458422 0.8027145555835362 5.5 4
33 0.592578200323131 0.8316997105853429 5.5 4
34 0.6500023415710494 0.8033225177387091 5.5 4
35 0.8564436343941422 0.6892394940867427 5.5 4
36 1.1176268811608958 0.5083392758064263 5.5 4
37 1.055341067524818 0.4997412603134652 5.5 4
38 0.9995962092488719 0.5542351654568137 5.5 4
39 0.5550089469089734 0.8726568227883736 5.357546929124706 4
40 0.9280110532882508 0.7264771250893935 5.5 4
41 0.9309794928573423 0.6974332706127014 5.5 4
42 0.9038283663220259 0.7634139949097053 5.5 4
43 1.0226311934525558 0.6830471357207257 5.5 4
44 0.7158185609918233 0.8387184873481138 5.5 4
45 0.9470209872891502 0.7356413985421364 5.5 4
46 4.370842166596032 0.3201216220035825 5.5 4
47 1.5571913236027042 0.18757804030533437 5.5 4
48 1.1688125904643227 0.307391056295565 5.5 4
49 1.389231946682048 0.19837483193618818 5.5 4
50 2.678106444328641 -0.09668679368689656 5.5 4
51 2.8110757198742826 -0.1403713144489837 5.5 4
52 3.883641953632506 -0.20299676936181574 5.5 4
53 3.499991207840461 -0.0968898476338984 5.5 4
54 2.8348846843454147 -0.02346692570704255 5.5 4
55 2.1918051401839094 0.2196113346528261 4.807125369040106 4
56 1.602743685613257 0.37051831898443394 4.610346650498883 4
57 1.3209738050849733 0.4332003181601272 4.562301570879623 4
58 1.8750439489756854 0.2620991773273209 4.535598170565543 4
59 2.0223819461920503 0.23923763441850174 4.645913872100348 4
60 1.9403065008560514 0.28622940098751315 4.86788517145683 4
61 1.351113770130195 0.4754997676540024 5.133542310797093 4
62 0.7874570846730702 0.793377526543137 5.405437637979376 4
63 0.7801992755009834 0.7894374551796163 5.5 4
64 0.6912630788979861 0.781633720430469 5.5 4
65 0.8556930650389951 0.674480801291478 5.5 4
66 0.8801536230764055 0.7075402475847262 5.426488218543047 4
67 1.8304941006732252 0.2343936334123564 5.5 4
68 1.9694959703130621 -0.11015295697666087 5.5 4
69 1.7096047520904198 -0.023872061889328906 5.5 4
70 1.6641324798277788 -0.13120293931366162 5.5 4
71 2.0930942130012324 -0.3118095223298986 5.5 4
72 3.5383827248237356 -0.378323142933111 5.5 4
73 2.7423596945779964 -0.23141741864417376 5.5 4
74 2.2151315995960106 0.04298375667877139 5.5 4
75 1.177690730123298 0.4585211526563467 5.5 4
76 0.8786966049097948 0.6751424577452741 5.5 4
77 0.9332737405109199 0.7427712392043192 5.449730248783962 4
78 0.7688429554198066 0.8502639552114646 5.334108564463837 4
79 0.6647561948332008 0.7808631737621176 5.227927654421772 4
80 1.124000407439505 0.617638550572315 4.903119108240615 4
81 0.9016205893948035 0.6637452711950129 4.661733230019556 4
82 0.9083109070306676 0.6757013547742762 4.601761275091819 4
83 0.6508772386685546 0.7741800966520122 4.70238276192738 4
84 0.882967521133966 0.6996308777846418 4.619915667842623 4
85 0.9195415729998322 0.6424544935696217 4.595819716669692 4
86 1.0134905189156065 0.5832707721164033 4.7642891700548065 4
87 1.0819106351219636 0.5653860999883519 5.007051700652097 4
88 1.4708881206915798 0.61307891643329 5.285759205561262 4
89 1.2266682100978414 0.6619464676122059 5.5 4
90 0.784847060661467 0.7525743633946417 5.5 4
91 0.34694467171032173 0.9003858637112704 5.5 4
92 0.16768981464349242 0.9596434141111627 5.5 4
93 0.36363587811550957 0.8987682182037481 5.5 4
94 16.147194408049877 0.15274191422956232 5.5 3
95 11.417655692443137 0.4696065846500262 5.5 3
