12 0.9744839111726407 0.9565726564892937 1.5 3
13 6.547076083039393 0.6636629963987709 2.5 3
14 23.159952419456662 -0.1875975277097607 2.927136352448353 3
15 19.71999890360951 -0.18505497442460442 3.2616519817930003 3
16 14.896286159513838 -0.04880457992921351 3.5 3
17 9.893017487793589 0.2422058829111346 3.5 3
18 22.809422722621253 -0.18762135707892105 3.5 3
19 4.059091866829682 0.7230242765806086 3.5 3
20 10.398370899711995 0.32589330720337967 3.5 3
21 6.22527997620431 0.43889261274603625 3.5 3
22 17.984902114358704 -0.0267742529127531 3.5 3
23 4.789360920967767 0.5534893698432174 3.5 3
24 2.8557674265942428 0.6453913734504759 3.5 3
25 2.3408580643149834 0.7533268048463648 3.5 3
26 0.5265124744471121 0.9331740364368541 2.8045084488406826 4
27 0.5323273451271211 0.8335630167653989 2.4801711128390815 4
28 2.581091591860117 0.8487115442784674 2.816220005670555 3
29 1.6697460549973062 0.41772958686144 3.303489213162204 4
30 23.276779971509715 -0.24075720173789242 3.5 3
31 21.149575275837257 -0.12584429707052394 3.5 3
32 23.34924202786039 -0.19277337875701508 3.5 3
33 23.399828062141587 -0.16646097270108862 3.5 3
34 15.564715102235866 0.020810434841877414 3.5 3
35 23.258536878721685 -0.1729785255140086 3.5 3
36 4.110323205570548 0.7208723840185046 3.5 3
37 14.8550080151031 0.1408412155167671 3.5 3
38 8.790135561686622 0.49600793195882126 3.5 3
39 0.671091652053251 0.7785121363380876 2.9976766332761544 4
40 14.426136918932436 0.1575048279618988 3.5 3
41 12.227467794553284 0.3110471530661125 3.5 3
42 6.690323781511254 0.6052901528344655 3.5 3
43 20.10493785655975 -0.12121640229293024 3.5 3
44 19.75060770321165 -0.07349024854396681 3.5 3
45 23.029841547812097 -0.1708173357704744 3.5 3
46 16.982118131585406 -0.102448767379666 3.5 3
47 19.045884691261648 -0.1662076060541699 3.5 3
48 22.45387948468347 -0.21178736324826092 3.5 3
49 18.99383116152178 -0.11725606951583721 3.5 3
50 8.295415575623556 0.49076654445881684 3.4625419081497237 3
51 13.65139929780435 0.03983741025438186 3.218353181638122 3
52 23.20889026815552 -0.1607485516522036 3.0295219049371083 3
53 23.263787414505575 -0.15612185042290638 3.4541950627917104 3
54 20.593845563805345 -0.13904086617119124 3.5 3
55 9.604871979876231 0.10801813939617706 3.5 3
56 22.44500012142141 -0.2778733897506802 3.5 3
57 21.935414899733612 -0.2604635947158929 3.5 3
58 22.683925100571855 -0.3356716983812979 3.5 3
59 7.661022516566502 0.30728494423208064 3.5 3
60 17.28717242247739 -0.09592038118313276 3.5 3
61 22.16507677371 -0.2512947028581144 3.5 3
62 23.005444350208546 -0.22021235460506686 3.211332988925969 4
63 3.095000646736719 0.5610632801161339 2.6704567924363873 3
64 7.708806113062727 0.36060819589392173 2.526997327763398 3
65 1.6626842384333074 -0.0615589912945643 2.5960394885287608 4
66 6.793809141915695 0.5026334981429054 2.6650294318331507 3
67 11.18415181143848 -0.3515157734458465 2.7202117022919703 4
68 6.373647250767954 0.523483728824492 2.814419839262686 3
69 2.838927512671832 0.6909417332253843 2.973212242396039 3
70 7.32605304420502 -0.27408732027320765 3.3096899667333637 4
71 19.734735298694382 -0.21255560719851554 3.5 3
72 21.504728299017263 -0.27764990825033603 3.5 3
73 20.026901276044207 -0.11010850095976941 3.1866058978600633 3
74 23.168116064054026 -0.23618827669298498 3.5 3
75 22.942866347205264 -0.24245516129301248 3.5 3
76 6.405072620255883 0.5015024618701668 3.5 3
77 8.6086509427162 0.3083880263309271 3.5 3
78 14.245709795073793 0.04959370381759484 3.5 3
79 13.574948869404157 0.034600408302934045 3.5 3
80 2.56894930148888 0.7450442261410678 3.5 3
81 4.154968681163108 0.6517118754996271 3.5 3
82 8.164870946394688 0.5014731316699284 3.5 3
83 18.204150820700736 0.024116991338654026 3.5 3
84 5.96210806644511 0.6886702036111204 3.5 3
85 21.647394613479293 -0.18282391680160506 3.5 3
86 5.723234454689163 0.5014050300169192 3.5 3
87 10.210892819908409 0.20063283159180625 3.5 3
88 23.308745527699728 -0.22712256319337354 3.5 3
89 22.76602656535737 -0.2325263814753844 3.5 3
90 10.363352186558021 0.3739122553736417 3.5 3
91 20.41762937814522 -0.19845523214462854 3.5 3
92 18.583914839017176 -0.17956600786346563 3.5 3
93 8.785493597986555 0.38502541107959704 2.6902797171475106 3
94 9.696744812574774 0.36911647245643764 2.645991352060795 3
95 4.80071421848751 0.7381235902578328 2.7288524076937173 3
