8 9.109242204040719 0.2808424031034987 1.5 3
9 17.257499605221785 -0.09060167360833887 2.5 3
10 14.526782540148766 0.043390531440077935 2.8719205609498557 3
11 20.020874963985964 -0.08820578086274328 3.252003880447106 3
12 21.2498464756402 -0.12024776761930721 3.686114381452213 3
13 1.0056019783329608 0.586868534627592 4.1489811044741405 4
14 0.4430957517471663 0.8662431194673827 4.4670413688693955 4
15 0.9905408895671748 0.5736346697597661 4.5 4
16 1.045781801874167 0.45028681455128505 4.5 4
17 2.7666259517365184 0.5257530213852446 4.5 4
18 1.7856530116862661 0.096445075673249 4.5 4
19 3.743756386746572 0.4071070002609795 4.375695794459393 4
20 3.6990057723962355 0.004203011196029457 4.028809936744572 4
21 1.3927720401634378 0.4001760868453064 3.8873760930753196 4
22 1.6410747870377795 0.08788889494677252 4.18306038135448 4
23 1.6191276476865823 0.18003195341777292 4.174095245808395 4
24 1.4824287101191729 0.24530720175215986 4.5 4
25 1.2872165920903669 0.3667708836876396 4.5 4
26 1.8245085878730052 0.22579477032707876 4.5 4
27 3.8439760146826725 -0.18322565341680463 4.5 4
28 0.9401985173351513 0.7687153783077882 4.5 4
29 1.4437461436292756 0.7854285136110997 4.5 4
30 2.266448713877197 0.4294206293330485 3.9469488231001923 4
31 4.793443482988391 0.44043954556171083 3.9582138841865526 4
32 1.1239703724555978 0.4750340756775131 4.5 4
33 1.2252079924435417 0.5711496737135211 4.5 4
34 1.402515583231179 0.3534746535291672 4.5 4
35 9.43439363741704 -0.1523658718974226 4.5 4
36 4.09119602607962 0.1051480984791935 4.5 4
37 1.2508527916301846 0.4593177177872955 4.5 4
38 1.7760265212165276 0.03096778931111207 4.5 4
39 8.242019087086513 -0.2106374167855509 4.5 4
40 13.0267722627995 -0.21487908334912986 4.5 4
41 3.8825325976013367 0.13868823717427306 4.5 4
42 2.5625003754367226 0.3631671898591818 4.5 4
43 2.7504985077225017 0.3367540849518197 4.446173246998704 4
44 4.633794724415623 -0.18437374132470738 4.5 4
45 2.2774656763202152 -0.013933620187749563 4.5 4
46 1.4554814098786641 0.37463458982581976 4.5 4
47 3.6406481078845427 0.1286176786530389 4.5 4
48 3.3249110112910776 -0.11682070847879601 4.5 4
49 1.3182445556810984 0.5228413665868027 4.5 4
50 0.5553402687550237 0.8833963875167821 4.5 4
51 0.5085872735646948 0.8823273343250007 4.5 4
52 3.6981564859431604 0.05727903340760381 4.5 4
53 1.489473587407197 0.3631215345912179 4.5 4
54 2.0456471410864214 -0.005997503245421128 4.5 4
55 1.7130375612525475 0.1529040659016995 4.5 4
56 1.1951353510003901 0.4444354896341361 4.5 4
57 1.133789280582171 0.5310616720089829 4.5 4
58 0.9792029968012868 0.6560974022743046 4.5 4
59 1.039743594774567 0.666236900557279 3.6585687635107895 4
60 1.3130939898594605 0.5548217609547557 2.7998971968113473 4
61 1.0593232764484029 0.5410085431553413 2.1774835241548427 4
62 6.44701868775416 0.06915998337824199 2.77219529653393 4
63 3.071663818176172 0.3665978241144369 3.368834234715723 4
64 2.300481836254648 -0.1202580824075724 4.016013786180817 4
65 6.377667112531645 -0.3798666655241089 4.5 4
66 12.426330959161614 -0.32002966169102326 4.5 4
67 6.918744161060222 -0.31197631519989455 4.5 4
68 3.540104295453478 -0.1765476004784373 4.5 4
69 2.429336957537328 -0.09313998184252477 4.5 4
70 5.358786045901047 -0.17321182482814107 4.5 4
71 3.029730326492073 -0.06361528966099167 3.735038042930246 4
72 1.4991141900986076 0.15466522261860452 3.0363034522497183 4
73 4.827454383124868 -0.17264840571845286 2.7695140244378997 4
74 10.365594517383458 -0.21890081803883807 2.6643917358751352 4
75 2.5501864228424944 -0.1638482226831404 2.642591448718784 4
76 3.025813283810783 -0.25676307977254037 2.6308466785650233 4
77 1.266392450360116 0.2575354831763203 2.4850477977854606 4
78 1.644748667254527 0.11892467635472534 2.345279125738729 4
79 0.8410978519856487 0.7339614024979082 2.2096885729539792 4
80 0.6329264039444231 0.8125156212580442 2.6215499567647202 4
81 0.7195278043378446 0.7815350380665715 3.0349461839149883 4
82 0.5570575446293038 0.8638771035739953 3.4092291932025254 4
83 0.43295204037981616 0.9257001029628247 3.788944692928373 4
84 0.40942867098680846 0.9425294605926968 4.1871987051602915 4
85 0.4589433181085747 0.9208526649147282 4.5 4
86 0.45008480355624947 0.9160708380959282 4.5 4
87 0.38763213483102366 0.9223848324304088 4.5 4
88 0.2630547191696131 0.9380010891294774 4.5 4
89 2.152582547122403 0.7659811677083338 4.5 4
90 3.8778156393149725 0.7195109960591097 4.5 4
91 0.2578175983703268 0.9327646316394096 4.5 4
92 0.2097882230607091 0.951203869863608 4.5 4
93 0.34941144039632643 0.9181426385920757 4.146428023670801 4
94 10.847172028892537 0.24807454988306302 4.14311896573256 3
95 22.904531219515643 -0.24020713355048942 4.5 3
