8 4.46790279102745 0.5896066860308313 1.5 3
9 6.567857648802148 0.39701206973093034 2.5 3
10 7.088764233107756 0.2837261522451463 2.803672364052348 3
11 5.428749325385042 0.6647972696634038 3.0255524432479595 3
12 1.949431379402455 -0.027189265451841704 3.368837121984003 4
13 0.9833798454301927 0.5530683274447484 3.706866564930233 4
14 0.7054418728365617 0.8045410650107846 4.056550868657647 4
15 1.0730438208053457 0.5440715522619902 4.481400032657513 4
16 1.4128265059710161 0.2762168254298275 4.5 4
17 0.6649880071287413 0.6987054459864913 4.5 4
18 0.4042974813842468 0.9243436547720416 4.5 4
19 0.7261809224648044 0.7516568421529243 4.5 4
20 0.5722645471418799 0.8136668108085527 4.411847344122931 4
21 0.658932092454787 0.7111430461418558 4.5 4
22 0.6678727881671991 0.8053427089800294 4.5 4
23 0.6168600423438377 0.8268008766532614 4.5 4
24 0.682569600441429 0.7381270331610675 4.5 4
25 0.9836803867206392 0.631378095912903 4.5 4
26 0.63806244410834 0.785612878688837 4.5 4
27 0.2942884881074237 0.9328526292433889 4.5 4
28 0.48345868025582206 0.8434906911515145 4.5 4
29 0.7815378348613935 0.6515614521802964 4.5 4
30 1.7556148024584148 0.48589860176891525 4.5 4
31 1.8474370267199154 0.5415980335958039 4.5 4
32 0.4154911453833021 0.8213307665974672 4.5 4
33 0.42913101610937865 0.8335393140448832 4.5 4
34 1.3256486865532962 0.448030843583855 4.5 4
35 18.409108329159395 -0.40139649086862317 4.5 4
36 10.414760623266453 -0.36590643817572416 4.5 4
37 1.528950683614644 0.10123744777359833 4.5 4
38 0.8280466352637514 0.5065745631000828 4.5 4
39 0.40944361131835283 0.8760883546780975 4.5 4
40 1.353626494959837 0.4240718843020566 4.5 4
41 2.864404381315807 -0.04836580259502205 4.5 4
42 2.4335408674868644 -0.07794890000899227 4.177373530351586 4
43 3.551543126714753 -0.1950998564073525 3.7776110210157348 4
44 6.2465286337823525 -0.2552401378186101 3.2075894362487523 4
45 1.2580214402009364 0.5238019348785551 2.8436548532099333 4
46 2.201994069800765 0.0025603341552645495 2.7129507882320976 4
47 0.3761775591703076 0.9211259074209156 2.6882190082980304 4
48 1.6653197196447191 0.3046308104794519 2.6591643886747915 4
49 1.2989226245352965 0.2936529178723424 2.5994038473053953 4
50 1.3374026822473644 0.5891062332887498 2.758686295858781 4
51 0.8703837195399222 0.7373385268651031 3.0247961372182472 4
52 3.387102479199889 0.4446674299444637 3.350624428114206 4
53 2.395215813219761 0.08072802074081488 3.651725487618016 4
54 2.662365054896455 -0.11308132096919425 3.9882216161721518 4
55 1.897845936134659 0.17510135445193667 4.342903944956983 4
56 1.5611758950721288 0.28772152590530914 4.5 4
57 4.810348992073027 -0.013584195133680147 4.5 4
58 6.037372118537089 -0.30168150036734825 4.5 4
59 4.859420502409364 -0.3677081547805 4.5 4
60 5.898836274222415 -0.2972642294610797 4.5 4
61 2.515670854737973 -0.10620237002461294 4.5 4
62 3.813552746632606 0.3063392534710984 4.5 4
63 1.1811835409241036 0.48017527389080156 4.5 4
64 1.944104387386525 0.09677384695187485 4.5 4
65 2.014378835491689 -0.18752996713397166 4.5 4
66 4.980471734083697 -0.36516028276109913 4.5 4
67 4.892784170552433 -0.44784007148336397 4.5 4
68 15.650978395819557 -0.42198591102739735 4.5 4
69 15.178811074203278 -0.5131315377775263 4.5 4
70 2.724153347194841 -0.41567134057068367 4.5 4
71 1.694866825385816 -0.010929339503789293 4.308371501951231 4
72 5.154093099135858 -0.32250192217562884 4.5 4
73 5.853737228166931 0.21257871629393288 4.5 4
74 1.5016053340340791 0.14122382041515963 4.5 4
75 1.5746722820715933 0.16638381744737674 4.5 4
76 1.8540917543040605 0.043128944496861936 4.5 4
77 1.674252452297444 0.1407667490907197 4.5 4
78 0.9662542856688203 0.73566840935838 4.5 4
79 0.570617229075375 0.8278653259973009 4.5 4
80 0.89878843604171 0.8041824991302605 4.149623776796303 4
81 0.449921716972165 0.8910481402762266 3.9107303318945776 4
82 0.40933649386092785 0.9345784037157491 4.5 4
83 0.5887905307354311 0.8463209936238472 4.5 4
84 0.6333965435104743 0.8323632706233854 4.5 4
85 0.6343633715876464 0.8022365865203096 4.5 4
86 0.7750241655331589 0.8080724508492562 4.5 4
87 0.6208251504820623 0.8270442711592575 4.5 4
88 0.4006557911547546 0.8778625321026843 4.5 4
89 0.5934487349311901 0.8641274970834526 4.5 4
90 0.8907467731269261 0.8339139320876703 4.5 4
91 2.1655106517043796 0.6929892408569667 4.5 4
92 3.843288784372433 0.5942539897666393 4.5 4
93 0.925214929844528 0.767305666672734 4.435544034131672 4
94 15.80712389662418 0.18715783380941658 4.5 3
95 22.707666771129734 -0.36370617958784873 4.5 3
