0.0 0.0
23.38989192759698 1000.0
690.6900491375092 2000.0
1348.7140775174807 2341.975971620031
1988.737204802947 2701.952844334568
2633.9974295767893 3056.6926195607202
3223.0458501927906 3410.951579383995
3859.475594893959 3363.5702552988296
4478.50597878965 3380.96961610431
5018.1534753836795 3460.352503405968
5688.391558524955 3329.7619168587266
6593.685408842702 3094.7061496822607
7755.3730907592935 2838.3123180834173
9009.785911641837 2583.8994972008677
9743.419382132179 2850.266026710533
10835.957219589553 2757.7281892531582
11576.568534989807 3017.1168738529027
12301.532600700206 3275.035934289597
13004.10467675521 3297.427923944997
13708.86412222833 3295.240554526883
14344.034758120992 3364.8293641073465
14920.485234431097 3423.549523689898
16385.768962829785 2534.7162716013154
17472.878122531507 2447.6071118995887
17834.171543228324 3086.313691202781
18221.870146333462 3612.3013968948694
18689.90605600809 3531.9640903253735
19141.648581282465 3548.2574747256294
19567.340007705086 3574.3085735773693
19990.571121419256 3576.7688862858317
20419.233893109023 3571.337228310233
20905.694378132805 3513.5395149762153
21440.499435656242 3465.19494247656
22210.111502978736 3230.387932677503
23157.583590048107 3052.527912930627
24182.88251663899 2974.7010734091145
25006.917432458642 3150.6661575894614
25665.681551992944 3341.235880465697
26283.376815615913 3382.30473637703
26900.686849886104 3382.689965729806
27454.653858217498 3446.0329916686005
28033.249967885353 3421.4038903321425
28769.323940950395 3263.9260269349475
29421.92252071848 3347.4014202318995
30149.20833597081 3272.7141847476746
30940.910579155283 3208.2977568155343
31612.408856410624 3328.5017227446588
32211.212440140633 3401.1964162699896
32819.375961088204 3391.8364790524347
33498.65219276936 3320.7237683188478
34163.13802824688 3335.514164522478
35935.98100747259 2227.15702077429
37465.28530213725 1697.8527261096274
38585.31583767874 1577.8221905681376
39718.060974143584 1445.0770541032946
40819.12762384434 1344.010404402539
41842.07558306589 1321.0624451809879
42719.20909991419 1443.9289283326907
43497.41305817216 1665.724970074715
44182.65008930103 1980.4879389458483
44946.990834742806 2216.1471935040695
45965.99395979078 2197.1440684560976
46863.766882446 2299.371145800881
47414.39183973858 2748.746188508305
47958.94076129591 3204.1972669509723
48525.400120674 3433.5406406219004
49037.51119607918 3487.8889245948217
49431.69245715795 3605.8187389212376
49653.53558520887 3778.156871949087
49925.2053352196 3728.3302499892643
50214.268183967826 3710.9371512517737
50375.88031673657 3838.3878672312485
50575.0767966935 3800.803520043066
51118.209225691346 3456.867571002157
51545.008766432926 3573.200459258428
52144.04546557454 3400.9633008583787
52704.89989516509 3439.145570409439
53305.616949111296 3399.2829460537873
53879.260749038316 3426.3562000729826
54594.99080326043 3284.2699457778936
55317.31200295261 3277.6788003078245
56041.632587959626 3275.6794149929915
57773.95934829438 2267.6732396652396
58709.45608767383 2332.176500285781
59583.88016689373 2457.752421065884
