0.0 0.0
31.418825300078943 1000.0
735.5050516737448 2000.0
1381.5180090182553 2353.9870426554926
1992.6274853263772 2742.877566347375
2607.295291629084 3128.2097600446577
3294.135878465953 3313.1594131631387
4015.724612856412 3278.4112656095426
4671.108317328992 3344.6162955274203
5350.610083900477 3320.498233428515
5915.983439519692 3434.62664438079
6918.296598029718 2997.6868414899827
8266.94343810509 2649.0400014146144
9465.984300763559 2449.999138756143
10237.418082432217 2678.5653570874874
11302.77053131332 2613.2129082063807
11993.525442915468 2922.457996604231
12705.938440731368 3210.0449987883358
13316.673172892057 3389.2652678393074
13935.50049153711 3381.172681354939
14520.716929538787 3414.7835619983334
15045.12315895228 3475.593770586512
17071.86848765996 1973.2546712923183
17681.712935281565 2363.41022367071
18108.476791942554 2936.646367009713
18545.400701884937 3499.722457067326
19039.05286137317 3506.347840511773
19490.95436295286 3548.098498420306
19948.7861751281 3542.168187824756
20417.73873925918 3531.047435868921
20959.681198245606 3458.057541013577
21502.516013623295 3457.1651846223103
22042.393233423907 3460.122780199388
22997.53064025221 3044.862593171699
23974.91757725564 3022.6130629965596
25063.072897907045 2911.844679348595
25804.728073826755 3170.1895034288877
26442.177577344934 3362.5504964818188
27051.600394300458 3390.577183044476
27650.351139462324 3401.2492548381356
28188.23616991886 3462.11496954346
28830.69207371715 3357.5440962016987
29583.74578493902 3246.9462887781224
30267.413543526953 3316.332241412065
30989.685690027443 3277.7278534995207
31814.747607798494 3174.938082228958
32468.23894873318 3346.508659065306
33125.39657265768 3342.842376075494
33773.07422124318 3352.322351414496
34416.253896297785 3356.82032494539
35071.214490844315 3345.0394054534718
35506.66226644091 3564.5522244034137
35846.01413085786 3660.6481355830465
36249.609504348984 3596.4046265088755
36775.05836088652 3474.551143462466
37298.01105619536 3477.047304691168
37800.52875764567 3497.4822985496776
38286.55873070037 3513.970026945294
38947.82945846062 3338.7292722397524
39685.99740951579 3261.832048944825
42250.24949191309 1435.7479176026893
43306.29085261421 1379.7065569015701
43898.74112919795 1787.2562803178328
44408.94147150113 2277.0559380146537
44862.47116667235 2823.526242843427
45398.45619277772 3287.5412167380514
45963.390008650465 3435.0661841272563
46653.70293555362 3309.6870730968603
47422.75816931711 3230.944766236525
48060.75415694461 3362.004012372511
48716.188125212415 3344.566031732206
49572.15504157546 3144.0330836369594
50679.2897909177 2892.8652506577696
51258.206660257725 3313.948381317749
51842.09673730289 3416.1099229548417
52540.5713759278 3301.525361375096
53017.931355728295 3522.640020199512
53488.97427716771 3528.9570785605906
54032.29172716903 3456.682549998675
54629.670240647174 3402.6214865218467
55327.66129065002 3302.0089499971464
55945.44166387095 3382.2196267790578
57330.52297284112 2614.9186910298195
58240.599385850495 2704.8422780204455
59015.56313160908 2929.878532261877
