0.0 0.0
44.415747790900724 1000.0
641.3984126666456 2000.0
1272.7470760085207 2368.6513366581203
1888.930015121197 2752.468397545446
2555.631045030609 3085.767367636029
3185.9637503149943 3369.6672947156158
3793.9579051830087 3392.005845131996
4369.292230969089 3424.6656742139244
4963.919223637659 3405.373007331427
5521.863873010749 3442.0553506269057
6143.341767781326 3378.522105229418
7008.129194987519 3135.21257279381
7749.890195873806 3258.2389991137097
8387.066934799936 3362.823261073867
9012.235699457615 3374.8312353423207
9485.530351350599 3526.7053481070066
9723.208661322733 3762.321690027865
9912.178047387657 3811.030613935079
10108.45099091733 3803.7270564703317
10369.663172702825 3738.7878182145064
10620.643783236168 3749.019389466661
10896.763439767023 3723.880343469149
12124.112263429734 2772.651176337292
13288.36708992592 2608.3963498411003
14376.239432256501 2520.5240075105203
15679.99372888981 2216.7697108772136
16993.65972738387 1903.103712383154
18037.063549032227 1859.6998907347938
18966.82074812775 1929.9426916392724
20278.847712062114 1617.915727704908
21157.992593082545 1738.7708466844801
21908.554315816455 1988.209123950567
22555.946059275528 2340.81738049149
23239.435457741223 2657.327982025801
23948.440532743654 2948.32290702336
24653.138067242144 3243.62537252487
25395.122325125347 3258.0157421168055
26093.788947943158 3301.3333771821976
26708.35173320388 3385.4372147392864
27367.15549324946 3341.196239954412
28163.07868156179 3204.076811687666
29122.220873912695 3040.857807649094
29873.78042837931 3248.4404455333834
30643.124552779784 3230.6558755995193
31450.7141596784 3192.4103931013806
32111.347022922513 3339.3671367558845
32585.272038440893 3526.074984481622
32885.239720259786 3700.032318181114
33205.97072743472 3679.268992825062
33583.70155803701 3622.2691693977054
33889.38612486858 3694.3154331684273
34029.49671328485 3859.889411583732
34198.081943292564 3831.4147699922864
34445.189341427395 3752.892601865169
34748.65232289178 3696.537018535615
35136.94513850652 3611.7071843852577
35502.467508536596 3634.4776299699156
36004.588407688425 3497.8791008481767
36562.48102510378 3442.107382584641
38258.244626824104 2304.236398279674
39937.042510779786 1625.4385143239856
40452.41450025362 2110.0665248501628
40953.55948444317 2608.9215406606136
41403.693873815144 3158.7871512886363
41861.26779815387 3542.4260756612657
42355.83583510441 3505.4319630494697
43001.94974036411 3353.8860947403005
43648.6369594746 3353.3127808895183
44287.10586198139 3361.5310974932054
44896.57520413163 3390.5306578497707
45699.74178083186 3196.833423299774
46765.910412533514 2933.831368298344
47379.92937004819 3319.8124107836757
47969.47943951481 3410.449930533384
48576.8220346336 3392.6574048812145
49110.88260498889 3465.939429644715
49518.68183861185 3592.200766377035
50052.08497495847 3466.5968636533726
50559.81693640555 3492.268038552909
51156.423676764796 3403.393259640752
51831.55742819088 3324.8662485739055
52853.04713760109 2978.510290589774
53867.24992368179 2964.307504509062
54609.0325754911 3222.524852699754
