0.0 0.0
30.694497082555756 1000.0
681.8648988349273 2000.0
1293.186473256025 2388.678425578905
1829.818820901512 2463.3676523545137
2505.4530129762325 2324.3658079252737
3164.886172868418 2340.566840107813
3803.31343065519 2361.572742213226
4431.37722583152 2371.9362048236726
5086.48330233011 2344.8939235014122
5863.228917646718 2223.2543846833923
7024.383182238748 1838.8457354079687
8282.518202353713 1580.710715293002
9037.325096287364 1825.9038213593503
10108.872683573756 1754.3562340729545
10783.751298180157 2079.477619466552
11500.781592858626 2282.96970532153
12116.91352207588 2383.868070782747
12731.472290940093 2385.4412311357864
13318.358984653802 2413.1133062862946
13848.87909012044 2469.479894533364
15251.523281007527 1597.3558091129107
16411.362482596807 1437.5166075236325
16829.128076829256 2019.7510132911823
17238.631170011387 2590.4969068178693
17648.77131206375 2589.8598579476356
18071.49280870835 2577.2785033553923
18511.15727930078 2560.3355294075727
18970.20521944828 2540.952059852503
19424.954177442414 2545.2510420058675
19906.602245636343 2518.3519318060744
20410.57536314155 2496.0268824947916
21138.329514105586 2272.245849035957
22142.294523111494 1996.0349909940871
23210.005366741458 1928.3241473641242
24081.21799576898 2057.1115183366
24764.791597150746 2316.4263986182305
25360.360547185923 2404.4310499648236
25995.708023095143 2364.6525240907777
26551.339577224895 2444.3684458702455
27124.848539867566 2426.491037357333
27847.850811720633 2276.997728146931
28554.675534794016 2293.175276926614
29295.22312062032 2259.4524141736947
30099.946832551228 2195.276288069096
30774.366809994888 2325.580022556338
31420.984337525555 2353.3824724693322
32054.52365086942 2366.4606866561326
32736.252681655915 2318.2709692135077
33417.54286997094 2318.709811684975
34051.06889366857 2366.473976302367
34962.876961148984 2088.1919325195827
36002.37985025601 1960.4971108929712
37493.51677704479 1469.3601841041955
38438.22797796786 1524.648983181126
39201.921146249195 1760.9558148997917
39895.48008747657 2067.39687367242
40476.351538495386 2419.1285489811803
41282.85560707001 2193.4959314253774
41933.40376559107 2349.4518414789295
42476.33083252825 2457.0729330628233
42966.76865683716 2509.5621756910905
43526.075540145546 2440.6931166916174
44210.03556976124 2316.0399703843104
45537.362597158644 1672.6729726025903
46326.97082253295 1883.064747228283
46946.87223147477 2263.1633382864675
47557.613206399576 2389.259025075199
48128.89484057515 2428.7183658244267
48715.925246248866 2412.9695943262846
49237.194248263906 2478.7309979849515
49757.47450608279 2479.7197421811125
50381.20986453552 2376.2646415472746
50941.84546315903 2439.3644013764906
51565.81319952755 2376.0322636314777
53151.27374325098 1414.5394562765614
55043.578565414486 1000.0
55998.35780801435 1045.2207574001404
56537.78347387992 1505.7950915345687
57087.315533041095 1956.2630323733938
