0.0 0.0
39.06694050917754 1000.0
673.2021664067418 2000.0
1315.7307562969577 2357.4714101097807
1918.0494344194194 2755.1527319873185
2537.0049582586576 3136.197208148075
3212.8940459094624 3324.110912349176
3889.367181918293 3323.5268639911524
4519.674145915715 3369.693036002577
5109.2198767522605 3410.4542691634506
5680.1181167523655 3429.1017599998845
6407.112001777707 3273.0061149746516
7368.957130072499 3038.154871705213
8115.596551657913 3253.360578414587
8759.451439509578 3356.1451121483274
9407.098035288283 3352.3534042212937
9995.120329894502 3411.9777053937823
10534.647116488153 3460.473213406355
11090.43498987187 3444.2121266162885
11645.060441536274 3445.374548335595
12194.557490896039 3450.5029506402425
13217.703170302062 2976.854320593981
14467.78355432915 2726.7739365668735
15047.373260478269 3147.184230417757
15603.953101217307 3443.4201592609693
16131.531024062506 3472.4220771548044
16623.920365020946 3507.6106590415498
17123.38637673509 3500.5339882858493
17679.561697341756 3443.824679393332
18270.081835935754 3409.4798614059973
18671.561176595933 3598.520659339818
18965.90402294116 3705.657153654759
19122.745286396977 3843.1587365441883
20074.967876466853 3047.7774099301187
20766.52741344472 3308.4404630221256
21505.731152477132 3260.7962609675824
22210.054011688782 3295.677140788341
22847.083524240963 3362.9704874478102
23545.462484522366 3301.621039718595
24131.088237503543 3414.374247018826
24537.56059958888 3593.5276379146794
24759.476186735432 3778.0844128534495
24961.812729444933 3797.663457290504
25243.355627205252 3718.4571022396826
26362.04638467018 2881.3092425350796
27277.288711694608 2966.0669155106575
28145.82527597185 3097.530351233417
29071.596433633178 3074.2288423386717
30002.61895911677 3068.977474516401
30925.20626955827 3077.4126895584864
31842.663832032955 3082.5424375253124
33419.79589926257 2422.8679327703817
34021.37810781464 2821.285724218309
34372.59081758532 3470.0730144476297
34641.328681782215 3731.262135803107
34905.53099163729 3735.797690144942
35164.215448417 3741.31554322028
35467.26387176499 3696.9515766520058
35779.998668200824 3687.265203564176
36108.13371275737 3671.8649554434583
36496.77525127107 3611.3584614863
36863.68585675638 3633.0893945146763
38127.511488839315 2736.1743679170804
39382.2331790478 2481.4526777085903
40129.80393440518 2733.881922351198
41265.4908983319 2598.194958424476
41965.585963414596 2898.099893341775
42713.69705531629 3149.9888014400813
43385.4398640811 3328.25719123518
44078.18577853584 3307.2540855452603
44705.431117375396 3372.754661160445
45242.78886836765 3462.642249007748
46941.025657158854 2301.763211208795
47896.89709413553 2345.8917742321214
48314.36196764058 2928.426900727065
48761.609826423475 3481.179041944169
49283.04091943549 3478.5689069879927
49769.158724852154 3513.8821945833347
50245.216815119384 3523.9419097327755
50750.19408250386 3495.0227326155205
51270.67840050515 3479.5156819987074
51753.97046277816 3516.7079377269984
52246.37032012598 3507.600142652173
53032.51659886988 3213.8537212561037
53840.45547944283 3192.0611194270405
