0.0 0.0
39.54197442884545 1000.0
731.6953234194567 2000.0
1747.1589349231244 1984.5363884963356
2397.0009421247296 2334.694381294729
3004.1399441828785 2727.555379236575
3461.829979313991 3269.865344105459
3969.108390859582 3492.721588454404
4503.115401841405 3465.992989018172
5161.6085782432065 3341.5068235981917
5760.76815940442 3400.840418838789
6249.7680260953975 3511.000133309021
6747.481203716057 3502.286822379343
7340.828762551042 3406.6524411650125
8003.7389164607275 3337.0898460903136
9361.928052091609 2641.8108643691157
10117.199746154904 2886.5391703058176
10758.600308617037 3245.1386078436717
11365.960287582033 3392.640021035001
11931.806137716028 3434.1541498659967
12516.319576608948 3415.4865611070727
13021.513537830568 3494.8060387783808
13565.14864407092 3456.3648937596417
14149.55711392832 3415.591530142598
14628.350435896973 3521.2066780313507
15274.261376305445 3354.0890595915307
16730.33477930049 2543.926597004959
18673.645362988365 1600.616013317083
19602.787108247412 1671.4742680580348
20092.705608984477 2181.555767320967
20596.051326129505 2678.2100501759364
21102.327181771412 3171.934194534023
21522.23841374612 3580.088768025289
21862.77021278313 3659.468200962989
22198.751609618525 3664.018603164598
22627.30328064216 3571.448328976368
23022.816468755904 3604.486811886255
23424.953635847127 3597.862832908774
23949.616049149965 3475.3375866971533
25374.09538816146 2575.520660988502
26787.21063000298 2162.4054191469786
27860.823297877178 2088.7927512727774
28433.26528010843 2516.3507690415217
28791.038077032455 3158.5779721174913
29156.942323267853 3634.095753764598
29512.26780527768 3644.6745179901714
29807.00391875987 3705.2638865178187
30124.897337445458 3682.1065813144123
30451.549766238615 3673.3475712068453
30845.006222503856 3606.5435437347674
31480.721825026565 3364.2843974772927
31871.832340377987 3608.889484648569
32047.11897652518 3824.713363852794
33732.56571823901 2314.553258286157
35165.69692174314 1881.4220547820287
36595.78833667437 1451.3306398507991
37930.185720714035 1116.933255811136
39116.3695611963 1000.0
40172.106730358 1000.0
41280.324968404726 1000.0
42542.70883391591 1000.0
43307.47380845182 1235.235025464094
43945.35874410807 1597.3500898078448
44588.260021243965 1954.4488126719507
45255.15222103327 2287.556612882645
45867.682989221015 2675.025844694898
46460.61993717457 3082.0888967413503
47045.534895674464 3415.0850415001178
47672.71593395366 3372.8189617208086
48269.59392814442 3403.122005809233
48860.010489725406 3409.5834384190175
50480.302111573445 2379.7083781519586
51166.53717465511 2693.473315070297
51740.15971523302 3119.8507744923872
52226.531142655396 3513.6285725776097
52721.37433093061 3505.156811724789
53255.635666830465 3465.7386641001326
53828.77965994353 3426.856006886936
54389.599255463385 3439.180404480137
54900.80842229974 3488.7908331636395
55245.86357350131 3654.9448487984387
55394.99329133964 3850.8702821616766
56541.522176886974 2853.471114452662
57192.77910836269 3202.2141829769453
57828.25147643104 3364.5276319316417
