0.0 0.0
38.21730033809469 1000.0
720.3427993332251 2000.0
1701.9295721080257 2018.4132272252018
2409.1539053250567 2311.188894008169
3000.228517817127 2720.1142815160947
3461.194544878056 3259.148254455162
3969.37045848826 3750.972340844954
4538.417246369507 4181.925552963705
5130.422874084099 4407.994372285402
5821.309552046342 4309.113322037754
6459.792548598629 4361.517003447716
6973.0524051749635 4486.740143423665
7488.0053817126745 4485.047023462288
8106.30327256087 4381.702109151804
8755.335170200198 4350.968102360672
10093.839346740899 3661.495823459298
10840.427256473766 3914.907913726427
11492.990138893907 4262.345031306275
12055.113442724596 4437.87669616931
12608.333243505796 4446.780199218795
13175.866205186057 4432.4670383197345
13687.947512857812 4487.918692328247
14155.674536157736 4532.272976700078
14744.665759870002 4411.008776287734
15260.558545138909 4484.107214731086
15896.184261840945 4364.374283297967
17502.226522213812 3393.957739627136
19409.111165506107 2487.073096334841
20307.10905102156 2589.0752108193838
20805.057805933935 3091.1264559070005
21307.434229965107 3588.750031875821
21820.775349179577 4075.4089126613444
22258.081349244803 4562.693999934771
22587.074953625728 4671.006395619079
22958.743998138954 4628.33095548677
23414.428301254105 4544.315696884856
23833.5440852748 4580.884215979308
24247.852927653585 4585.6911576212115
24781.86351175733 4465.989415896247
26189.670928301515 3592.1925834558124
27605.650618889747 3176.2128928675775
28671.448318347837 3110.41519340949
29259.83264826779 3522.030863489538
29615.610591977536 4166.25291977979
29977.973926244034 4637.636665733493
30332.45394925178 4645.519976992255
30616.695823766535 4715.758125485256
30933.91609901113 4682.779724755407
31263.748575170244 4670.167523840892
31648.670623055168 4615.07795211508
32251.430691972684 4397.239931082488
34854.84856716547 2396.5821248072125
36669.440856193745 1581.9898357789375
38195.16699109106 1056.2637008816264
39550.06339321711 1000.0
40684.132275538104 1000.0
41636.135007286066 1047.9972682520415
42552.15333436997 1131.9789411681334
43637.78038537419 1046.351890163907
44845.21930535349 1000.0
45407.65840616543 1437.560899188063
45948.81874912955 1896.4005562239458
46509.42598698513 2335.793318368357
47044.56607786077 2800.653227492703
47679.559670362156 3165.6596349913084
48321.892890382915 3523.326414970546
48681.76583768378 4163.453467669684
48926.640285491754 4755.125552192025
49166.32630800709 4760.31397748466
49423.81564094775 4742.51066705935
49621.51469159906 4802.3009493486825
49849.7481079277 4771.766583671357
50578.03996072419 4271.708147203497
50986.13785385431 4591.902106869897
51533.60871708916 4452.529136765152
52188.98735421234 4344.621362876824
52873.694014334484 4315.293339877854
53399.58830213974 4474.105712194739
53975.766866608894 4423.821435530853
54698.1303178447 4277.636548764199
55382.325119798 4315.805198046706
56387.878078152644 3994.447041645351
58104.6012706645 3277.7238491334892
58939.04763805915 3443.277481738842
60027.14046878579 3355.1846510122095
60716.72801517027 3665.5971046277236
61400.113236450416 3982.211883347578
62101.42536050497 4280.899759293028
62671.3169274651 4430.108433039871
