0.0 0.0
69.50036361949893 1000.0
725.763469302869 2000.0
1452.972093342795 2272.7913759600824
2028.4032258103703 2697.3602434925137
2149.2640891330702 3576.499380169817
2305.852252100379 4419.911217202509
2484.5600045183705 5241.203464784537
2682.0473028757765 5802.5127016426
2873.746423072269 5808.300879803508
3036.1226299195014 5837.623793152747
3229.353441960692 5806.769187958799
3458.293336095308 5771.0601058653765
3802.822769082465 5655.470567012838
4205.9894570987535 5596.833311983729
4735.546727719415 5470.4427293793615
5871.81052003853 4863.736207680891
7911.554320519448 3823.9924071999635
8656.702776247728 4078.8439514716947
9293.611605951703 4441.93512176773
9797.390697021154 4938.156030698281
10283.613341621807 5451.933386097629
10847.938969326739 5435.674372295067
11552.861091343646 5295.077877983088
12301.76093211942 5251.100159224226
12968.341779835431 5333.419152284001
13602.671339074835 5365.670440760611
14207.871623463881 5394.799715610965
15103.852986906755 5104.018636557131
16136.332503040105 4967.520483866654
17597.645452792487 4506.207534114279
18105.044590969086 4998.808395937696
18624.598169743742 5479.254817163051
19150.410561282053 5474.187608461686
19759.953204174824 5390.457357107218
20454.354748547572 5305.598455627244
21103.812604827723 5350.542143719847
21688.80453257489 5415.008072252837
22206.05755967999 5482.746972894897
22941.291348385163 5264.76621129484
23633.11279984713 5308.17854853803
24663.77181202995 4969.340987817172
25926.878634292472 4706.234165554648
27117.591075740565 4515.521724106553
27697.96137548767 4935.151424359461
28268.94454635364 5364.16825349349
28789.870526843937 5479.074019509686
29462.327908190513 5327.5426186534005
30139.022415056115 5323.3054931343995
30782.6924672938 5356.329947762297
31354.470835585424 5428.221631708372
31902.799813554342 5451.671022031073
32487.885938727028 5414.91387482732
32843.63836099314 5644.2475777338905
33001.54245109746 5842.095909895696
34535.55660413521 4465.98584696225
35848.03902292903 4153.50342816843
37100.28542694556 3901.2570241518965
38337.23933756295 3664.303113534501
39337.958701171534 3663.5837499259083
40262.44643808775 3739.0960130097014
41142.099010565136 3859.4434405323054
42270.94022348329 3730.6022276141475
43486.95893714191 3514.5835139555243
44136.15114969567 3865.391301401773
44725.96108557261 4275.581365524833
45317.418275574564 4684.124175522885
45957.15964046471 5044.382810632751
46543.98684145873 5413.172799005981
47108.228029101985 5435.758812356731
47674.85416311235 5433.373865989637
48243.64154035083 5431.212622761532
48834.08906176733 5409.552478583511
50028.001179959 4806.087881808317
51273.310793345096 4560.778268422216
51852.988583889346 4981.100477877955
52406.22007799906 5427.86898376823
52989.88727287061 5416.332805128437
53467.918166225674 5521.969106644968
54012.54458407422 5455.373582151464
54620.992925091545 5391.551658982664
55164.15534413308 5456.837580958459
55584.522875413466 5579.632468719629
55889.421509831496 5695.101365581957
56042.1626114557 5847.258898375783
57022.32801469636 5019.834596759344
57703.33054751075 5318.997467185621
58425.2838919091 5278.046655601644
59162.92160337237 5262.362288536725
59934.949572328886 5227.9720310434905
60636.44953907895 5298.500033249931
61312.233650154456 5324.215888924498
61707.53024321893 5604.703406935517
61957.54434929124 5749.985893927684
62180.72134922708 5776.823000064158
62490.32506230052 5690.396286926572
