0.0 0.0
37.217966173378215 1000.0
719.8605936111926 2000.0
1764.70458495421 1955.1560086569862
2390.510334903646 2329.350258707551
2908.03052694339 2482.4798079602556
3408.7071998242604 2499.3233271191298
3960.6927842614014 2448.014415562855
4609.180837302974 2351.5119469584265
5214.880580834666 2394.300256468307
5708.6976743520345 2506.1829064826297
6230.527665378093 2478.1700089739406
6828.91729373664 2401.610371641459
7467.03599038414 2361.881303352502
8790.43540863491 1676.6005817492282
9535.382515245165 1931.6534751389781
10184.612550293325 2282.4234400908213
10743.905823182216 2440.706727111109
11264.5673876191 2479.3384355631197
11861.307904874942 2403.259482744156
12394.62866059804 2466.6792442768983
12945.013195225009 2449.61546537303
13568.021350101231 2376.991845123779
14123.181693065371 2444.839657035858
14771.652795588549 2351.528897476819
16253.343302335614 1518.3094932529357
18192.73441639046 1000.0
19074.64642418805 1118.0879922024114
19510.43859365276 1682.2958227376944
19949.40144756021 2243.332968830245
20398.17472130216 2551.226726258048
20724.445591237745 2673.729130064406
21032.323415948875 2692.122175288872
21450.542871942824 2581.78054400605
21904.027099545325 2546.515772397496
22256.62253705044 2647.404562494885
22660.014484012336 2596.6080530381078
23143.776315637086 2516.238168375253
24923.05375966426 1220.7225559728245
26226.64749575774 1000.0
27046.923871144263 1179.723624613478
27372.479666798874 1854.1678289588685
27738.79756858141 2487.8499271763344
28112.323985115072 2626.4735834663343
28392.23318212354 2720.090802991537
28717.99524369489 2674.2379384286505
29044.56520100822 2673.4300426866757
29451.015323825257 2593.5498771829657
29799.258163030576 2651.7571607946866
30666.133559379366 2133.1246036512075
30855.031513306232 2811.102046073138
33636.40862132596 1000.0
35171.140066229374 1000.0
36844.68764967913 1000.0
38144.57087164015 1000.0
39225.25570863098 1000.0
40331.32961192573 1000.0
41636.560985285214 1000.0
42371.20307459673 1265.3579106884838
43071.26530256731 1565.2956827179014
43802.446884134515 1834.1141011507082
44444.23032609699 2192.3306591882283
45050.0214048979 2394.208921199084
45614.943884900094 2435.0775199978107
46202.33907772768 2412.6048071724103
46736.04688430048 2466.292193427204
47356.21079185437 2379.836092446113
48904.251173785764 1451.9596180686065
49777.06981319899 1579.1409786553759
50358.26475206129 1997.946039793078
50904.20250683279 2452.0082850215726
51450.576809564256 2453.625697268542
51988.77716828145 2461.7996412828056
52558.61916683739 2430.1580014440697
53120.55779853387 2438.0613683035203
53638.99606482748 2481.5617337063804
53988.44311496019 2650.552949867292
54136.77536380061 2851.6677511595744
55485.75170371179 1651.023660088829
56077.99212906444 2058.7832347361673
