7 0
8 -0.6221045823292211
9 -0.6220945288637038
10 -0.6233538058624232
11 -0.47566110163259345
12 0.5531007112478987
13 -0.09302380349074615
14 -0.8283857441181808
15 -0.48438268280712693
16 -0.5316129998602144
17 -0.5790059118143016
18 -0.7445536828588473
19 -0.6875927099387655
20 -0.5610145964300017
21 -0.49450930806863796
22 -0.6612978927636003
23 -0.25703257506992966
24 -0.6724753574367796
25 -0.756499965357665
26 -0.804771220642095
27 -0.5940856677996162
28 2.8570045803934945
29 2.792935004124554
30 2.781555158637135
31 2.834388645517604
32 2.6129208194773654
33 -0.5820679833258184
34 -0.32864209492060426
35 -0.2617039639324574
36 0.5730689520328502
37 1.8116898366080432
38 -0.3682860380629849
39 -0.42863885149608605
40 -0.5123646400291786
41 -0.7837886871760833
42 -0.7751411887664422
43 -0.6610069719051254
44 -0.7914678920896577
45 -0.786877988622039
46 -0.7807727304062579
47 -0.6372093121249925
48 -0.14689930699449838
49 0.14223964305204795
50 2.0852985182986887
51 0.7617233967096311
52 2.6652816058377145
53 2.4884817069505742
54 -0.1958385509594522
55 -0.42912810156197634
56 -0.34731843048461714
57 -0.21876935102271633
58 -0.3344280690775341
59 -0.510573809000145
60 -0.40093184880969623
61 -0.3789856550427345
62 -0.35343583155650665
63 -0.7656339441546978
64 -0.4343326130749076
65 -0.42093696832333793
66 -0.5067683966632197
67 -0.6318049431444408
68 -0.7169807270421111
69 -0.7687399979074481
70 -0.7429782279461794
71 -0.4418480800308813
72 -0.3524859877658963
73 -0.3822990672010346
74 -0.5299252321158359
75 -0.657282073224769
76 0.4324392881128882
77 -0.4511886949700218
78 -0.6354206468189655
79 -0.00902541899786991
80 0.3322903746664799
81 2.9910696946525777
82 2.6646983981386994
83 2.709316538966038
84 0.16148638721652447
85 0.054749665259287796
86 0.13829661498017695
87 0.1939224553308662
88 2.0257244039287343
89 2.281641700106101
90 0.31219108444682975
91 3.010456520224117
92 2.9418405617068197
93 2.918947095085589
94 -0.6055073363024618
95 -0.622997364632956
