1 0
2 0.06718420630690486
3 -0.42530864295386406
4 -0.5011959720300467
5 -0.6206943314988873
6 -0.6243710708307524
7 -0.40568940808829995
8 -0.44830956875314
9 1.156977537734907
10 2.411019016491857
11 -0.29748378840426454
12 -0.16335492058188286
13 0.056537841309450346
14 2.020039734561521
15 -0.29289684302312485
16 -0.31134709645272984
17 0.22058983323053866
18 -0.6844869046498481
19 -0.47700538874935605
20 -0.4894344004014165
21 -0.40886801106720033
22 -0.6526322239844363
23 -0.5652614148884676
24 -0.7149709584648315
25 -0.4536895437547669
26 -0.48141693749477826
27 -0.5920161601111477
28 0.2573404627582658
29 -0.19461229087254217
30 -0.008355024520236433
31 0.08190954954300493
32 -0.40549811595790247
33 1.4898982528756433
34 -0.7291691997659396
35 -0.7088976341706864
36 -0.72596288272949
37 -0.5284526389394535
38 -0.7382480067411866
39 -0.7062986325269126
40 -0.3440398796053749
41 1.3620526036483738
42 0.821252987447242
43 2.7768648226298875
44 2.3130519874602875
45 -0.10805754108345969
46 1.7304700265647484
47 2.695261505246794
48 2.241042032096092
49 -0.2823738175527682
50 0.49307735367937616
51 -0.4062407201447493
52 -0.41916099269905877
53 -0.17082270114010872
54 0.19782092186151956
55 2.9479186143559777
56 2.932540946076384
57 1.9343623156588812
58 2.821717936400785
59 -0.42088790594145287
60 2.892242933161472
61 -0.2671899537060139
62 -0.3441313267325081
63 -0.13470868233253205
64 -0.16954537428472827
65 -0.3909675695136719
66 -0.32557303601521875
67 -0.5864746924549202
68 -0.3733887455928654
69 -0.3970653587166353
70 -0.45943765533133496
71 -0.40328917499563877
72 -0.3026536738839094
73 -0.3011499933481048
74 -0.3428904687587769
75 0.4551111792582087
76 -0.28277018905757806
77 -0.4861175152920997
78 -0.4045084857187764
79 -0.4269277522443468
80 -0.4457163693791081
81 -0.7859071026897749
82 1.8730932242820535
83 -0.4989396174713708
84 -0.6613596099553521
85 -0.4737672334939715
86 -0.5104289634481081
87 -0.6240225187956192
88 -0.5646329179183358
89 -0.5269958023186431
90 2.623515382724829
91 1.7071634994694194
92 0.16624604862484657
93 0.297989453591217
94 -0.4229124508728656
95 -0.38459914237574855
