1 0
2 -0.5724100988605398
3 -0.6228333592460368
4 -0.6247141626339769
5 -0.6425704551596257
6 -0.46261393854281285
7 1.7881634298039575
8 -0.6144863040376811
9 -0.6589547179693769
10 -0.5012868353121706
11 0.03530173745858782
12 -0.3370504964444898
13 -0.7776720332994641
14 -0.7282111000694322
15 -0.6738697169691106
16 2.1344039033050026
17 -0.5873807697849753
18 -0.7032416238785497
19 -0.42493016162511
20 -0.31829046701678343
21 -0.5044365581901183
22 -0.4130318229031755
23 -0.33024434430756
24 -0.5198133445799036
25 -0.545036635055194
26 -0.6642770186505481
27 -0.7393627050111484
28 -0.12250805786449984
29 -0.48155459900671715
30 -0.5046319257453937
31 0.006264208183221847
32 0.9407721325684679
33 1.5754532612457388
34 -0.70841604951324
35 0.44053775431799247
36 -0.4373919200287347
37 -0.4956893129886919
38 -0.6116674473441417
39 -0.05274696310883995
40 1.220743566672614
41 -0.31440810672414693
42 -0.47602525896305226
43 -0.672592419933323
44 -0.4333978874297352
45 -0.3782418873608409
46 -0.4866220032036208
47 -0.3749197987911256
48 -0.1334164007590945
49 -0.287286733897348
50 -0.6825380070230765
51 -0.17554438275778314
52 -0.32718415703140025
53 -0.7482398327658768
54 -0.46777084973205524
55 -0.3710866813614191
56 -0.48428874777115427
57 2.571798316643275
58 -0.5314837383353701
59 -0.191255685757951
60 0.4060307654111845
61 -0.4654057033760764
62 0.803554129580767
63 -0.37050850449210104
64 -0.18642350149261444
65 -0.06649448232078733
66 -0.4239334635968826
67 -0.811838702331078
68 -0.4679103946169017
69 -0.1442448482413814
70 -0.7814557289373567
71 -0.7004889649394247
72 -0.5999438331734835
73 -0.19356116624258107
74 -0.5664100168754285
75 -0.511628040016662
76 -0.5353300793759409
77 -0.5075108396950949
78 0.20740099557609384
79 0.12164356180275608
80 0.24551310984649888
81 3.0690250337514224
82 0.22453574711342575
83 0.22014215433271864
84 0.1083563403501074
85 -0.18518168997495343
86 -0.10236109840991597
87 -0.5621901676716439
88 -0.7788099378947245
89 -0.7749914213306474
90 -0.7169516327070901
91 0.48663736894127524
92 0.37934263082867525
93 0.5251314228683778
94 -0.6233171820785158
95 -0.6200431363884268
