1 0
2 -0.44281732640217286
3 -0.4761766920937502
4 -0.5543795887166585
5 -0.5971360386791563
6 -0.6708678680806056
7 -0.6198659735545727
8 -0.4658832837093753
9 -0.3333207992490555
10 -0.4394635652861105
11 -0.47268921538658026
12 -0.43920435869621116
13 -0.37690840665848996
14 -0.43738161699263856
15 -0.7749665046670532
16 2.3707410178876
17 0.0412622125338352
18 -0.7260390737178686
19 -0.715552150849965
20 -0.5359070981660653
21 -0.47085050644454696
22 -0.5239361743502617
23 -0.7262313473576731
24 1.8496075003081762
25 -0.6947854904916977
26 -0.11782242177908346
27 0.9127430482005168
28 0.4483074215547832
29 -0.3017135552893386
30 -0.4683507590936556
31 -0.5602008116593188
32 -0.41331297141138323
33 -0.33607375883641466
34 -0.17415474323533955
35 -0.2724010395553966
36 -0.4510794935946349
37 -0.23114728527535391
38 0.6595285207475365
39 0.05325441328770244
40 2.9189355734640707
41 0.012521516801614922
42 -0.023502650370105807
43 0.24025247798962346
44 2.1824851620722727
45 -0.46095733900862135
46 -0.3113764327204487
47 -0.25438688827981726
48 -0.5086523581623432
49 -0.6429380430806672
50 -0.5909208071725506
51 -0.59099717874986
52 -0.19109715396979612
53 -0.727341682259925
54 -0.40420564712834456
55 -0.4053857830095023
56 -0.09413244448747891
57 -0.1813797396218067
58 1.7060169507715137
59 1.9392243651054337
60 -0.49980191672075497
61 -0.4717466665746987
62 0.215719903771135
63 -0.12433975758509197
64 2.0985924338786344
65 -0.3203140764558766
66 -0.6568441945377262
67 -0.7855832449051252
68 -0.7558194400195837
69 -0.4690993080256595
70 -0.6724569720576373
71 -0.64771272347907
72 -0.4746311893771876
73 -0.4863928235599078
74 -0.4039566992712756
75 -0.33503897491347634
76 -0.05426465406656853
77 1.686294087540122
78 -0.48061818956648783
79 0.0739885840879317
80 0.32202752377367716
81 0.3760573499162533
82 1.9016556653396552
83 2.6091212208927086
84 -0.11997498727189557
85 -0.3553770408648799
86 -0.5912120377028919
87 -0.13069713078635503
88 0.2372778815784416
89 0.23787366807718427
90 1.5374788568550641
91 0.45017954537607663
92 3.0057471207535604
93 0.39427778086126863
94 -0.6195270604966708
95 -0.4351692415021523
