1 0
2 -0.4138897254186331
3 -0.4292630501874376
4 -0.5657432412678014
5 -0.6139929920679276
6 -0.5388494094034578
7 -0.42003823762324516
8 -0.4607763180608842
9 -0.3925133448972161
10 -0.26781314097361003
11 -0.21622944526819135
12 -0.15306266830700485
13 -0.10446557933867019
14 -0.46264165970547455
15 -0.2419135968765874
16 0.49491194989375265
17 -0.14437431901608755
18 -0.10714257915848219
19 -0.1785229848322478
20 -0.34339167435752815
21 -0.4355312784241736
22 1.1932883506300938
23 -0.29514666706573894
24 -0.32039229705452227
25 2.7270019513521064
26 1.9021211460963423
27 -0.5511375492503732
28 0.2676194976676413
29 -0.2801279958891641
30 0.6942592357068059
31 -0.3425269805820625
32 -0.20258574162750903
33 -0.6426293253948893
34 -0.8287603836284083
35 -0.5856953565332332
36 -0.3054092150305459
37 -0.1778852978683608
38 -0.46153005075406833
39 -0.5777401111776644
40 -0.7110925535896291
41 -0.38038739717507947
42 -0.5456369300551756
43 1.8594876938635094
44 0.3950622695313096
45 -0.5235270130378192
46 -0.38639995705302693
47 -0.46516689897843483
48 -0.524271501628415
49 -0.08390752033843167
50 0.05762452066115417
51 2.172845873837437
52 -0.5384701709185843
53 -0.4987618457531265
54 2.8408566240949966
55 2.806972166913269
56 -0.30257603561560925
57 -0.42587879241961324
58 2.9313680245430174
59 -0.43663697573647453
60 -0.4328713733134994
61 -0.7418937225742275
62 -0.5831339795168019
63 -0.3771255467185389
64 -0.40286605718537954
65 -0.46787504752248243
66 0.14205185542137153
67 0.41525918117866667
68 -0.6612857080193801
69 -0.5190332491405266
70 -0.5594169481965572
71 -0.596774089122004
72 -0.4544258897884005
73 -0.31991258645962356
74 -0.40027878626523766
75 1.025048856763491
76 -0.45030757323399556
77 -0.5575979692516844
78 -0.5912767012563622
79 -0.5062591468370958
80 -0.47375334954082804
81 2.2704560539581573
82 -0.7189825598279382
83 -0.5515008597364297
84 1.6648923487901583
85 -0.6787924553562845
86 -0.5538463061216666
87 -0.5917721102727601
88 2.8619159425518457
89 -0.4113176961335775
90 -0.27080295600426485
91 -0.4456856127262052
92 -0.446055105020713
93 -0.5946910058073271
94 -0.45462622962506216
95 -0.3914596675028018
