12 0
13 -0.46898873534884566
14 -0.5783512555425948
15 -0.6225479023477413
16 -0.23663237858961353
17 -0.3719722430774305
18 -0.3401628066030789
19 -0.4355456379726016
20 -0.41693399246354285
21 -0.7572096037450315
22 -0.8388941817065632
23 -0.4853694170775341
24 0.04651627156560819
25 -0.38971207218093823
26 0.03970316557191605
27 0.18940542685921616
28 2.9733867581668654
29 0.31220704699950885
30 1.698480875406395
31 -0.08895171363229615
32 -0.512032360954829
33 -0.34095471252647086
34 -0.2333970909569809
35 0.06814686187027322
36 0.08368504168341653
37 2.9915972617320072
38 -0.2024513045946588
39 -0.3384060934717945
40 -0.1282977011720449
41 2.446285370413587
42 -0.29862351105742857
43 2.631677761577313
44 2.2747132688072615
45 -0.7680343267572678
46 -0.6077612118271553
47 -0.3810860538519388
48 2.8900662538226998
49 -0.3585183435780396
50 0.013493140668925103
51 -0.5232774525456279
52 -0.6908135338625483
53 -0.8116979830993636
54 -0.7322472816449286
55 -0.3742998625479017
56 1.5382902728953434
57 0.24996694343582934
58 0.8652469429021435
59 -0.5170243141294295
60 -0.5041220910679705
61 -0.36068609317802297
62 -0.7656634302866597
63 -0.15513173169296096
64 2.6351576286560374
65 2.7558921022834375
66 -0.30358450443349144
67 0.5505126956965535
68 1.879821434561495
69 1.219755041903129
70 -0.6131304989067876
71 -0.7466121753595164
72 -0.7423661250656451
73 -0.3294012774364849
74 -0.46216309995157095
75 -0.4172728409313363
76 -0.30260261144262735
77 0.00670774864283171
78 0.07354173161041526
79 1.7501178931280095
80 2.2023556162538074
81 0.12709458231480203
82 -0.4701579987746289
83 -0.6979143606802782
84 -0.29157557466862427
85 0.43496987026705897
86 0.5132544049268235
87 0.37324634376376187
88 0.5429173002967234
89 0.4874122927991915
90 2.97461970843585
91 1.7506704829368485
92 -0.40058922523746704
93 0.6012352718297489
94 1.5608468828307624
95 -0.6601696669134305
