1 0
2 -0.4505776826408387
3 -0.5346640604001037
4 -0.43635810581350226
5 -0.586446174430598
6 -0.4772026349793839
7 1.7506608107115236
8 -0.45839431698896427
9 -0.4233231167419165
10 2.879839406174016
11 -0.23518074464330407
12 -0.3815795090604442
13 -0.4711051373141052
14 -0.3987918341553101
15 -0.3442029547079701
16 -0.15385198019739613
17 -0.14200265052332625
18 2.6977395764417134
19 2.6650855828935063
20 -0.3458719315114955
21 -0.45601691865261673
22 -0.6430937471981087
23 -0.19059396469227574
24 -0.2871713835298296
25 -0.664050988461577
26 -0.6671241140823583
27 -0.6330730561964105
28 -0.4651523897124247
29 1.0448564189022045
30 -0.016042424762938923
31 -0.07404136962752875
32 -0.3063192669044564
33 -0.3397619242147043
34 -0.31443528166525775
35 -0.5562778254934986
36 0.3034830125117657
37 -0.16939895366787042
38 -0.21003718660655152
39 0.009965285052457582
40 -0.011141459284197703
41 0.018632169347731813
42 -0.05854944530685052
43 0.051666454706715804
44 2.921006638626449
45 -0.07798563119844969
46 -0.13801995732174144
47 1.2129648517096767
48 2.8568799588529985
49 2.2221453881487134
50 2.9270013622818185
51 -0.038315814457098495
52 -0.14531499990403693
53 -0.22350495902378673
54 -0.2446070215874281
55 -0.26059951492127664
56 1.7839306577170588
57 -0.27485125644596564
58 -0.24745761697181415
59 -0.13809165502989723
60 -0.10366444987028788
61 -0.10679773494348237
62 0.7168082466688718
63 3.0030107251948817
64 -0.30602986157686807
65 1.003674416497577
66 1.808053630466089
67 -0.43535304352558085
68 -0.6030395040076761
69 -0.4692509371008444
70 -0.4999789142591219
71 -0.5094577524218128
72 -0.3728314655564726
73 -0.2671079520395411
74 -0.507232674630806
75 -0.4619550457294714
76 -0.7194144989201228
77 -0.7436514188359489
78 -0.7578013402382326
79 -0.7033270522399897
80 -0.5543609807799986
81 -0.28808120096484363
82 -0.47795118001505904
83 -0.39018597523234483
84 -0.45185727403238846
85 0.3892553949221481
86 0.18364817678831755
87 0.175727559268321
88 0.28220352067120347
89 2.9670325719535935
90 0.31884706413116004
91 0.3047636217594474
92 0.4265175604196505
93 2.9745812654873522
94 2.9006309836474973
95 2.9178682390301898
