7 0
8 -0.4724272630711688
9 -0.49817778614716096
10 -0.4605248367857228
11 -0.4730389704710166
12 -0.41047424550713596
13 -0.3778754025226959
14 -0.4643126842360347
15 -0.7776081441518392
16 -0.4584976421363388
17 -0.3609225055889682
18 0.21374154555954789
19 -0.39144586260236464
20 -0.36354673142055655
21 -0.4235273534706957
22 -0.42101261106524374
23 -0.4068940468567381
24 -0.15154216724142006
25 -0.4586029251195981
26 -0.5330079156250762
27 2.818460825624415
28 2.843035525699059
29 2.805123168532029
30 2.849817191519938
31 -0.5957057949886221
32 2.8087257784043005
33 -0.8295640258069886
34 0.38987560358067985
35 -0.5308828174235785
36 -0.3696104668652366
37 -0.21060367879955685
38 2.791066444348481
39 2.906281665661608
40 0.7964579960726738
41 0.23957108932138824
42 0.22049488843431367
43 2.264621658547285
44 0.16325743884929164
45 -0.0024053092890893653
46 2.996714022329109
47 2.992539814653199
48 1.6327387837800527
49 2.9283146716567057
50 2.970422944090281
51 2.801161731700016
52 0.9744449401919151
53 -0.23822662590660726
54 -0.08586863809280723
55 -0.2142253405989227
56 1.53880501854012
57 -0.005970749622218504
58 -0.26082554224088145
59 -0.05910585391024303
60 -0.058899825622007934
61 -0.3902765571140164
62 -0.3851918001769995
63 1.5916422610064893
64 -0.016733887997190455
65 -0.0750719613260939
66 0.3370857320194108
67 -0.27748786574033796
68 -0.24383910123847038
69 -0.41099952617659385
70 -0.5972348927665967
71 -0.5806339090573042
72 -0.4565843956652843
73 -0.5368605388826192
74 -0.4575530091025463
75 -0.4452122407686359
76 -0.5299062332362494
77 2.017101299151542
78 -0.007160030806127979
79 3.238070384967457
80 2.9949407488279753
81 2.989837860609252
82 0.42246197861352813
83 0.2862969825194304
84 1.2749414107503352
85 2.9735434416519038
86 2.955804033045662
87 0.3698077842977161
88 0.2367977381392269
89 0.38699016583766693
90 2.9953029530985624
91 3.03034844139634
92 2.9752655005439776
93 2.974838414035317
94 2.758282302057826
95 -0.5782547895314475
