7 0
8 2.322494315695693
9 2.4603048129111498
10 -0.38098547389886533
11 -0.6189191928554985
12 -0.7540745545037959
13 -0.7342305509773546
14 -0.6120358385646025
15 -0.6542942748115966
16 -0.4448918075539106
17 -0.7459365199444903
18 -0.4454376007841291
19 -0.5635681239918785
20 -0.3011622089294056
21 -0.7276242195293093
22 -0.7174786268481752
23 2.7376008651010313
24 2.550498386146836
25 -0.7145867456696631
26 0.8379044692295579
27 0.13918204204620727
28 0.1953477811618238
29 -0.031534008960070914
30 3.0663616465589714
31 -0.4403419517167493
32 -0.49276510768920523
33 -0.5182014290811678
34 -0.4750298615902797
35 -0.51498832611003
36 -0.4186065755937431
37 1.7075057253217067
38 1.145565156976655
39 0.18189293506019363
40 0.36650551123484976
41 0.1980083739259827
42 0.2610792744366596
43 0.8067675552771957
44 -0.5034145713224425
45 1.6600345167205979
46 2.813017466659183
47 0.02861163944741098
48 -0.24548122631594396
49 -0.5190687816542582
50 -0.6464782228781469
51 -0.6971007917265059
52 -0.6997286931812029
53 -0.37993628947916425
54 -0.5288955081606772
55 0.05659565108366754
56 2.83472496438814
57 2.856971493530152
58 -0.3842137671156778
59 2.848922748333679
60 -0.6200883268988683
61 -0.40354578183759193
62 -0.001252583326015954
63 0.0701522293626151
64 2.1312683472030103
65 -0.05165186773754987
66 1.3310587599324617
67 0.887039219995074
68 -0.633505699062282
69 -0.7404954649785939
70 -0.724494081918647
71 -0.5480310987752849
72 1.817868027432466
73 -0.4661782266859453
74 -0.6041608241316316
75 -0.36302597244962453
76 -0.5409507837952109
77 -0.1302967041830737
78 2.286529033443262
79 2.7618927995442597
80 2.8350302345880305
81 0.4721989887116449
82 -0.14743431369048196
83 -0.6388527528834964
84 3.0121983819304705
85 -0.14946770856900737
86 -0.5811485582125386
87 2.6848870145721344
88 0.4365246891882096
89 0.44505760938597433
90 2.934243643998444
91 0.3654739353370106
92 0.9568785707998931
93 1.2866224906869241
94 -0.618958409405272
95 -0.43465278073132696
