1 0
2 -0.619828092196012
3 -0.6197108865983473
4 0.7271372762325055
5 1.9661417805181216
6 1.9563674868792034
7 1.9457605959987183
8 -0.6513934242792482
9 -0.48268263312728693
10 -0.43586187045902675
11 -0.20371417800756336
12 -0.4114668617157878
13 -0.3429334832250517
14 -0.43545853831199194
15 -0.7860462527033024
16 1.469023571590925
17 0.9507168278131723
18 -0.18597575562111093
19 -0.5049573515754617
20 -0.6343790917623712
21 -0.3397375991826892
22 1.8800000879710617
23 -0.6425085342963481
24 0.2886303192848181
25 -0.4683645898475251
26 -0.4580176326835005
27 -0.6045829449784172
28 -0.6160762958704464
29 -0.06763726100504887
30 -0.13496473266932607
31 -0.42239904413572055
32 -0.5820150434838781
33 -0.35796280055662455
34 -0.4357150117014089
35 -0.10889042469067091
36 -0.06331608285726857
37 2.0950254328237943
38 1.7068915313208464
39 -0.4252185867916915
40 -0.6474879576339528
41 -0.6653190359580328
42 -0.5164099288352576
43 0.41688591667315805
44 -0.5077813208608424
45 -0.5264252332100301
46 -0.6500402228333235
47 -0.753876156796385
48 -0.7915155748875025
49 -0.36621972237818623
50 -0.39111132706680385
51 -0.39814594154076877
52 2.891722025347077
53 -0.37263516944688585
54 -0.048385427352479235
55 2.656525826488602
56 2.8405419302500388
57 1.2364554199196127
58 2.9843533058895844
59 2.7362366383675925
60 2.883079020028589
61 -0.13086803796250723
62 -0.3442615953588959
63 -0.4745665144586279
64 -0.5516187306535337
65 -0.5915781269706772
66 -0.5075917799041264
67 -0.3608125947383746
68 -0.4259288176214296
69 -0.4677089879513495
70 -0.5296925413487913
71 -0.4858873656074437
72 -0.4903589562711213
73 -0.47760412011099035
74 2.36908687030745
75 2.641173656448687
76 -0.31434975096013745
77 -0.46422383538275613
78 -0.29089803546257276
79 0.10460546844888037
80 0.2797200441177849
81 0.3145314686912315
82 0.7077309907716962
83 2.9757494552318557
84 0.6740111014897245
85 2.560682446152042
86 3.0461350437663635
87 2.7415032075687873
88 0.4360158512471006
89 0.2904139044669951
90 0.3223019194159196
91 2.9629295590682485
92 3.0170592395962235
93 2.9826195860028717
94 2.7965556176588064
95 2.88777708634793
