18 4.503809848285201 0.39711090456292425 1.5 3
19 10.635712308132463 0.1440787844441977 2.5 3
20 13.438119134398836 0.015813796039647117 2.7710165205004667 3
21 5.445266151061895 0.4491359733768504 3.0305499930860753 3
22 0.11033505486179962 0.9779838890435961 3.3639633165567866 3
23 6.154652767914146 0.5798523218919943 3.5 3
24 1.1679669462978497 0.8661717819337994 3.5 3
25 1.072543225204102 0.8812713729952328 3.5 3
26 3.194221521795253 0.7442354872959107 3.5 3
27 4.0816008029934885 0.8054697917177887 2.566521148369684 3
28 22.94397164861686 -0.15797010068840142 2.091408896554192 3
29 4.507475110113588 0.7154119206344779 2.5508152782045617 3
30 16.785887052975173 -0.007207728215890162 3.063036851579924 3
31 6.312687068272344 0.529139162102303 3.5 3
32 8.353055462820809 0.45081970470689703 3.5 3
33 3.950496766263644 0.6778380757209024 3.5 3
34 2.7746999241624577 0.7831133534831665 3.5 3
35 5.749659643109304 0.7251498664698507 3.5 3
36 15.741645908083722 0.14880310440763023 3.5 3
37 14.782060739744942 0.1958670054647316 3.5 3
38 23.054779253528757 -0.15839208090286352 3.5 3
39 23.22440738405588 -0.21075342543535794 3.5 3
40 12.261954164526163 0.29256455548074123 3.5 3
41 23.367850288195125 -0.17127135084135178 3.5 3
42 8.927213866754508 0.4055448986091152 3.5 3
43 7.345615171181058 0.444771235025175 3.5 3
44 8.495011711681705 0.4760339150304167 3.5 3
45 6.915847936532838 0.5261528071405921 3.5 3
46 0.6882933793047332 0.9175653633656916 3.5 3
47 0.0212305590555113 0.9978333136638337 3.5 3
48 0.14422654263176682 0.9685910138619996 3.5 3
49 0.5729272273284582 0.9588654222438803 3.4425869085577943 3
50 5.061090099229756 0.6054434931805407 3.473431859778757 3
51 3.9772891784682605 0.741279916054982 3.5 3
52 10.329773097782779 0.459869708941278 3.5 3
53 2.404118044927082 0.7753113594296708 3.5 3
54 12.946184962311882 0.2764529803574678 3.5 3
55 2.041511667224432 0.8190782874675261 3.5 3
56 23.397313596643592 -0.16197805038279628 3.5 3
57 3.5487090297719304 0.8125181529551102 3.5 3
58 3.626143513562191 0.7396891866409288 3.5 3
59 2.5392516915963075 0.823472782056821 3.5 3
60 3.8491143570905955 0.804237826504261 3.5 3
61 9.006374335275837 0.22480991064606334 3.3872106170074767 3
62 7.640629240274788 0.6553624719962206 3.425988406989214 3
63 7.13863611135139 0.665358567573556 3.5 3
64 18.6860315892193 -0.13740153102072997 3.5 3
65 23.23626794736073 -0.25085284218693443 3.5 3
66 22.859397893665356 -0.1752993848037004 3.5 3
67 23.058216006553252 -0.28174976923292705 3.5 3
68 19.83101925502415 -0.08473052238070591 3.5 3
69 22.67749501246498 -0.22865481403660043 3.5 3
70 5.301144816830098 0.544333297462181 2.0756481282830936 3
71 6.632229777090628 0.41235800747347773 2.6703993943342503 3
72 5.164815301470939 0.4719393953521126 3.2564103376508573 3
73 1.1511074973362048 0.8530635647833883 3.5 3
74 18.97759002890042 -0.09233816231023607 3.5 3
75 13.682622723182524 0.2958797630750401 3.5 3
76 8.648587183575053 0.5526148730917879 3.5 3
77 1.8995355611838 0.8317282737020397 3.5 3
78 15.655008065013373 -0.0260603374703875 3.5 3
79 21.188967824262086 -0.24765104530971419 3.5 3
80 16.342842421789385 0.006619649374552662 3.5 3
81 20.059460933567962 -0.19442836089208546 3.1439470359513506 3
82 5.85011811497191 0.6307850032905618 2.0077008158336103 3
83 3.227219611322199 0.8030514322761231 2.315599761234684 3
84 8.648572509610242 0.45001568948135195 2.7933541728797864 3
85 23.326280237831696 -0.18224529551766397 3.2778356087575666 3
86 21.075760370701875 -0.14837720560192538 3.5 3
87 10.221669747034287 0.32571612778022224 3.5 3
88 0.38637418052081873 0.9178807014291426 3.5 3
89 0.11228964260232388 0.9903192212694533 3.5 3
90 0.10582408960656853 0.9752466766606738 3.5 3
91 0.698625203724804 0.9451658895708507 3.5 3
92 0.5167454363198898 0.945189519514852 3.5 3
93 0.15475992464515276 0.9668688675207854 3.5 3
94 11.980977641580305 0.4169281926077705 3.5 3
95 23.26484646811826 -0.15009074039325404 3.0297788063000772 3
