12 3.935844310403163 0.5033446433041939 1.5 3
13 15.553825820185704 -0.06215284088285869 2.5 3
14 22.8323954943063 -0.16986043187222652 2.875837980691842 3
15 17.010180424383318 -0.01721289131437928 3.3025628947419317 3
16 23.395204530778727 -0.1562406771289912 3.5 3
17 21.438990851427718 -0.23415560008318212 3.5 3
18 17.232132532345826 -0.10814181472476204 3.5 3
19 4.620096766117895 0.6267515748049005 3.5 3
20 3.4880941965249974 0.8134260211544401 3.5 3
21 10.348788430441262 0.44330469799581756 3.5 3
22 15.319903929395785 0.15321934821426228 3.5 3
23 1.558903306030114 0.3223846286883029 3.2430838816094982 4
24 9.763454585304386 0.34729153825143316 2.983351293742129 3
25 14.698577227751656 0.08852402550898315 3.255515644679781 3
26 3.565308247430978 0.3097177910223727 3.1410595752996597 4
27 12.693575449738368 0.12362208714116588 3.5 3
28 2.031776145374174 0.8446778314981626 3.5 3
29 1.340487209120389 0.8876390817688999 3.5 3
30 0.2191483100261955 0.9714769537263631 3.5 3
31 0.2459708572537478 0.9407428829092164 3.5 4
32 2.022451135491168 0.8575464054816736 3.5 3
33 1.1712217666949103 0.9293543512337944 2.7397778460569606 3
34 1.0797680368550369 0.48341198314888995 2.8682536947679544 4
35 0.9353193825782755 0.9342699866404623 3.4799893257837504 3
36 1.8897977043033238 0.8712436105623429 3.5 3
37 1.6279475991414127 0.8730393559326712 3.5 3
38 0.289029628867449 0.9905030735323102 3.5 3
39 11.760524265857473 0.13046311524197995 3.5 3
40 10.085426516445938 0.4157529585212663 3.5 3
41 4.345749636093132 0.6913908606024806 3.5 3
42 11.653242327348789 0.2878847252578885 3.5 3
43 6.886756627657638 0.558808427498952 3.5 3
44 1.9833339740016047 0.6080927594319805 3.5 4
45 2.314237968491155 0.7992297941368439 3.5 3
46 18.63391250327574 -0.11199156380537023 3.430333016713783 3
47 0.285601890646479 0.9042357488592159 3.5 3
48 0.16500998532589328 0.9699708145439316 3.5 3
49 0.34035581531248216 0.9616480202807551 3.5 3
50 0.08677160925269956 0.9821078623314544 3.5 3
51 0.03613584242635692 0.9951957377724123 3.5 3
52 0.02191706216306688 0.9951179673021652 3.5 3
53 0.611205912595481 0.9505006422734884 3.5 3
54 8.73926096058967 0.490075878912819 3.5 3
55 14.395154402063309 0.22221203486103988 3.5 3
56 14.802008458590173 0.19398506896770545 3.5 3
57 13.920243980946612 0.010395937660734156 3.5 3
58 16.724010736895146 -0.07838709009517597 3.5 3
59 16.569952230041643 0.003444695201153516 3.5 3
60 0.27055068718591446 0.9593044425208526 3.5 3
61 5.205991067525163 0.6828321270195333 3.5 3
62 0.14997610860273092 0.9875827406551159 3.5 3
63 15.08232806593431 0.01412240607736091 3.5 3
64 6.714516500996343 0.29384554133074076 3.4446334679257706 4
65 1.76163127475741 0.8871119449059985 3.0022318214557235 3
66 12.881530295658894 0.1918034260939707 3.0271597588605217 3
67 2.561919957441652 0.6704941179432641 3.3523135649063116 4
68 0.7528954543341486 0.8951515832434016 3.5 3
69 0.14501910128272577 0.9808373365407409 3.5 3
70 0.018265763241783972 0.9944990441323276 3.5 3
71 0.04218426368269146 0.9909750911863419 3.5 3
72 0.7824329738290334 0.8889052895039139 3.5 4
73 0.056747076720309764 0.9953201610418284 3.5 3
74 10.402612382889965 0.42469174333412724 3.5 3
75 17.21370305636049 0.08061252410629799 3.5 3
76 16.98856496285414 0.1201279972807743 3.1458874232844973 3
77 7.205283560229203 0.38711202864759053 3.390245632210266 4
78 11.544068631836186 0.15698890249604439 3.5 3
79 18.761729384569428 -0.11717879655084439 3.5 3
80 2.053861541419896 0.8220275919538135 3.5 3
81 5.454512794959585 0.638867820975811 3.5 3
82 0.0010978832767607472 0.9999452190924588 3.5 3
83 2.5856737324071 0.7377736390114321 3.5 3
84 3.732025854214217 0.7540416136251101 3.5 3
85 1.4597606390450144 0.8646050674605226 3.5 3
86 4.1840204083620565 0.7083592760463664 3.5 3
87 1.2886372736524718 0.9019155090671871 2.969731737083421 3
88 0.18620849555471874 0.9581704893523757 2.0473323810650035 4
89 0.1603651289291257 0.9692054496281218 2.1053246665246697 4
90 0.16512289574962224 0.9604058602177028 2.612966354424032 4
91 0.5709787394055468 0.9341771627949979 3.1205983412199276 3
92 0.7123651581759427 0.9327078198327828 3.5 3
93 1.6663201179598595 0.8913723483197834 3.5 3
94 0.6174703919877889 0.9185650050528525 3.5 3
95 3.541869183465546 0.7665372460549523 3.5 3
