18 14.125259248537285 -0.03400698541004805 1.5 3
19 23.34222783431226 -0.1847396441779775 2.5 3
20 21.869157933527365 -0.22497595930856681 2.8816173798502787 3
21 17.224524713433766 -0.09168565163286675 3.278325616146143 3
22 17.691311697748308 -0.11770254366023301 3.5 3
23 2.630723387339554 0.8077996597094452 3.5 3
24 9.647552365423293 0.449647723402015 3.5 3
25 8.61866156934613 0.3756548126647568 3.5 3
26 21.999190972921127 -0.2884412731336739 3.5 3
27 22.499717180819086 -0.24552788614524057 3.5 3
28 18.831997432902373 -0.00857933718716306 3.5 3
29 16.62948125939348 -0.0832512192015181 3.2434494447191717 3
30 20.703987493041716 -0.20095413405394372 3.5 3
31 13.595517973095994 0.06278898505634525 3.5 3
32 17.61936295132364 -0.10198342167505678 3.5 3
33 6.943391503348905 0.4084473599179654 3.5 3
34 15.475357741999048 0.16515604018808164 3.5 3
35 17.921122911007963 -0.1434450166555512 3.5 3
36 21.643484044877706 -0.16316905034179227 3.5 3
37 22.79412153851539 -0.25821350704775875 3.5 3
38 15.71303887613654 -0.1393558922917383 3.5 3
39 23.397887078511484 -0.16017885026533385 3.5 3
40 23.325298182306625 -0.2479392899035919 3.5 3
41 23.28748717784343 -0.1776558874650405 3.5 3
42 9.06397195164517 0.5637635665343897 3.5 3
43 18.268498443807324 -0.013950456731154328 3.5 3
44 21.693954376359365 -0.23027151647559704 3.5 3
45 14.597045801730658 -0.07535255567683015 3.5 3
46 14.545625810393208 0.018715493365326852 3.5 3
47 2.6772771633814685 0.7987769515692963 3.5 3
48 17.91890613956344 -0.13978422470155766 3.5 3
49 23.283975864656554 -0.16872897158875677 2.704364371511336 3
50 12.884614189659509 0.012746182083541894 2.7110416071628936 3
51 5.087935458023679 0.4658587311013604 2.9004105001672724 3
52 15.186687149751595 0.13911069011186014 2.992716103898638 3
53 13.191666140936661 0.21711265826249873 3.3423126689153504 3
54 5.795178742485084 0.38803453315030395 3.5 3
55 13.54558600174721 0.03349325826936869 3.5 3
56 23.168408311877016 -0.18306482689000927 3.5 3
57 13.396050924981786 0.27558928779212993 3.5 3
58 21.06641548848571 -0.1153943974539685 3.5 3
59 13.01002119214988 0.08906929815466297 3.2191237469436236 3
60 15.178069592711262 0.04752890940901001 2.929885230943495 3
61 2.8641118916756305 0.7949230403153624 3.1411208276098552 3
62 10.028651382501629 0.1659653012628351 3.5 3
63 15.960124547308956 -0.0494971053262931 3.5 3
64 23.172402778924702 -0.17782245206942934 3.5 3
65 23.053875555686723 -0.1829432298969362 3.5 3
66 22.985877398172928 -0.20334809897999398 3.5 3
67 15.045963443294145 0.006077800454744246 3.5 3
68 8.834367998268469 0.2831923629074653 3.5 3
69 5.1037835364098685 0.46855756489783895 3.5 3
70 4.55544734545853 0.5177279161801933 3.5 3
71 19.091213165498957 -0.13152585975343226 3.5 3
72 23.104154447425056 -0.1994864927288509 3.5 3
73 23.130588298618708 -0.1917781886844381 3.5 3
74 22.882983574565245 -0.1607083730796323 3.5 3
75 18.982933940647868 -0.07510698737761655 3.5 3
76 4.855290756204498 0.5827633105273042 3.5 3
77 17.044184786219056 -0.01912161551920932 2.625746228431439 3
78 22.41408269189369 -0.1762549547667598 2.0873771365334104 3
79 3.6112796021614244 0.6587703688868229 2.5499074234677246 3
80 18.45798968651386 -0.13355071625758155 3.015029942626861 3
81 16.2112725912364 0.0502985127121742 3.5 3
82 12.764722969875535 0.30727287114123925 3.5 3
83 5.1074901125691365 0.5303580134497273 3.5 3
84 6.379667262914458 0.44120735792062105 3.5 3
85 17.626279093375075 -0.10617219079270807 3.5 3
86 2.7605257867325754 0.765493568382064 3.5 3
87 1.8221709040518945 0.8479708577148745 3.5 3
88 1.6155865021362974 0.8335914346950265 3.5 3
89 16.898804423308363 -0.0005072434702728875 3.5 3
90 21.725364566523336 -0.14608969701547667 3.5 3
91 16.444112240113952 0.059688490568928755 3.5 3
92 9.238912570006313 0.3552039028666653 3.5 3
93 20.12944483737092 -0.09966699948985872 3.5 3
94 23.073873040882194 -0.166256118198988 3.5 3
95 18.4781508654625 -0.000856070177820753 3.5 3
