12 21.335530430933765 -0.19445154776423654 1.5 3
13 23.28534375837311 -0.242672955999668 2.5 3
14 13.015851463002065 0.06563839727601697 2.7458638792332386 3
15 11.390966857666374 0.15382635307472386 3.1765210902496603 3
16 23.11128293559282 -0.16975186573885853 3.5 3
17 9.247734726529103 0.42748579591124847 3.5 3
18 7.670344786750415 0.17190258453026605 3.5 4
19 23.287678376631654 -0.17257285028735195 3.5 3
20 14.054303299794995 0.24157074810065782 3.5 3
21 9.411196879978375 0.44237760414938077 3.5 3
22 1.9501592210186 0.7651792549612335 3.5 3
23 0.23600668739089414 0.9214799178024332 3.5 4
24 6.3107060457300514 0.5286474375453775 3.5 3
25 22.026358347015858 -0.16366216936179614 3.5 3
26 1.2692163065737114 0.47132480691943657 3.054363999875117 4
27 0.1637392055671878 0.9466532705447502 2.6727565444548125 3
28 0.17344186875776124 0.94989454415908 3.021361586303392 3
29 0.09413178245619314 0.9869157300591054 3.5 3
30 1.8605442541375918 0.9010179484736994 3.5 3
31 10.576422597309278 0.383951104427326 3.5 4
32 20.804985287337068 -0.12881477077838596 3.5 3
33 19.148214802670942 -0.028477238169836067 3.5 3
34 8.787584339059775 0.2912363812418868 3.5 3
35 8.653694466521916 0.29312336628024627 3.5 3
36 3.475523719451531 0.7999863591706919 3.5 3
37 11.87784785988185 0.2690498703041668 3.5 3
38 12.717183527588052 0.2421143255622357 3.4186206006695063 3
39 0.7803872219920214 0.7504895237069368 2.95964995924689 4
40 3.4061884372599156 0.7419701593520135 3.4721772483071254 3
41 22.55073107668038 -0.245019711080815 3.5 3
42 2.7598578733939867 0.8164803425022561 3.5 3
43 1.7422267774051425 0.8771864688892987 3.5 3
44 1.9372401849958507 0.7631689939525127 3.5 4
45 8.586674088457949 0.2710674455596332 3.5 3
46 10.67085789309819 0.20182869121210653 3.5 3
47 18.866570719804436 -0.09207895853544891 3.5 3
48 1.7112261283465742 0.8268589395267397 3.5 3
49 3.664896097538909 0.7573438475873456 3.5 3
50 0.4655222570045039 0.84019744287943 3.446230769719368 4
51 6.497128997507504 0.5129008603714243 3.158234259254772 3
52 4.159395326830749 0.4448512933354804 2.98296531101819 4
53 2.049320196690803 0.8628115599951576 3.475941707540267 3
54 3.1748271053075836 0.8087770496243141 3.5 3
55 10.01690447166765 0.5370243187127892 3.5 3
56 19.373808323818114 -0.27686849075535186 3.5 3
57 23.173452251343612 -0.16462240355170857 3.5 3
58 23.410913504234994 -0.21322904335748247 3.5 3
59 23.395498409008116 -0.14837199596595604 3.5 3
60 23.318365313119493 -0.24656850887156406 3.5 3
61 16.41463096099109 0.03698319577917398 3.5 3
62 2.4515378176967566 0.5558083375554177 2.7181387510317507 4
63 5.997706073702175 0.6667925194539923 2.9404817668495236 3
64 3.6570731298881913 0.35374199234550097 3.4063557061590837 4
65 4.930241713843699 0.45290689496146275 3.5 3
66 5.761018919164663 0.703118407962326 3.5 3
67 4.390618131017238 0.770461866440078 3.5 3
68 0.0314976032185168 0.9938000310261055 3.5 3
69 0.2382945921946229 0.9176797792571916 3.5 3
70 0.4617245196760775 0.9399319043306448 3.5 3
71 5.9157524081495465 0.7190360917351275 3.5 3
72 0.57520940479648 0.863196059426138 3.5 4
73 1.6850161898215354 0.78936822144342 3.188693123898542 3
74 0.12756366717250867 0.9309623314143919 2.9625298882029893 3
75 2.780826124491461 0.6155808876496723 3.17999497979859 4
76 1.1466831250203047 0.8997861409853206 3.1442615264246268 3
77 2.0067813949589333 0.6732860157382327 3.4799813624323725 4
78 8.962251894922545 0.6074523063058256 3.5 3
79 22.58238303719795 -0.24622289791796112 3.5 3
80 22.996163755349265 -0.25718671784401986 3.5 3
81 19.959424449678806 -0.18623181188536458 3.5 3
82 23.30039911838425 -0.2517961321341671 3.5 3
83 20.566084024643104 -0.2005774355310532 2.820140301495005 3
84 19.99558137175795 -0.18254486131975817 2.922710352482536 3
85 18.050887298765655 -0.22598957966926084 3.5 3
86 22.82419944227558 -0.15521096870897613 3.5 3
87 23.399895922075032 -0.15302534910256668 3.5 3
88 15.5192897140839 0.028888838175063294 3.5 3
89 22.9390339303215 -0.23073108323467229 3.5 3
90 1.5652093718710143 0.8553135273293548 3.5 3
91 0.34579197912351045 0.9680890445169501 3.5 3
92 0.9777313891513106 0.9244687005553764 3.5 3
93 3.037455531174081 0.7922934480733591 3.5 3
94 4.4523158263691816 0.7185729428241446 3.5 3
95 5.42512095863091 0.6920933795904318 3.5 3
