8 11.679074780203752 0.09362685544569252 1.5 3
9 22.476124715437116 -0.167904190575674 2.5 3
10 23.30247809333626 -0.2079827014712712 2.9120081940196316 3
11 13.22813692980568 0.21459020220594358 3.301541775897005 3
12 20.07224407786739 -0.118880743620602 3.76304020799548 3
13 1.2770229735136267 0.32490064337809116 4.204800874397692 4
14 0.720827181054597 0.6633773676830041 4.5 4
15 1.8501396449282046 0.36291533149341926 4.5 4
16 4.742055431293898 0.22302708480877856 4.5 4
17 4.639650169764039 0.526118575998678 4.5 4
18 1.0071755815791361 0.6247863335118573 4.5 4
19 0.7526541575812411 0.783407890564589 4.5 4
20 0.9728855297647927 0.6894871571335903 4.5 4
21 8.981542706851013 -0.05892846949017646 4.403837255335067 4
22 2.042549969481885 0.09551179962425217 4.237625116861317 4
23 6.081235743865594 0.006881409562877966 4.217987446544845 4
24 6.458148904991367 0.06556615027591327 4.10448352457854 4
25 1.954682771836315 0.4110898040352453 4.192998505514209 4
26 1.4433895344692615 0.4754616663037432 4.161326690445341 4
27 0.9528936782738189 0.7474506207889958 4.292602226805306 4
28 0.6428311720132829 0.8256057645577232 4.36571960399422 4
29 0.5593286485311717 0.8741537147250019 4.38317395637526 4
30 0.36318263399849204 0.9260909033808334 4.354624854775487 4
31 0.6236270063341278 0.8356550454059338 4.404354080697965 4
32 0.6509864453057501 0.7997842614296039 4.5 4
33 0.9710572227186844 0.7323349781844791 4.5 4
34 2.5109227314791482 0.464346190924451 4.5 4
35 1.2872392427464527 0.3359850937512917 4.5 4
36 1.1924584606319275 0.574567041946256 4.5 4
37 0.8921125247198649 0.6238495386405442 4.5 4
38 0.3508184307153863 0.9428985148654716 4.5 4
39 0.7585706870254967 0.7090666852646579 4.5 4
40 1.4910866528105498 0.5098904588289705 4.5 4
41 1.609535858804536 0.44246611466261454 4.5 4
42 0.7656204759560845 0.8358815194805223 4.5 4
43 1.0207040773762488 0.7401478315689847 4.186041409921723 4
44 0.7779609278288415 0.7868661285983278 4.142162213796372 4
45 0.879510684339337 0.7538026494038295 4.5 4
46 0.6504291629116734 0.7794791166833558 4.5 4
47 0.4551113248487857 0.8359424919914912 4.5 4
48 0.4048915746289765 0.8932605407001531 4.5 4
49 0.664713434661615 0.7858441415410214 4.5 4
50 0.47501338802617443 0.8636401600319752 4.5 4
51 0.7018452557322927 0.7886398862291475 4.5 4
52 1.1069658340328647 0.5556236851109392 3.965123347221852 4
53 1.5142716865032284 0.1983739634982029 4.032439508514137 4
54 1.1620733006236748 0.5165764964220482 3.891854635130512 4
55 1.1570636884848504 0.481112312257339 3.506906765148597 4
56 1.2257599241370531 0.38303289439013577 3.385313842183954 4
57 0.998621660954603 0.6859095264573624 3.5183176540258647 4
58 0.8812492667902063 0.7622225381280838 3.0661583614065093 4
59 2.670669034786859 -0.11976691008573939 3.563376806635344 4
60 3.536604801997747 -0.22420070883688206 4.1457392570301455 4
61 6.2776761370250185 -0.12984429230218872 4.5 4
62 5.215466686853692 -0.014549555789006303 4.5 4
63 0.8920229193178866 0.4412784740009728 4.5 4
64 0.7188277089239428 0.5697600574733783 4.5 4
65 0.6664015431496999 0.5269899755894355 4.5 4
66 1.243114499441563 0.2279288639228823 4.5 4
67 1.4821777107460008 0.01759245501991631 4.5 4
68 5.236900955211757 -0.02810347732217789 4.5 4
69 2.906105457149362 0.05003298942365436 4.5 4
70 1.8129645057734987 0.0029925660097547897 4.27854401452608 4
71 1.8828000023878282 0.13263092634805854 4.0908759504630865 4
72 1.5397023380176034 0.2572897621819073 4.399122233073969 4
73 1.7427417083855703 0.14730370679288435 4.414243716572659 4
74 1.104728301831253 0.5851478884283698 4.5 4
75 2.7786131637319222 -0.07820278168216163 4.5 4
76 2.6949475778505203 -0.07679799636824279 4.5 4
77 1.2329151259676605 0.5969989681434091 4.5 4
78 1.5090159724078145 0.40522908654875583 4.5 4
79 0.6041954530762847 0.8006589916503848 4.5 4
80 0.20982310014361794 0.9415948058122827 4.0195134421831895 4
81 0.528525658337637 0.8738693601974209 3.9378262373925534 4
82 0.5416341057275185 0.8462504979183155 4.5 4
83 0.5540100151590766 0.8456128873782163 4.5 4
84 0.6471797248228128 0.7870018224914244 4.5 4
85 0.5418291782675944 0.836289863527994 4.5 4
86 0.6443807412673737 0.831015452449402 4.5 4
87 0.6319369355965101 0.788513345046384 4.5 4
88 0.643612586713826 0.730669266472639 4.5 4
89 0.9066945114197651 0.7506366748761208 4.5 4
90 0.4065260160002069 0.8665564784529445 4.5 4
91 0.12753006912306653 0.9825284368459607 4.5 4
92 0.48182030199902925 0.8594544956545637 4.5 4
93 0.4491581270234821 0.8474193069218197 4.372859214410448 4
94 6.479783813905805 0.6110400538584047 4.5 3
95 3.9018493554719758 0.7729620121283063 4.5 3
