18 3.87985645917332 0.5604732988751459 1.5 3
19 8.228866382290125 0.3094013822546422 2.5 3
20 15.118696109356186 -0.10543316565224158 2.842530357718144 3
21 22.93942550603325 -0.19386671601593614 3.2331730264201908 3
22 23.288130623102177 -0.17146633131495326 3.5 3
23 22.846944852603812 -0.23379603880605174 3.5 3
24 21.420613934346687 -0.17551320263734688 3.5 3
25 20.747099908167385 -0.19877331378917523 3.5 3
26 9.62590209485755 0.3907835079764727 3.5 3
27 0.03512192574718931 0.9877980247877964 3.5 3
28 1.405514101151752 0.8642404519799649 3.5 3
29 8.61571581182419 0.5808257668199004 3.353587867616501 3
30 23.082859365083934 -0.1660018789436017 3.159569571677697 3
31 23.34523393770302 -0.14821000848599034 3.4515618843967677 3
32 19.095978234085333 -0.06523986442633951 3.4281710710338773 3
33 23.06057919412486 -0.2835027636264102 3.5 3
34 5.103009504387585 0.7560662725348947 3.5 3
35 23.154289513260785 -0.1722972676704328 3.5 3
36 22.928294756697415 -0.23872716451250048 3.5 3
37 19.649080175383375 -0.18020395857301397 3.5 3
38 21.409404143596078 -0.15315991099866813 3.5 3
39 16.484451988505555 -0.10813549229656051 2.6470570071972834 3
40 5.983115284449216 0.61266320907177 2.9428190953152225 3
41 21.144001478972147 -0.13227832466452247 3.5 3
42 8.557679733088282 0.5207151308898911 3.5 3
43 11.576419722971389 0.19533993586341838 3.5 3
44 9.560528471032356 0.19451794278780446 3.5 3
45 5.685234127735817 0.6560332676872387 3.5 3
46 5.083366747675221 0.6979896074716897 3.5 3
47 6.3065343825437505 0.6168541313187339 3.5 3
48 3.126822439350521 0.7755102091792067 3.5 3
49 18.970369982550032 -0.16752653583632207 3.5 3
50 5.293911633867091 0.6425223590531635 3.5 3
51 8.107270182922594 0.5277382388665842 3.5 3
52 14.979237656545536 0.19826032389068343 3.4478553164625048 3
53 19.71926689413973 -0.05914391490765197 3.5 3
54 17.207026795046275 0.011573951518340094 3.5 3
55 3.1825696894041817 0.7544982946174847 3.5 3
56 8.74745392139781 0.3343497340086213 3.5 3
57 19.223574573155137 -0.10170257203160316 3.5 3
58 20.585192966722424 -0.11303503152609423 3.5 3
59 11.815134849180225 0.41737080380609753 3.5 3
60 22.699724302353513 -0.14849010848868166 3.5 3
61 22.76049232138142 -0.1374007023218855 3.5 3
62 18.704578304591188 -0.060535036143863526 3.5 3
63 19.87453902021899 -0.1462070405570815 3.5 3
64 22.935138586180873 -0.3016072524101303 3.5 3
65 18.70999889848622 0.0011256128121475753 3.5 3
66 12.91359329243685 0.15589128350905013 3.5 3
67 5.110564510299334 0.5539365822280311 3.5 3
68 4.424065528313465 0.6110257630855167 3.5 3
69 2.204016650909943 0.7800871046518859 3.5 3
70 1.692045245306164 0.850067539882413 2.0919810200673528 3
71 15.416244138551914 -0.008218078508305623 2.687231973169808 3
72 18.18508049748608 -0.09036823701730443 3.2736690762773653 3
73 17.44706933257813 -0.05428193481444928 3.5 3
74 22.872901624056418 -0.2475210499520996 3.5 3
75 23.38592857289298 -0.24124804246472648 3.5 3
76 23.411186491946957 -0.22596669230356808 3.5 3
77 21.38678950600842 -0.2318495163291046 3.5 3
78 20.77410977356486 -0.22693205831125748 3.5 3
79 12.967913393891546 0.3597690607234649 3.5 3
80 21.34422116429232 -0.10256401244348756 3.5 3
81 23.349102504084552 -0.15913668639788733 3.5 3
82 20.591373322387685 -0.1526968530579 3.083982489543749 3
83 17.067173809812665 -0.03750914788601529 2.7392727750665946 3
84 2.2632475036161344 0.861782768137059 3.08659630570421 3
85 15.400744535254278 0.16391767892921016 3.5 3
86 17.891026087522455 0.04781517728193925 3.5 3
87 2.9848929571846767 0.7167396450186974 3.5 3
88 15.991775292596248 0.01131464675927397 3.5 3
89 16.957720621880796 0.011024352367521044 3.5 3
90 11.533389303506855 0.31760836048002744 3.5 3
91 1.0171686451054 0.9404303310133189 3.5 3
92 2.722032012714279 0.7959151647949565 3.5 3
93 0.44250571402827 0.9799871684927277 3.5 3
94 7.2545827174512425 0.6329816351124377 3.5 3
95 0.0064501306154864935 0.9968600281660059 3.052285521340644 3
