8 2.219987534712063 0.7577703294483057 1.5 3
9 6.184696117490286 0.43943785498518884 2.5 3
10 11.08183251850793 0.30226131095719466 2.853853254289076 3
11 14.078764868727731 0.3161637227361997 3.2106885001755674 3
12 23.334641283383217 -0.15595176024240318 4.084903043955494 3
13 2.7177736953925784 0.15035174113651803 4.952615068732505 4
14 3.2111539357937025 -0.13805252656383174 5.5 4
15 5.716985937926072 -0.17829189672204038 5.5 4
16 7.413966457377108 -0.20237764862593466 5.5 4
17 1.8808080466549653 0.04964236402199489 5.5 4
18 3.708421723748441 -0.017506575158562958 5.5 4
19 2.3759871447375467 -0.06172915772945187 5.5 4
20 1.6424363476820956 0.1868795762523819 5.5 4
21 2.821090167716573 -0.0871860672004218 5.5 4
22 1.5051005809861557 0.30923595994068087 5.5 4
23 3.1778751966566716 0.1557486340162566 5.169603756765435 4
24 2.562814771117302 0.2576335887027152 4.073481869343166 4
25 3.4727136576618545 -0.015360622872490062 4.228396380801703 4
26 3.7183758981619652 -0.1380881533855481 4.649101210669364 4
27 3.152089039432602 0.061791274069291253 5.094354349480847 4
28 3.1086142979480353 0.16370391797129547 5.5 4
29 4.274088346249204 -0.16951633759872153 5.5 4
30 0.8980963905413999 0.6550167343422154 5.5 4
31 2.655415674726303 -0.08947746071161564 5.5 4
32 1.2030708955203515 0.5426317388311682 5.5 4
33 0.869765670267177 0.6839834292135422 5.5 4
34 1.1943960821445296 0.5617124747220672 5.5 4
35 3.460029955068987 0.5631580115605362 5.5 4
36 0.9394618519329185 0.8870148175414431 5.361494874635449 4
37 4.916328021896208 0.5727356006608242 4.886048250117812 4
38 4.222279706870728 0.07361765851703567 5.366285577729111 4
39 1.9131364904573243 0.5383555621943242 5.5 4
40 4.855657229151478 0.6494345157795657 5.5 4
41 1.1602292163221541 0.7789770969174112 5.5 4
42 0.245029693124323 0.935131839715575 5.5 4
43 0.5835042485418374 0.7938762021043978 5.5 4
44 2.400097696337199 0.6041625818155989 5.5 4
45 3.0242754753815175 0.07752503493460751 5.5 4
46 2.840316520118523 -0.14446598660132795 5.5 4
47 3.1080911105350024 -0.11934497742561788 5.5 4
48 4.12964317137227 -0.14938807008325367 5.378647236064702 4
49 2.877358892926222 -0.14108282693292765 4.929737588439005 4
50 2.7914082800175706 -0.07429042364352348 4.935062582405095 4
51 1.3558526610645174 0.29822650113530386 5.389558653001404 4
52 10.365645163883794 -0.17779856748689127 5.5 4
53 3.389242434477154 0.25838927081124663 5.5 4
54 3.0965089396246475 0.08898130281081572 5.5 4
55 2.9165934841197423 -0.08258180172547207 5.5 4
56 2.7436084427208005 0.004668862105624626 5.5 4
57 4.3225193858138615 -0.1364053692864898 5.5 4
58 4.147145598601591 0.3261623131476245 5.5 4
59 3.794731764852166 -0.03997213609353968 5.5 4
60 2.019857396745575 0.27923635155485876 5.5 4
61 0.5634572058295007 0.8853917839483886 5.5 4
62 0.2578070555487493 0.9376305091034918 4.6783735406843405 4
63 0.5423711633856705 0.8239073930147327 4.208573244574559 4
64 0.727874176294006 0.7671209554335545 3.7637037810595064 4
65 0.7168153344416393 0.8028964073261712 3.511096511104588 4
66 0.6273129557192831 0.8720831893995007 3.384428032408039 4
67 1.7490885532236664 0.22331801100246085 3.2864755820670544 4
68 2.3624993211810175 0.4740173863237895 2.855534861633598 4
69 1.9966610903653752 0.5817739912465648 2.5592573970919767 4
70 1.9058918402543066 0.33784836252686623 2.708856982562793 4
71 4.145228435023981 0.012756342708421088 2.9119750755505227 4
72 2.4248052962990823 0.5620686912855667 3.1464253167816496 4
73 1.151295985585266 0.6835740010897806 3.4149173078249295 4
74 1.3271657818870208 0.6054271362368017 3.696513069922614 4
75 1.5283645005958002 0.6625082148238138 3.970448602478922 4
76 0.6776389193603567 0.8321229295185215 4.181419256549271 4
77 3.448977793905838 0.03991190720309091 4.408517336583798 4
78 3.2577027035246067 0.00721524604113371 4.726326010660123 4
79 0.8658932540668118 0.6844838907038654 4.812905036887096 4
80 0.38632848398169717 0.8335408708146274 4.095426546379574 4
81 0.6705208045695645 0.7051105730266016 4.404118148600741 4
82 1.1275024346923175 0.5683907359629154 4.719933107741425 4
83 2.9211175302569865 -0.06550349914331915 5.070564169367688 4
84 0.8211954045622694 0.8230910455163029 5.394399339844851 4
85 1.4023573332520662 0.5748245610629218 5.5 4
86 0.8624280198708023 0.6351129641676455 5.5 4
87 0.6261810105744416 0.7802440634619136 5.5 4
88 0.40334724072100325 0.8573584293862846 5.5 4
89 0.20087860580276384 0.9424759097634878 5.5 4
90 3.339874630441402 0.10223704614513485 5.5 4
91 2.3819351608741037 0.4272582218079543 5.5 4
92 0.7484454789031183 0.7078346457439664 5.487091952134826 4
93 2.7125340055918317 0.8190903218503588 5.5 3
94 2.0224421094479297 0.9314588000699016 5.5 3
95 15.638595090329067 0.15031329928356657 5.5 3
