3 12.151459714801348 0.41102574720999646 1.5 3
4 22.413885626971712 -0.2757694431326351 2.5 3
5 22.738747559772666 -0.2257791064974213 2.4692561129376847 3
6 4.302300811736616 0.6313201656442088 2.7559962067334465 3
7 1.2941734378969896 0.21689116995539515 3.1150176878772444 4
8 1.802078252662625 0.15005479491250176 3.6342074422724417 4
9 2.4225991610314344 -0.004940584801985878 4.115735058013991 4
10 2.7709454619071927 -0.28564743248639124 4.590167811712337 4
11 2.4896039191616994 -0.08833224736480262 5.06982639808797 4
12 2.7745849710458543 -0.13957753841540327 5.5 4
13 2.391370111477789 -0.038071743300898686 5.5 4
14 1.6417656727395107 0.34928544473321255 5.5 4
15 1.0514185097048214 0.6768104207737394 5.5 4
16 1.297135771170364 0.3033033372336454 5.5 4
17 4.153183396848988 0.4980576731344268 5.5 4
18 1.606537989252768 0.1115807026132152 5.5 4
19 1.6391311097410348 -0.01252503797740492 5.16883970922327 4
20 2.5630571471139962 0.2901697246794345 5.436095694603735 4
21 0.875199723369378 0.6691900907000057 5.5 4
22 0.775659467926558 0.686664430223866 5.5 4
23 0.9937552045267548 0.6393059735281754 5.5 4
24 4.660795529589345 -0.015531346376271488 5.5 4
25 4.696692853082766 0.08892743276268325 5.5 4
26 0.4603645099013889 0.8910889301521554 5.5 4
27 0.7729544765520586 0.7455870567591997 5.5 4
28 0.6649566761708634 0.8220789294726745 5.5 4
29 1.1055879425834183 0.6147118922068864 5.5 4
30 0.8134950756267232 0.5533503485476233 5.141385738885394 4
31 1.1652768094818686 0.41271663759354565 4.18432344272788 4
32 2.387253710758234 0.2870581417188064 4.227336160385603 4
33 4.305132183156319 0.08618285140736207 4.746857782093699 4
34 2.3723323890827155 0.13183446586040123 5.269711016738383 4
35 1.7720184213348213 0.42559428676720185 5.5 4
36 1.056910219917988 0.5464045651024068 5.5 4
37 1.2565530260112405 0.4985141766753565 5.5 4
38 1.1279084679519178 0.5797583903069756 5.5 4
39 0.9141705638579554 0.6454597573000631 5.5 4
40 1.2057909407995036 0.564173799917295 5.5 4
41 0.8440466426390278 0.6990587060534351 5.5 4
42 1.3549763683776073 0.4936140215238024 5.5 4
43 1.0914443279215407 0.523028505251529 5.077920064971972 4
44 1.52276030274151 0.3961146510139111 4.732549361724341 4
45 1.4751797206086934 0.4785377181394232 4.725975460690628 4
46 1.4078669362131757 0.35424785655000646 5.123114369577692 4
47 1.3604565463616378 0.35792744362883944 5.5 4
48 1.1048194971004683 0.6037181967440418 5.5 4
49 1.0625585377521958 0.5833100392200713 5.5 4
50 0.898759781401318 0.718208438915859 5.5 4
51 0.5533080147718925 0.9321385782346701 5.5 4
52 0.7395902913156114 0.7525013395707841 5.5 4
53 0.6302961913904097 0.7200338148171463 5.5 4
54 1.8500085567187305 0.33527509465324845 5.5 4
55 2.221382036548966 -0.09582841945615299 5.5 4
56 3.5658699898270383 -0.3067807532211302 5.5 4
57 1.9588354452787105 0.2612617977115781 5.5 4
58 1.7742855022033739 0.4245387031906271 5.5 4
59 1.0208451526174063 0.4598994475477897 5.5 4
60 0.978641995669661 0.22953664779030605 5.5 4
61 1.7604152353340083 0.03698497770846685 5.116619230810546 4
62 1.1481786107439342 0.5537921051345693 5.5 4
63 1.3452704173242918 0.3112983521949082 5.5 4
64 1.1189965411287313 0.5083694854329275 5.5 4
65 1.5697199809300297 0.1359169626295519 5.5 4
66 1.0172743478345518 0.5055760761458931 5.5 4
67 1.7141853914515304 -0.08284827258453753 5.5 4
68 1.2251416483917321 0.023362144275883897 5.5 4
69 1.6165763116470506 -0.2093767242925537 5.5 4
70 1.1602738324997368 0.20870607053626086 5.5 4
71 1.9559445473468715 -0.2891660703269228 5.5 4
72 2.560154005480844 -0.04847138470679483 5.14957054674279 4
73 1.5467734443511523 0.4127424307867804 5.478142994760012 4
74 0.8163749912712976 0.7943178906435051 5.5 4
75 3.6665976472872615 -0.36647647295675656 5.5 4
76 2.2932194567628814 -0.32585941376235555 5.5 4
77 4.240817385743942 -0.35190065043713736 5.5 4
78 2.3265657556326635 -0.07843073018713628 5.5 4
79 1.4980006122298795 0.36036137800171025 5.5 4
80 2.5376747616112914 0.554484944748598 5.5 4
81 2.142326830130936 0.5978280988038411 5.5 4
82 1.055967341147019 0.4650629686077278 4.842974870172839 4
83 2.694960627903546 -0.005081697124600536 4.266518487334281 4
84 2.4950290096514607 -0.04596457322125483 4.195906696254606 4
85 1.8399214420404624 0.2151916568130332 4.109522220913263 4
86 0.9184719733346638 0.5972271244214807 3.735944225683532 4
87 0.4544053836265993 0.8983102000007132 3.9623853641997266 4
88 0.3829247766199 0.9418432281887168 4.553022494611214 4
89 0.4044772438793842 0.915980064593649 5.1650337372043 4
90 5.077764001250522 0.4195058804244888 5.5 4
91 12.780714045771292 -0.006517583498620554 5.5 4
92 3.0508860057304457 0.5511072615027177 5.5 4
93 1.5556449517939983 0.6085812198099514 5.5 4
94 22.738430360277132 -0.3276582592486909 5.467159228977398 3
95 5.637731472466312 0.5634756565183945 5.414250625026412 3
