8 4.46790279102745 0.5896066860308313 1.5 3
9 6.567857648802148 0.39701206973093034 2.5 3
10 5.0101189962288695 0.38832694919761584 2.5514425931068874 3
11 3.7962712755661085 -0.11059293640579151 2.8664325309335634 4
12 1.8486300263247832 0.24760498220069765 3.2125391980305666 4
13 1.6728658136822405 0.21246380769200177 3.7092982824507637 4
14 1.830017337095705 0.1890770519134668 4.2065477312669906 4
15 1.9303410626524808 0.13405520488890474 4.677890955834512 4
16 2.3527154952016707 0.02968219599182452 5.14378891713157 4
17 2.2367057961200096 0.0006889159064583962 5.5 4
18 1.3248763373135741 0.45766049287405863 5.5 4
19 2.088352257106048 -0.0518437598635166 5.5 4
20 0.826524629944692 0.6538910677239684 5.5 4
21 2.0000076422500968 0.028897283996283007 5.5 4
22 1.8745660860237523 0.15519793661798637 5.5 4
23 1.120488177811672 0.4476389890240226 5.5 4
24 0.8342337414965053 0.582899023792531 5.156762621893137 4
25 2.5157936432318015 -0.0021008786809839685 5.343614095830136 4
26 2.3574809856539556 -0.06672825489837803 5.5 4
27 1.9350754339261922 -0.024855981846224666 5.5 4
28 1.4797515326602264 0.3386161539929817 5.5 4
29 2.0283433721575292 0.07295710034780216 5.5 4
30 2.3082780962529412 0.0461706506582858 5.5 4
31 5.603887110726037 -0.08214431597840575 5.5 4
32 1.7849803672238211 0.15265531621739523 5.5 4
33 1.1257954121298344 0.40160262861780527 5.5 4
34 4.025774763461679 -0.12016992588310486 5.5 4
35 19.24554519200053 -0.3779307507696923 4.939179105498406 4
36 6.940148018194518 0.03719353891530754 4.0398762124164715 4
37 1.1748229952536988 0.4245107208575867 4.15262760414245 4
38 2.415262325994189 -0.10073637789268426 4.643896137618518 4
39 1.8165452019253179 0.14897731716978804 5.141993252301552 4
40 3.104628401326904 0.6552603335435553 5.5 4
41 2.5898759040264148 0.3464736433037626 5.5 4
42 1.3281635401851508 0.6714943068109831 5.5 4
43 4.612445884884812 -0.16692197820097543 5.5 4
44 6.647567770950461 -0.16948401675892308 5.5 4
45 3.1464862512313525 -0.11672492478179923 5.5 4
46 6.465515360011186 0.11421616548629954 5.5 4
47 2.881581313964954 -0.1990284452983991 5.5 4
48 3.165498018887801 -0.07933711291493958 5.175760684996967 4
49 1.6125999023043347 0.3756086127113043 4.772970759379547 4
50 3.809033051082177 -0.16855298006434005 4.664369838289611 4
51 3.3536762435340624 -0.14561732731473823 5.066880913295667 4
52 5.070778057280805 0.4258000093172859 5.5 4
53 1.0776776330177995 0.6671509769971525 5.5 4
54 3.1236584198962722 -0.1258651665109049 5.5 4
55 2.695539541242665 -0.06886400162345843 5.5 4
56 2.6033806010034573 0.19547313838779296 5.5 4
57 3.411624850271255 0.4307794811843921 5.5 4
58 7.586659344928798 -0.19412698220010038 5.5 4
59 6.525799054466008 -0.20624577323772772 5.5 4
60 7.332506042813373 -0.23062785829959376 5.5 4
61 7.464790438296254 0.05044615163737044 5.5 4
62 1.2441298297380783 0.38461016852785823 5.5 4
63 1.2860677332583643 0.42718204068060156 5.5 4
64 1.6584083392454518 0.23133756776680495 5.5 4
65 1.88772386882117 0.27005614251075766 5.5 4
66 2.653179932878583 0.32040305513702777 5.071710444587705 4
67 4.870925526684761 0.028959443630681942 5.387479908721318 4
68 14.648433902453657 -0.0684174821299775 5.5 4
69 15.85287970068432 -0.21675331581867596 5.5 4
70 9.093762593323682 -0.0003085653741343544 5.5 4
71 0.6961436257771236 0.6414764095866045 5.5 4
72 2.195478387470467 0.27731099599298875 5.5 4
73 3.2590293438767794 0.3757363669311601 5.5 4
74 2.778584893603332 -0.08850751614424643 5.5 4
75 2.580013141483672 -0.08578994475225617 5.5 4
76 2.421696847253471 0.10551665412617911 5.5 4
77 2.4360085234671116 0.022516328229728894 5.114806808364519 4
78 2.8957415390453827 -0.12548950946811582 5.36910119174466 4
79 1.9592025985656472 0.034880689115350486 5.5 4
80 2.4808248774755715 0.027833009041520612 5.5 4
81 1.2389101034956882 0.46417013367134985 5.5 4
82 1.0607918511295136 0.4927532323908937 5.5 4
83 1.7640921587486647 0.17483800995012744 5.5 4
84 0.6342882093695783 0.739413574795246 5.5 4
85 2.20410379338111 -0.0016398199516168524 5.5 4
86 1.429857814996244 0.5317820530983067 5.5 4
87 0.2051307031032099 0.9456536164105032 4.676215162166918 4
88 0.6316153906548045 0.7078169683666994 3.992235625952453 4
89 0.5243857466642048 0.8548975687882128 3.754720431989888 4
90 0.41318082896276387 0.8096003291920343 3.3376203135859104 4
91 2.617286025725967 0.3397058505131911 3.118666515303499 4
92 4.553448481366326 0.40005300684452855 3.681405129024657 4
93 12.980724932031578 0.27056022440473376 4.263289532846131 3
94 19.272671521686707 -0.04818545029264792 4.961805465807091 3
95 20.907116383205825 -0.1398946416930793 5.5 3
