18 6.95346853525113 0.5820193623439338 1.5 3
19 13.000615914389467 0.27798818753730664 2.5 3
20 9.18681046291735 0.48618082357579795 2.8958225862551226 3
21 4.885468976801554 0.6375303948924104 3.314972362798322 3
22 6.363964254783831 0.3777751981124281 3.5 3
23 15.741657001832014 0.12413442433051035 3.5 3
24 6.537181170238226 0.6390174607064977 3.5 3
25 6.499283512716499 0.6744132221349736 3.5 3
26 16.927635693856615 -0.10104494561073424 3.5 3
27 18.385169740719178 -0.09937537500393223 3.5 3
28 22.478117404449733 -0.17132259935899466 3.5 3
29 15.499146265282313 0.0880598218714834 3.204026415407654 3
30 7.075629574666247 0.5610194798569011 3.5 3
31 16.90998789982721 0.10123479499446077 3.5 3
32 4.989770290442797 0.6924323985669673 3.5 3
33 21.827786591429742 -0.18565881542049237 3.5 3
34 5.729724635872216 0.5328645760122536 3.5 3
35 3.409854889268093 0.6987061079268772 3.5 3
36 3.9847075197392687 0.6714891752203856 3.5 3
37 5.414740260861559 0.5017458973142654 3.5 3
38 5.0584608912432865 0.5653990117011382 3.5 3
39 18.951610463133967 -0.16474446256257022 3.5 3
40 21.928565625567806 -0.20719522098220955 3.5 3
41 22.968664557864948 -0.20626031419266017 3.5 3
42 23.155802949319014 -0.1923483091988798 3.5 3
43 10.231699601833203 0.2147013708460784 3.5 3
44 10.087012654075863 0.37422496737226174 3.5 3
45 14.839395739039242 -0.026583734879470692 3.5 3
46 20.01151519251264 -0.08662281712126058 3.5 3
47 18.625539521254094 -0.020150818953840393 3.5 3
48 17.574372933577685 0.01093941649215795 3.5 3
49 9.371011497330414 0.34230405284281307 2.69584030473786 3
50 20.70951050992404 -0.21877722384812057 2.7935296976364334 3
51 23.260964058884568 -0.2546467848438394 3.02007484816065 3
52 23.210113140862056 -0.2504881845153089 3.0685218160180447 3
53 18.500819143175782 -0.1538263153799754 3.437136648304753 3
54 17.67194154462493 -0.13175023553083912 3.5 3
55 16.742884858306212 -0.00348995552114757 3.5 3
56 13.550417031875464 0.23006535796139632 3.5 3
57 20.927236136141808 -0.1882441661563189 3.5 3
58 18.188723032343763 -0.07459520898127331 3.5 3
59 13.776954791980462 0.23125173197133472 3.2217557612742387 3
60 23.26904215905518 -0.23982773673800736 2.920776365403857 3
61 14.902735855185385 -0.02153730044242774 3.180036870818658 3
62 3.328716417093995 0.7218299259209734 3.5 3
63 16.825041660434785 -0.15445576608621764 3.5 3
64 16.597602954787295 -0.0221063472763535 3.5 3
65 4.451711967002401 0.5942846140939757 3.5 3
66 15.363262730087836 0.0368444609613759 3.5 3
67 15.58249506059018 0.17990851009736844 3.5 3
68 22.126599308209293 -0.21636569087628935 3.5 3
69 22.613510923560472 -0.23271528137858077 3.5 3
70 21.576944068324224 -0.24286195384144887 3.5 3
71 20.04462916329177 -0.22138730434405657 3.5 3
72 16.551801017485467 -0.08057433063783218 3.5 3
73 22.934184371745374 -0.308497945701495 3.5 3
74 23.347078804928238 -0.16344203050162412 3.5 3
75 22.88811280838143 -0.24995194838877177 3.5 3
76 22.388519545559245 -0.3477499050122171 3.5 3
77 13.507055907892417 0.24228176839056906 2.5351479962036536 3
78 7.231833954784195 0.3879407709248931 2.067827038706717 3
79 13.420619176956958 0.07360598682220801 2.5126143827517664 3
80 16.665728027582098 -0.07508179952127798 2.9767460110265676 3
81 3.6541696842443105 0.5498493763776279 3.487690787581727 3
82 8.625244646734139 0.4418220998237311 3.5 3
83 23.237164206501827 -0.255576976959263 3.5 3
84 16.535422250723744 0.044559107059366485 3.5 3
85 23.05833290877065 -0.19733693463169927 3.5 3
86 23.248338097406947 -0.18303399516795474 3.5 3
87 23.164713316243787 -0.1873678560269386 3.5 3
88 9.421513640787207 0.31900426951376426 3.5 3
89 20.64428889123478 -0.15426714474890083 3.398786994698239 3
90 6.881379711585131 0.49706034878726435 3.5 3
91 23.4206168962115 -0.158209048233477 3.5 3
92 17.06520491375427 -0.10800342412536564 3.5 3
93 0.45527691043186636 0.894662713796531 3.5 3
94 0.12416204940476305 0.9902152063070708 3.5 3
95 0.4257046775805966 0.9220327673310799 3.5 3
