8 12.137216368278864 0.14603836542868792 1.5 3
9 18.47204609213007 -0.16546097356233622 2.5 3
10 11.519980053504556 0.10352667120690767 2.857255917286339 3
11 14.008043886014061 -0.003511851258741759 3.209051726643629 3
12 15.834783353372085 -0.03618655838103946 3.5682095758460948 3
13 1.0180441726060465 0.6344153960111144 3.894717729656093 4
14 2.2322083090833953 0.16147489775998472 4.190559053549478 4
15 1.5921942226741903 0.1225086096133721 4.5 4
16 1.3142073446858236 0.3223473086547513 4.5 4
17 1.3247158259894833 0.4484686699401993 4.5 4
18 1.6776701093630342 0.24667394966921177 4.5 4
19 1.913093417793264 0.16200998887996232 4.411407888933889 4
20 2.7863136149092576 -0.12099604227588528 4.0704289011327965 4
21 4.659055949774231 0.09974708705611364 3.927737378077436 4
22 3.0950276468461366 0.10217111336454837 4.264321516374632 4
23 4.351522037428078 0.061835417075704974 4.245214124714886 4
24 5.8894154028211645 -0.018911321874537566 4.5 4
25 1.8877653954152231 0.3751046101930113 4.5 4
26 0.9531067719857269 0.6387445878896284 4.5 4
27 0.9291383170451395 0.7271953640406194 4.5 4
28 1.0561520020962982 0.6127744290935975 4.5 4
29 1.037874579933793 0.6521161314511155 4.5 4
30 0.862139523496622 0.6791445580766382 3.91913018391667 4
31 2.6965875324744255 0.5903384773925519 3.935193189124668 4
32 0.8614391556154297 0.7392437576023771 4.5 4
33 0.853556617002595 0.7401953004404779 4.5 4
34 0.6827644152070613 0.7771035836256557 4.5 4
35 0.9177408861127088 0.6586589865838318 4.5 4
36 1.6052734409333045 0.2682854846039012 4.5 4
37 1.6579423713460013 0.19571615742226342 4.5 4
38 1.4710889763619344 0.22949123790297288 4.5 4
39 4.3559941405215366 0.075622040754821 4.5 4
40 1.3790946829687263 0.37797657040771204 4.5 4
41 1.3748276992284207 0.4029869156911084 4.5 4
42 3.096721659268903 0.16287647670127278 4.5 4
43 1.4336518245555236 0.46219729709370083 4.475789812769618 4
44 0.9373181551510266 0.6102218580380373 4.5 4
45 5.119965938238104 0.09391520903061859 4.5 4
46 0.9418706731239554 0.6503871908919195 4.5 4
47 1.090418435870589 0.6459498983115614 4.5 4
48 0.9351777999127622 0.7104706316961431 4.5 4
49 0.6763506762415732 0.8033864426393993 4.5 4
50 0.5344865993296928 0.8308411659101564 4.5 4
51 1.0340951796768154 0.5856138211539541 4.5 4
52 0.9240455218804371 0.6398402194950918 4.5 4
53 0.6224793477762205 0.8730801943260643 4.5 4
54 0.5438968395111425 0.7987136914741383 4.5 4
55 0.9183089764721908 0.6272681265214913 4.5 4
56 0.8312304091189961 0.7480463122807645 4.5 4
57 0.9003209543089508 0.6779586855863767 4.5 4
58 0.789339976234495 0.7484658574028882 4.5 4
59 1.148757229334394 0.5758960941990874 3.6288163745399653 4
60 0.9558740456173567 0.6946014158044163 2.800839034504803 4
61 3.067205048257411 0.28068452727449095 2.208432716908741 4
62 2.610507061228321 0.3353248720265328 2.814147911380838 4
63 1.832188919027832 0.27779765619575714 3.4013140256646075 4
64 1.7848373891720977 0.6502637377779802 4.057554827669039 4
65 1.4553753716073672 0.4647867524657672 4.5 4
66 1.4420029596474677 0.5180581681134186 4.5 4
67 0.8859782068245865 0.6851899147260238 4.5 4
68 2.379512603600223 0.6134077771320591 4.5 4
69 1.7254057944730992 0.6079814983791885 4.5 4
70 0.9562723241693982 0.6261287807711616 4.5 4
71 0.8816074392308106 0.6984161449851385 3.7943871612835647 4
72 1.1044163361259978 0.46370685082583313 3.0563738744414732 4
73 1.5893398742515306 0.1530206098989935 2.800591086465778 4
74 1.5949028882541123 0.3121018043604134 2.6310361191501435 4
75 2.0317022452236593 0.07940703782702867 2.546399132404753 4
76 1.4883694521145658 0.42752357821457526 2.438272347558959 4
77 1.0349701985697202 0.6540874110921095 2.284448869846252 4
78 0.7668449123130872 0.7851494598932943 1.9596710874579586 4
79 0.6213034700893125 0.8255454370601053 1.9762335356623808 4
80 0.5897417846716637 0.8074981353794003 2.372119789876902 4
81 0.48476554783771775 0.8778331262679998 2.7190858243096883 4
82 0.5097586909699325 0.8645151490609163 3.0706919092318277 4
83 0.510178342169759 0.8956816243893686 3.4484772274328863 4
84 0.6543560334521983 0.7623156330058165 3.8286722514173017 4
85 2.0684720301065873 0.3957030049785127 4.247763585232052 4
86 4.951795557417675 0.33435107032638134 4.5 4
87 2.001728226658261 0.5399327526550073 4.5 4
88 1.342759503945448 0.6374552406686677 4.5 4
89 1.2575655810148252 0.6958283275150463 4.5 4
90 1.4839173068706746 0.7986982179078149 4.5 4
91 0.6208532090681604 0.8247619879069287 4.5 4
92 0.4506181190198557 0.8424731409508854 4.5 4
93 0.8288625453138421 0.7471069303293995 4.227057142649384 4
94 5.81958338822382 0.6124364454211754 4.168431746903254 3
95 0.506994026917706 0.9278321308526457 4.5 3
