8 0.8452720656342736 0.6793960873226547 1.5 3
9 3.5683934231600256 0.664323417482017 2.5 3
10 3.0475825670173906 0.7609094236172358 2.5772661715429566 3
11 2.5257761067177062 0.0009456959218671159 2.728911274719059 4
12 3.40708201131661 -0.24872186446855787 3.141907341599388 4
13 2.7141629599054937 -0.19032373966024393 3.638535697767655 4
14 2.6718317960190916 -0.16379841842034476 4.157018847629523 4
15 2.097449973543891 -0.06928713234446747 4.6539722392406695 4
16 1.8624288947030507 0.11650806315896113 5.092905664794976 4
17 1.8456675739168888 0.17147066164842292 5.5 4
18 1.7962831539819124 0.2125362467995293 5.5 4
19 1.540090139226165 0.25270560415541743 5.5 4
20 1.74571029974157 0.2718589310546157 5.5 4
21 3.4364829284406087 -0.14260081323644833 5.5 4
22 3.4675247727045857 -0.033168725746706804 5.5 4
23 3.1430131514864916 -0.13890983194385711 5.5 4
24 3.4913993154368432 -0.1406364616884183 5.112315612777278 4
25 2.4473312391749413 0.10895751705180196 5.296388373444159 4
26 7.91411413536748 -0.16594315944528196 5.5 4
27 6.029956518045517 6.364280445312935e-05 5.5 4
28 3.493838520420441 -0.2465647792383403 5.5 4
29 4.567412595153072 -0.3155836119835867 5.5 4
30 9.21354542506245 -0.2188478980445053 5.5 4
31 3.168625191548222 -0.14275795019234197 5.5 4
32 2.377783232296933 -0.19815012790715125 5.5 4
33 2.440481272518432 -0.26395898722162603 5.5 4
34 0.7109432324958531 0.6500259296435553 5.5 4
35 1.7033582806514032 0.15332498031806513 5.024023750132841 4
36 1.0375773841703557 0.44992543648929323 3.9918408994049677 4
37 1.5758911657439816 0.23427034738011515 4.090098371803746 4
38 4.659724270709759 -0.2538378158093489 4.6183969137047605 4
39 3.40171670281382 0.1086784027899133 5.147061016949708 4
40 1.3380101228140013 0.34455711165689756 5.5 4
41 0.657352316640436 0.7575744514763849 5.5 4
42 2.599954156152643 0.30920442956838556 5.5 4
43 4.172997390145946 -0.2873225093796293 5.5 4
44 4.15077497069857 -0.24056458384600207 5.5 4
45 2.5301442254372413 0.1379712750275727 5.5 4
46 2.938442001236713 -0.13994664949603805 5.5 4
47 3.140826023015906 -0.13394513833963242 5.5 4
48 1.4312793624637292 0.3243800600865987 5.275038198087816 4
49 4.073143487870024 -0.2631962306001026 4.744740912780195 4
50 2.436266889990118 0.15473921228492618 4.70201164579123 4
51 3.019551179109193 -0.026196695515951055 5.04055843450121 4
52 3.1576859973253306 0.033357856555872825 5.5 4
53 7.0697771012762525 -0.30322594930541363 5.5 4
54 7.304247259719265 -0.1954694457133234 5.5 4
55 3.8722607668496423 -0.12490624538117552 5.5 4
56 2.6944651153281685 -0.15238240863135652 5.5 4
57 1.5326470639917726 0.5594040180329121 5.5 4
58 6.44244416262258 -0.25567242190107164 5.5 4
59 3.2545374634281528 -0.09810740110650706 5.5 4
60 5.40819363022211 -0.31137876344384685 5.5 4
61 6.565994479395508 -0.11034672261740013 5.5 4
62 6.479144033910024 -0.21225048897583587 5.5 4
63 1.5986660857368493 0.2465583545939036 5.5 4
64 1.4206281768346516 0.29309767970515127 5.5 4
65 2.1578220730321434 -0.1203674246637149 5.5 4
66 1.946510054465822 0.306628962412346 5.079184583707669 4
67 3.1108893997743046 0.4469023541275989 5.385482728450231 4
68 12.44673208903834 -0.2600542873204851 5.490238638129901 4
69 6.560686916858291 -0.31147474521231033 5.5 4
70 8.652302441087215 -0.27126639201833413 5.5 4
71 4.974498500015594 -0.2753087052743093 5.5 4
72 3.1755476430522815 -0.2263204672957257 5.5 4
73 2.4638131353011223 0.011609553844973086 5.5 4
74 3.0137634274251424 -0.1961322234094669 5.5 4
75 4.679470950679439 -0.2548047174359402 5.5 4
76 4.019093456797243 -0.2826185118669256 5.5 4
77 1.4085916772219376 0.4507123284474778 5.1382758025438235 4
78 2.2627053559697226 0.1589859970624642 5.366883567793949 4
79 2.847147507731451 -0.1296352967458225 5.5 4
80 2.586117768788581 -0.13667912862542977 5.5 4
81 2.8663511692143455 0.0067678734296394575 5.5 4
82 3.6066281135794824 -0.18691269958276294 5.5 4
83 4.3777272490556856 0.028613211897390932 5.5 4
84 1.457818083253473 0.30536009178609247 5.5 4
85 4.832434025885971 -0.07595611010742236 5.5 4
86 2.5077979716399623 -0.0814393383529825 5.5 4
87 2.931480046830096 -0.1307028474018774 4.973969634776877 4
88 0.9485682712853665 0.7010177962230948 4.166876353022919 4
89 3.3341317453921375 -0.041863516676276066 4.0384244535948675 4
90 6.575806568856619 -0.052554046670537376 3.907994190257159 4
91 2.2228413809111895 0.010692474258118907 3.4793979410082683 4
92 0.5435795524724973 0.8081201688171971 3.8459623458030836 4
93 16.75652330791825 -0.1303212589746917 4.414062116265239 3
94 20.697786469187935 -0.19098660173556475 5.066414088832796 3
95 20.68576736789687 -0.19774987993919627 5.5 3
