13 8.144251474110483 0.6377055432429077 1.5 3
14 20.522677444655535 -0.10104090308394406 2.5 3
15 23.262642608121023 -0.18492962736699203 2.9252840517619716 3
16 19.485210855307212 -0.14498505735952189 3.3015927729727683 3
17 1.441448136157188 0.21424905326430857 3.6303645937790936 4
18 2.7226667317190456 -0.19702443947685294 3.9464560067610273 4
19 2.9242703013857057 -0.21528478197344061 4.305977819761667 4
20 23.17647193708687 -0.16335637388146299 4.5 3
21 19.334865704116346 -0.21015355425139323 4.5 4
22 22.694376760195357 -0.23826919498524066 4.5 3
23 19.29049350728636 -0.2053653150111197 4.5 3
24 9.620033690385226 0.3426063449475598 4.5 3
25 12.975822059118222 0.2932564106533014 4.5 3
26 23.40104104240558 -0.25300135440656424 4.5 4
27 18.97617588483272 -0.1491034297983466 4.5 3
28 3.3704934569859306 0.7389091300147071 4.5 3
29 23.188683559300898 -0.20814317764377346 4.5 3
30 2.5745466417256786 0.011730874376013771 4.5 4
31 22.815216664307766 -0.19732364371199776 4.5 3
32 19.085177089993344 -0.04579208266290426 4.5 3
33 22.70791037197969 -0.34395420993292275 4.5 3
34 5.489967046723495 -0.19309116354949826 4.5 4
35 1.8449071360281453 0.46015072348078145 4.018525201718017 4
36 0.35393674615069237 0.8480584072792778 4.3785520471455746 4
37 1.4938122142961587 0.8537512489267646 4.5 3
38 10.823137081823983 0.4760245759368765 4.5 3
39 23.1773457848472 -0.17930536059316152 4.5 4
40 23.18557640128398 -0.2672291921833559 4.5 3
41 23.210726062309313 -0.268559189999517 4.5 3
42 18.25622850175554 -0.12342149098185823 4.5 3
43 22.965313738191007 -0.2889742355494987 4.5 3
44 9.486348674885738 -0.27310566024333294 4.5 4
45 23.229970748751494 -0.2588421796636459 4.5 3
46 23.232481920294614 -0.1642024084193941 4.5 3
47 21.599136563117234 -0.21846853111546918 4.5 3
48 22.952698869025262 -0.16120161540154462 4.5 3
49 2.626838687696541 0.8270736405184401 4.5 4
50 23.398554457137017 -0.16019958018450725 4.5 3
51 19.850344306193804 -0.17191110802803342 4.5 3
52 2.6726487359446285 0.7985930810705882 4.5 3
53 2.0395961985387663 0.8369984492736595 4.5 4
54 1.2131808936270998 0.8311313010678412 4.5 3
55 18.649811045868272 0.02934690659404802 4.5 3
56 22.949885206717454 -0.17699342027986947 4.5 3
57 5.863021769910246 -0.07751943185993229 4.3986329735821705 4
58 2.4401287818809534 0.336913672792014 4.5 4
59 8.096164218856106 0.27045314860816116 4.5 3
60 11.953627645933128 0.06951712704579371 4.5 3
61 23.14597509776214 -0.2695806910308884 4.5 3
62 9.455805694395899 0.09455048413576246 4.5 4
63 14.097211855094187 0.1967717236127692 4.5 3
64 15.593686824364337 0.10555486963625237 4.5 3
65 15.969514041193682 0.1602075316077254 4.5 3
66 19.952197159136986 -0.1806422073399825 4.5 3
67 3.649687910992422 0.7378718169656051 4.5 3
68 2.629650561111136 0.7733938784469336 4.5 3
69 1.8292283597427117 0.7959544909435066 4.5 4
70 0.20498667458438025 0.9404561322734606 4.5 4
71 3.81790584874083 0.7622720549144004 4.5 3
72 1.9484593907722552 0.8522921678688263 4.5 3
73 0.7905654626004797 0.6167938088257334 3.5901245517294154 4
74 0.35584224183267743 0.8861187140479191 3.032232217329263 4
75 2.1159135386190355 0.7748512011833707 3.490970428023356 4
76 1.113497292319071 0.8297862831822171 3.9773543933572366 4
77 23.018879154131252 -0.22762889941718417 4.5 3
78 3.915745302447421 0.7058953248338836 4.5 3
79 12.426192142854324 0.1766028892500912 4.5 3
80 16.037711672171913 0.028263776384251472 4.5 3
81 4.219844562796633 0.23322839359944816 4.5 4
82 5.807377729928888 0.27513506338414406 4.5 4
83 6.535850777985297 0.3162821163866082 4.5 3
84 13.98176757762963 0.04706193033810083 4.5 3
85 3.588620963112767 0.25392150485394804 4.320586992395692 4
86 10.20438440264785 0.3082474989399277 4.5 3
87 14.038430246557525 0.03210866335485405 4.5 3
88 2.4616382149748244 0.7571575636830682 4.5 3
89 22.986542751609655 -0.23669530526787494 4.5 3
90 1.585278843572273 0.8818305866669887 4.5 3
91 1.6531203035621953 0.5383110505220188 4.5 4
92 11.744193908090484 0.37203698096205307 4.5 3
93 9.556101182895084 0.5021997383090264 4.5 3
94 6.027709193409299 0.7296856674847347 4.5 3
95 19.786103492465564 -0.1749955190134673 4.4625118689201475 3
