3 3.651296125350016 0.6237327897308645 1.5 3
4 4.762616146066168 0.4666577642303103 2.5 3
5 1.480789200187135 0.7520880057547273 2.856480378716988 3
6 11.331144154469634 0.426291714383039 3.2174304746726015 3
7 9.988788441144461 0.5633308247756696 3.513006109622988 3
8 1.8927591025493857 0.030187752103385288 3.8911463279939724 4
9 0.7077823350841523 0.46148319506560115 4.283149166813118 4
10 1.868685853197646 -0.03704095698628594 4.658222674775443 4
11 1.8432876119749952 -0.004511177357043665 5.016724699335946 4
12 1.9206315463128396 -0.016041361927142988 5.402631520337505 4
13 1.5320075666933395 0.23552978549651635 5.5 4
14 1.0131704903278882 0.5126055021157908 5.5 4
15 1.3770090468304206 0.4058862072129041 5.5 4
16 1.3757171899373617 0.4604856522847722 5.489785728203617 4
17 3.912999464795112 0.35496640187489625 5.5 4
18 1.5057928248953427 0.05686610390598466 5.5 4
19 2.2263221681873 -0.062473474453569613 5.5 4
20 5.665977751281575 -0.12478338559327277 5.5 4
21 1.3610455698644275 0.5552931903389599 5.5 4
22 1.3411288569482522 0.4218470671860272 5.5 4
23 0.5251707425814809 0.8832731700869877 5.5 4
24 1.2310661412435868 0.3952835079866312 5.5 4
25 1.3611498698803963 0.31048079114572513 5.5 4
26 0.8876075350760644 0.7282914315538104 5.5 4
27 0.526412493998639 0.8603382741861695 5.419650733459788 4
28 0.6734744098475955 0.7828926925465598 5.265362731920064 4
29 1.0517397215859337 0.5172602846130303 5.0902659181735395 4
30 0.608998707677797 0.7524432707243148 4.911259816719961 4
31 0.6586276509062312 0.685272034534964 4.670870404737667 4
32 0.8762810909932792 0.5604819021199324 4.592666959284059 4
33 0.5343470046606189 0.8268560794124161 4.7030983749314945 4
34 0.6501271656118925 0.7758205497650379 4.68149741230439 4
35 1.3520620365733773 0.32285595188533234 4.653258242991677 4
36 1.3775294512257972 0.3453560489177363 4.8422552408654225 4
37 1.3346273459613514 0.4798694201597826 5.146357206505396 4
38 1.0061271320668075 0.6393646364327009 5.440363769600641 4
39 0.5499337801727151 0.8889995319281737 5.5 4
40 0.8021261172188794 0.7990093296234395 5.5 4
41 0.829031588227851 0.7482571551226025 5.5 4
42 0.9589757339817826 0.6688522331848913 5.5 4
43 1.781511775443314 0.1908956148127648 5.5 4
44 1.6459686424546822 0.17587397338893876 5.5 4
45 1.3159624656210758 0.3294914781220837 5.5 4
46 1.1381764705501736 0.48422687177729457 5.5 4
47 1.6472964912277615 0.1625124713523933 5.5 4
48 1.4890485753746372 0.1918795072846549 5.5 4
49 1.6858472622551384 0.30447382674654566 5.5 4
50 2.247163732375074 0.4360689034637905 5.5 4
51 1.8630541557515574 0.12924156671482104 5.5 4
52 2.6296556803182325 -0.008062736726632339 5.5 4
53 3.0194478529923305 -0.021130559087466232 5.5 4
54 1.883595619735516 0.17965388513150543 5.5 4
55 1.393669561341909 0.45523278546133716 5.5 4
56 2.322508229808453 0.25877026711269185 5.5 4
57 2.69543800405454 0.29960857262177515 5.5 4
58 1.0121179129894742 0.4464833659612067 5.5 4
59 3.7926059390699205 -0.3424587457427004 5.5 4
60 4.376909041484936 -0.0964900381031018 5.5 4
61 2.742336903482694 0.035023957785726735 5.5 4
62 1.4466266840006945 0.3767317680593596 5.5 4
63 1.2059117283089664 0.50477806966599 5.5 4
64 1.078420446919699 0.6211920907634391 4.260011550449256 4
65 1.1935857872838964 0.5004095759820348 3.9968692947950113 4
66 1.4177290391954571 0.43010511834504334 4.424603440922278 4
67 0.8684400945480029 0.6039590315687975 4.916791839224039 4
68 1.98888846919293 -0.1978770744445431 5.4516965993167545 4
69 1.475772340878791 0.06100680533574324 5.5 4
70 1.8327098526058432 -0.17328196467142265 5.5 4
71 3.1683511408107288 -0.49469672791068087 5.5 4
72 6.298129930074178 -0.24732257558513526 5.5 4
73 4.286852609535541 -0.27066610313841655 5.5 4
74 2.0790713829180536 -0.1093249347008768 5.5 4
75 3.356219185451617 -0.12083654027426217 5.5 4
76 1.2753960923135086 0.5134981222884458 5.494007022329504 4
77 1.497625774747684 0.37390509820539297 5.5 4
78 1.4924439759284382 0.3766441798899294 5.5 4
79 1.357595210142466 0.45144528639494774 5.5 4
80 1.4632344331105456 0.5406949745518244 5.5 4
81 2.72847885986989 0.3347815280363261 5.5 4
82 1.2190406860954885 0.20383181975399814 5.5 4
83 1.9618948864317929 0.28101421672523863 5.5 4
84 0.7532103580651155 0.6906697264436344 5.5 4
85 0.6004532212677143 0.8398241402943096 5.5 4
86 0.5176159732007566 0.916330910206961 5.1218244791889305 4
87 0.4552568764191376 0.9493051564194028 5.199226442143452 4
88 0.45308241584913667 0.9432940056498164 5.471598556950281 4
89 0.35971664817967053 0.9591714451037817 5.5 4
90 0.2925732782526298 0.9670920497757115 5.5 4
91 0.2492270646751198 0.8860387797659162 5.5 4
92 4.235305485802512 -0.1654704191841401 5.5 4
93 6.284665494143012 0.09746940788557125 5.5 4
94 2.8869354860525593 0.8044194970158661 5.5 3
95 7.784736284556671 0.5613150850736642 5.5 3
