2 2.369773124407324 0.5422174722264549 1.5 3
3 8.946668129709021 0.25854437589818774 2.5 3
4 10.324405813480096 0.20208469069602483 2.7482149998753727 3
5 1.0033002569647707 0.5400706144414388 2.941336427352106 4
6 0.33405258202293275 0.8913760767244826 3.1294479393557473 4
7 0.8887420360525375 0.653865435947245 3.3126366599860475 4
8 0.2961894719600089 0.9180077858809425 3.583727605233379 4
9 0.3099738537594492 0.8994663434583593 3.7943420482168357 4
10 0.48020781628172404 0.8419450299752336 3.965049417018541 4
11 1.2265463263490792 0.5268758486684326 4.1568981035201755 4
12 2.6135362734082284 0.22563195276273493 4.479054709050319 4
13 2.839665708255647 -0.08124246353345836 4.729987927435361 4
14 3.2834776906624388 -0.1366802357791526 4.60754846374869 4
15 2.4982387442739524 -0.0883791908924287 4.573845362554775 4
16 1.8058071148840682 0.20522089240782235 4.828136821835147 4
17 2.1470032085383606 -0.07373835924970971 5.125414188158355 4
18 2.547688759501524 -0.11864432428741271 5.342750840098903 4
19 0.9243828938856122 0.7661938367485698 5.630757852150173 4
20 2.608688211915484 0.09641315859479721 5.910870830886901 4
21 2.896294461149318 -0.15951431507935576 6.270274990514812 4
22 3.3074478159044434 -0.12782913877878105 6.5 4
23 3.378316477120551 -0.13854957502567167 6.5 4
24 3.1207400938145726 -0.1411406611791837 6.5 4
25 2.5590257907891987 -0.08472776741265149 6.5 4
26 0.5204008475878261 0.8342859050830991 6.5 4
27 3.7174980006575824 -0.16298831043612633 6.458861767940016 4
28 3.7538819883196037 -0.15990117450491173 6.5 4
29 2.8271769926057813 0.5021794708821616 6.5 4
30 3.275966195575987 0.47848804724283267 6.5 4
31 3.4548546376147655 0.5200915943134791 6.5 4
32 1.5074548741050746 0.48762270599708385 6.5 4
33 1.4578175075240196 0.3918144911643945 6.5 4
34 0.32127165804660773 0.953154227629571 6.5 4
35 7.162313171005687 -0.0599802476351437 6.5 4
36 3.458652851456063 -0.1276004392940661 6.5 4
37 3.237576309838543 -0.13402749862604385 6.4188119670045785 4
38 3.2275874413848484 -0.10925864432074575 5.9058459675036685 4
39 2.7030014384958303 -0.031106757377097075 5.242008731981455 4
40 1.3464817940334415 0.32335967167031526 4.488906209312066 4
41 1.9711244596417838 0.08142151217517919 4.178359818047516 4
42 2.007194453264976 0.06425951576740144 4.008667615216465 4
43 0.8673045022579648 0.6606593714740133 3.8955520555615 4
44 1.4628024703819538 0.3751557477368444 3.5671735936027833 4
45 1.8383530513900022 0.12275749005620473 3.5250255359846414 4
46 0.10805521664715023 0.9930013918011369 3.7263597207140484 4
47 1.5437601085967572 0.3413384428580982 3.809748181180723 4
48 1.9249406053208524 0.085607651429248 4.023985936044729 4
49 1.6718903930026183 0.19753799738518077 4.335150096001852 4
50 0.8204640597917532 0.6675555941528235 4.834461179546721 4
51 2.1120856371732932 -0.052082202052464305 5.31170658871541 4
52 2.95031776142344 -0.15475267610228668 5.944706059278476 4
53 3.465579518657006 -0.19140161918855003 6.5 4
54 1.1785349762537454 0.4903596910221861 6.5 4
55 1.3865190219531334 0.49896260363698164 6.5 4
56 1.8846793180891996 0.6471237408472701 6.472083381918506 4
57 4.030304374974035 -0.24238702996162975 6.5 4
58 3.7995805422331683 -0.24780566542485494 6.5 4
59 1.3228369035456273 0.6739494063835751 6.5 4
60 2.852819491580104 -0.05856459302415652 6.5 4
61 3.1437842887635936 -0.15902433618966463 6.5 4
62 3.8332976445930482 -0.26812534101624147 6.5 4
63 2.9808002080369933 -0.27113280237507553 6.5 4
64 1.5506638230999377 0.42430532796353065 6.5 4
65 2.4908269451706726 -0.046926020490066014 6.5 4
66 2.9173404582647233 -0.20007553446916493 6.228698656507062 4
67 3.3269074840683004 -0.17673538028696978 6.008593257757297 4
68 4.037138384076515 -0.3103668005241569 6.175414944799187 4
69 4.2614976890775935 -0.2528399966565849 6.049405239186184 4
70 1.3621286941029291 0.45514544839060617 6.331132191953315 4
71 3.270260922651273 -0.07044295995062698 6.5 4
72 1.1202641058339546 0.48159806241967756 6.5 4
73 1.2167937788043153 0.42494593288617993 6.5 4
74 0.2844488556420961 0.9368461386254627 6.5 4
75 1.4521482473961278 0.43094413407329785 6.5 4
76 1.7510234578053732 0.2756192922974909 5.789391233422764 4
77 1.4117476831159692 0.4674419426541219 5.873761117847127 4
78 1.9990270800448569 0.2736044742829092 6.447014989200805 4
79 0.18462881569986678 0.960768328841162 6.5 4
80 1.4646373212377464 0.35442272100216105 6.5 4
81 0.884236869165437 0.6211162741822113 6.5 4
82 1.4452879675401284 0.31599587136742746 6.5 4
83 1.0863234681483531 0.5362443722778456 6.5 4
84 1.6187478390252608 0.23201475524675227 6.5 4
85 1.4899765159211755 0.30714234087775566 6.5 4
86 0.6794165892568724 0.7267152637796523 6.5 4
87 1.4388838188886863 0.35983622775332874 6.5 4
88 0.26171891548988047 0.9161673196425922 6.5 4
89 1.466224434861802 0.2520132939477168 6.4221469441808585 4
90 1.8071643714209227 0.047784811717243 6.5 4
91 1.607937181838916 0.19531604196848343 6.5 4
92 1.0845700133035479 0.5336432191977902 6.5 4
93 6.036037205739271 0.6336471025382592 6.5 3
94 5.447228107505361 0.6606000420770766 6.5 3
95 2.5306579142411083 0.8305455358623435 6.5 3
