8 14.389990194482692 0.22939823088376027 1.5 3
9 22.40321311599899 -0.14445359979083824 2.5 3
10 23.005388308696613 -0.15570647988103128 2.963658635788669 3
11 1.367232818124278 0.8856356014744102 3.4774963797759173 3
12 6.031540214454213 0.5018133187203947 3.9525202751741237 3
13 13.633452029968065 0.19752642117197033 4.411311760863692 3
14 1.2073875689036377 0.449069258325305 4.5 4
15 1.1093778969435526 0.5680247195720345 4.5 4
16 2.1236609418231067 -0.03058501613460276 4.5 4
17 1.345990647447186 0.5128530803943567 4.5 4
18 0.7857471884354856 0.7923160499103936 4.5 4
19 0.6897926668847658 0.7964131803346384 4.5 4
20 0.44415752239535244 0.8984603437269642 4.5 4
21 0.717412369923486 0.7474516475333645 4.435658996160658 4
22 0.4596520587856707 0.9054890542518174 4.3194521578428215 4
23 0.4990360724439791 0.8613494587702459 4.349537822879348 4
24 0.4726178417039568 0.8782180287292581 4.325437897523461 4
25 0.535532547155527 0.8583465081411766 4.385725285923552 4
26 0.2793392098770564 0.9647282981301497 4.426018323830565 4
27 0.6173561606965476 0.8269157706391479 4.5 4
28 0.61207545589569 0.8013875414683992 4.5 4
29 0.8483999152638848 0.7095278873159395 4.5 4
30 0.2933920505426455 0.9128456147315153 4.5 4
31 1.6654320407652108 0.3522528493593057 4.479089336791156 4
32 6.527452269398211 0.130907034687614 4.5 4
33 6.227720317338709 0.24661721953550098 4.5 4
34 1.596476665414535 0.44941550279132314 4.5 4
35 1.1654663098188198 0.5380150605936368 4.5 4
36 0.9632943736760247 0.6111752682159349 4.5 4
37 1.4438361362786214 0.45539638485113865 4.5 4
38 0.5964060517912726 0.7730880458424951 4.5 4
39 0.45301345458557307 0.8189942638859142 4.5 4
40 0.8135996342060006 0.7983113762910548 4.5 4
41 1.3899942146047666 0.44524221772907124 4.5 4
42 1.3347081643244767 0.5948247119642547 4.5 4
43 0.6076063087933328 0.8954884589745138 4.218173896085653 4
44 1.1663653615401204 0.6422605601252573 4.1282893367190265 4
45 1.430859697645868 0.5546161286464442 4.5 4
46 0.9433854737264085 0.7581330303639774 4.5 4
47 0.45543508827864887 0.8863272955405456 4.5 4
48 1.0223615372596635 0.6154742628098255 4.5 4
49 0.8149193263536221 0.7112200118471862 4.5 4
50 0.5130974282653922 0.8459323166135094 4.5 4
51 0.5179214768197928 0.8479782971185745 4.5 4
52 1.1407894986195863 0.6230471246171586 3.9540821951730543 4
53 1.1447549439987084 0.42380470049230057 3.983231574641846 4
54 1.4898990985897997 0.2516439220845993 3.878085663793245 4
55 0.9381595550035167 0.6498731282590979 3.47312302746551 4
56 0.8559815363000656 0.7274438840136129 3.4202665588638266 4
57 0.880228672068939 0.72531016700248 3.5196399702310517 4
58 0.9216245010182273 0.6303102399539713 3.0514292709254804 4
59 1.027164154631965 0.6905553800302082 3.510374540653007 4
60 0.7640392415388648 0.8432161419502646 4.093404248862898 4
61 2.1605010413902326 0.2676040663656228 4.5 4
62 1.796210151642442 0.1579948152903386 4.5 4
63 1.5997036340792592 0.19835819372152366 4.5 4
64 1.1164632720062606 0.5660012570125856 4.5 4
65 1.1036038051612822 0.6380504973281963 4.5 4
66 0.8325883428323237 0.6351064680243549 4.5 4
67 1.6042127661721484 0.11046785439124676 4.5 4
68 6.3853333790012545 -0.12360834176434055 4.5 4
69 5.73848906609578 -0.09497443848496476 4.5 4
70 2.550432666220849 -0.1701619397116515 4.349327995242478 4
71 2.4330096178611322 -0.3296239214644852 4.092606413084722 4
72 2.8534330681307623 0.2472524592697335 4.411745082654947 4
73 3.6378842013154467 0.4193202522807316 4.462442089601478 4
74 1.868616520448649 0.3047193535343156 4.5 4
75 1.079810211051413 0.6133530014740753 4.5 4
76 1.43017409022627 0.3706707645755262 4.5 4
77 1.096124537275351 0.6081378176897003 4.5 4
78 0.9105023444174787 0.7243606488511589 4.5 4
79 0.8477084686664309 0.6845464224739989 4.5 4
80 0.5521950643995943 0.8649478247442769 4.19691726970073 4
81 0.3196725106002356 0.9350625243485406 3.9325471458672108 4
82 0.6327865670448887 0.7936350578436583 4.5 4
83 1.6909212994723717 0.5924512485474692 4.5 4
84 0.6770751353207931 0.7924852534511929 4.5 4
85 0.6570817201042232 0.7388827822611328 4.5 4
86 0.6782016895676666 0.7661367906844667 4.5 4
87 0.4838100964819594 0.8515103689911588 4.5 4
88 0.6073681889408418 0.8563533511919672 4.5 4
89 0.4496624601363939 0.8580681456388641 4.5 4
90 0.734128580634974 0.7691620535198673 4.5 4
91 0.7540429030544713 0.7141392451278711 4.5 4
92 0.38451219078749865 0.855465579380112 4.5 4
93 0.29267642788468873 0.920701064276805 4.436049962785459 4
94 0.006370467483928444 0.9988657228568933 4.5 3
95 0.4519645490511479 0.9413441717460574 4.5 3
