7 0.234375
8 13.482421875
9 13.755859375
10 14.830078125
11 15.23828125
12 14.966796875
13 13.740234375
14 13.90234375
15 14.33203125
16 13.89453125
17 13.978515625
18 13.984375
19 13.638671875
20 12.18359375
21 11.427734375
22 11.009765625
23 9.986328125
24 9.990234375
25 9.6796875
26 9.32421875
27 9.419921875
28 8.6484375
29 8.82421875
30 8.447265625
31 7.89453125
32 7.62109375
33 8.25390625
34 8.4921875
35 8.61328125
36 8.876953125
37 9.064453125
38 9.75
39 10.240234375
40 11.703125
41 13.29296875
42 12.2421875
43 11.67578125
44 11.572265625
45 11.4609375
46 10.990234375
47 11.041015625
48 11.083984375
49 10.83203125
50 10.69140625
51 10.708984375
52 11.013671875
53 11.537109375
54 11.486328125
55 11.685546875
56 11.783203125
57 11.55078125
58 11.298828125
59 9.4765625
60 8.3203125
61 6.9765625
62 6.859375
63 6.96484375
64 7.15625
65 7.09375
66 7.0
67 7.359375
68 7.41015625
69 8.48828125
70 10.14453125
71 11.1328125
72 9.966796875
73 8.693359375
74 8.03515625
75 7.505859375
76 6.80078125
77 6.04296875
78 5.078125
79 4.248046875
80 4.130859375
81 4.244140625
82 4.103515625
83 4.17578125
84 4.033203125
85 4.31640625
86 4.23046875
87 4.271484375
88 4.96484375
89 5.775390625
90 6.005859375
91 6.287109375
92 7.177734375
93 6.677734375
94 7.212890625
95 8.099609375
