11 0.234375
12 13.015625
13 13.51953125
14 13.44921875
15 14.134765625
16 16.283203125
17 19.72265625
18 20.609375
19 12.9140625
20 14.552734375
21 16.984375
22 12.5859375
23 12.40234375
24 12.353515625
25 13.125
26 13.4609375
27 12.826171875
28 12.939453125
29 12.646484375
30 11.6015625
31 11.880859375
32 14.52734375
33 12.609375
34 15.28125
35 13.359375
36 13.3828125
37 13.22265625
38 12.6015625
39 15.28125
40 15.1953125
41 14.28515625
42 15.3125
43 15.3359375
44 13.169921875
45 12.37109375
46 13.4609375
47 12.56640625
48 12.232421875
49 12.505859375
50 13.521484375
51 12.3359375
52 12.05859375
53 12.60546875
54 12.642578125
55 12.375
56 14.4921875
57 14.87109375
58 13.927734375
59 13.58984375
60 13.4609375
61 13.3671875
62 12.83984375
63 12.943359375
64 11.71484375
65 10.916015625
66 9.54296875
67 9.056640625
68 9.7109375
69 9.22265625
70 9.0
71 8.4140625
72 7.51171875
73 7.447265625
74 8.146484375
75 9.05078125
76 8.484375
77 8.013671875
78 7.474609375
79 8.26171875
80 8.5234375
81 8.5078125
82 8.0078125
83 7.625
84 8.212890625
85 8.12890625
86 8.478515625
87 9.849609375
88 7.37109375
89 6.26171875
90 7.2421875
91 7.333984375
92 7.333984375
93 7.3984375
94 7.234375
95 7.369140625
