11 0.234375
12 2.40625
13 2.45703125
14 2.658203125
15 3.1015625
16 3.12890625
17 3.75
18 4.447265625
19 4.7734375
20 5.021484375
21 5.904296875
22 7.166015625
23 8.404296875
24 11.6640625
25 15.70703125
26 16.576171875
27 14.287109375
28 12.486328125
29 12.8203125
30 14.224609375
31 12.912109375
32 13.17578125
33 12.224609375
34 11.798828125
35 11.947265625
36 11.9453125
37 12.28515625
38 11.939453125
39 9.662109375
40 11.6953125
41 11.37109375
42 11.37890625
43 11.3984375
44 11.6796875
45 11.345703125
46 9.9921875
47 9.900390625
48 12.21484375
49 13.375
50 11.892578125
51 10.025390625
52 9.509765625
53 10.76953125
54 10.23046875
55 9.853515625
56 9.51171875
57 9.330078125
58 9.18359375
59 9.234375
60 9.8671875
61 9.66796875
62 10.794921875
63 8.984375
64 7.4296875
65 7.34375
66 6.640625
67 5.931640625
68 6.2578125
69 4.99609375
70 5.099609375
71 4.23046875
72 4.98046875
73 4.41015625
74 4.453125
75 4.138671875
76 4.1796875
77 3.875
78 3.890625
79 3.96875
80 4.9453125
81 4.98828125
82 5.328125
83 7.705078125
84 8.0078125
85 8.93359375
86 9.8515625
87 11.384765625
88 13.662109375
89 13.53125
90 12.45703125
91 13.439453125
92 13.345703125
93 9.193359375
94 10.9140625
95 10.525390625
