11 0.234375
12 2.55078125
13 2.666015625
14 2.87890625
15 2.865234375
16 2.84375
17 4.326171875
18 4.37109375
19 4.849609375
20 4.7421875
21 5.361328125
22 7.427734375
23 9.185546875
24 11.779296875
25 12.5703125
26 16.740234375
27 13.810546875
28 13.201171875
29 12.759765625
30 13.05078125
31 12.294921875
32 12.6796875
33 12.681640625
34 11.7265625
35 11.248046875
36 13.412109375
37 13.220703125
38 13.583984375
39 10.26171875
40 11.126953125
41 11.11328125
42 11.94140625
43 9.8515625
44 11.44140625
45 11.552734375
46 11.767578125
47 10.12109375
48 13.162109375
49 12.087890625
50 11.828125
51 11.396484375
52 9.732421875
53 10.693359375
54 10.59375
55 10.853515625
56 10.798828125
57 10.634765625
58 9.53515625
59 9.77734375
60 9.759765625
61 10.794921875
62 11.341796875
63 12.759765625
64 13.50390625
65 14.61328125
66 13.833984375
67 12.46875
68 15.849609375
69 18.484375
70 17.18359375
71 14.36328125
72 14.03125
73 12.77734375
74 13.76953125
75 13.263671875
76 13.310546875
77 13.171875
78 12.12890625
79 12.744140625
80 11.525390625
81 13.189453125
82 12.234375
83 13.828125
84 12.279296875
85 11.97265625
86 13.208984375
87 12.349609375
88 11.91796875
89 12.412109375
90 12.146484375
91 11.7421875
92 12.15234375
93 11.974609375
94 13.482421875
95 11.67578125
