2 0.234375
3 7.7734375
4 7.8515625
5 6.69921875
6 7.234375
7 6.248046875
8 6.55078125
9 7.201171875
10 7.203125
11 7.88671875
12 7.49609375
13 7.271484375
14 7.517578125
15 7.580078125
16 8.4453125
17 8.837890625
18 8.4296875
19 7.50390625
20 7.65625
21 7.10546875
22 7.263671875
23 7.37890625
24 7.59375
25 7.84765625
26 8.06640625
27 7.884765625
28 7.7890625
29 8.8984375
30 8.474609375
31 7.15625
32 6.76953125
33 6.6640625
34 6.669921875
35 6.376953125
36 6.62890625
37 6.794921875
38 6.927734375
39 6.87890625
40 7.826171875
41 9.982421875
42 11.794921875
43 10.671875
44 9.412109375
45 9.3125
46 8.923828125
47 8.875
48 9.138671875
49 9.890625
50 10.01953125
51 10.638671875
52 10.900390625
53 12.767578125
54 14.953125
55 18.2890625
56 20.875
57 20.208984375
58 20.078125
59 19.77734375
60 19.22265625
61 16.564453125
62 15.90234375
63 15.70703125
64 16.53515625
65 16.0546875
66 15.34765625
67 15.140625
68 14.3515625
69 13.64453125
70 12.580078125
71 13.62109375
72 11.90234375
73 11.5625
74 11.35546875
75 10.71875
76 10.240234375
77 10.0390625
78 10.11328125
79 10.05859375
80 10.06640625
81 9.994140625
82 8.513671875
83 7.5078125
84 7.033203125
85 6.4140625
86 5.669921875
87 5.046875
88 5.16796875
89 5.251953125
90 5.43359375
91 5.400390625
92 5.638671875
93 6.060546875
94 5.90625
95 5.28125
