7 0.234375
8 13.37109375
9 13.3671875
10 13.98046875
11 13.5
12 12.451171875
13 13.8984375
14 14.07421875
15 14.416015625
16 14.044921875
17 13.701171875
18 14.228515625
19 13.6640625
20 12.13671875
21 11.357421875
22 11.076171875
23 9.927734375
24 10.11328125
25 9.646484375
26 9.185546875
27 9.015625
28 8.44140625
29 8.763671875
30 8.19921875
31 7.830078125
32 7.69921875
33 8.220703125
34 8.5078125
35 8.603515625
36 8.748046875
37 9.38671875
38 10.0859375
39 10.13671875
40 11.658203125
41 13.439453125
42 12.427734375
43 11.66796875
44 11.328125
45 11.625
46 11.251953125
47 11.162109375
48 11.05859375
49 11.0390625
50 10.697265625
51 10.533203125
52 11.19140625
53 11.548828125
54 11.751953125
55 11.759765625
56 11.798828125
57 11.65625
58 11.51953125
59 9.58203125
60 8.14453125
61 6.8046875
62 6.921875
63 6.900390625
64 7.158203125
65 7.029296875
66 7.267578125
67 7.458984375
68 7.05078125
69 8.455078125
70 10.607421875
71 11.560546875
72 10.0
73 8.90234375
74 7.93359375
75 7.482421875
76 6.73828125
77 5.880859375
78 5.1171875
79 4.32421875
80 4.580078125
81 4.173828125
82 4.361328125
83 4.3125
84 4.0859375
85 4.36328125
86 4.220703125
87 4.28125
88 4.92578125
89 5.6171875
90 5.775390625
91 6.16796875
92 7.564453125
93 6.673828125
94 7.3125
95 7.390625
