2 0.234375
3 13.90625
4 14.23828125
5 14.314453125
6 13.4453125
7 13.50390625
8 14.830078125
9 14.390625
10 14.3046875
11 14.490234375
12 14.302734375
13 14.451171875
14 14.791015625
15 13.32421875
16 12.177734375
17 11.08203125
18 11.0546875
19 10.1484375
20 9.95703125
21 9.6484375
22 8.962890625
23 9.208984375
24 8.798828125
25 8.88671875
26 8.1875
27 7.828125
28 7.728515625
29 8.4375
30 8.798828125
31 9.22265625
32 8.716796875
33 9.26953125
34 9.6328125
35 9.74609375
36 11.6640625
37 13.13671875
38 12.640625
39 11.580078125
40 11.576171875
41 11.013671875
42 11.15625
43 11.484375
44 11.30078125
45 11.19921875
46 10.68359375
47 11.150390625
48 10.9296875
49 11.517578125
50 11.533203125
51 11.203125
52 11.45703125
53 11.435546875
54 11.625
55 9.369140625
56 8.986328125
57 8.37109375
58 7.849609375
59 7.208984375
60 6.861328125
61 6.416015625
62 6.03515625
63 5.775390625
64 5.447265625
65 5.654296875
66 5.80078125
67 5.470703125
68 5.73046875
69 5.39453125
70 5.306640625
71 5.75
72 6.01953125
73 6.466796875
74 6.970703125
75 7.859375
76 9.009765625
77 9.708984375
78 9.947265625
79 10.541015625
80 9.6640625
81 8.388671875
82 7.3125
83 7.091796875
84 6.537109375
85 5.6328125
86 5.078125
87 4.947265625
88 4.951171875
89 5.048828125
90 5.072265625
91 5.087890625
92 4.94921875
93 4.509765625
94 4.365234375
95 4.0
