7 0.234375
8 5.48828125
9 5.552734375
10 5.640625
11 5.037109375
12 5.27734375
13 5.3828125
14 5.15234375
15 5.10546875
16 5.466796875
17 5.3671875
18 5.39453125
19 5.14453125
20 5.154296875
21 4.876953125
22 4.87109375
23 4.748046875
24 4.88671875
25 4.943359375
26 4.86328125
27 4.685546875
28 4.740234375
29 4.701171875
30 5.11328125
31 5.12109375
32 4.84375
33 5.03515625
34 5.916015625
35 6.23828125
36 6.61328125
37 7.25390625
38 7.919921875
39 9.205078125
40 9.515625
41 10.951171875
42 10.8125
43 10.53125
44 9.306640625
45 7.62109375
46 7.318359375
47 6.376953125
48 5.90625
49 5.380859375
50 4.943359375
51 4.5625
52 4.541015625
53 4.49609375
54 4.650390625
55 4.482421875
56 4.3828125
57 4.640625
58 4.80078125
59 5.43359375
60 5.3984375
61 5.947265625
62 6.220703125
63 7.00390625
64 7.818359375
65 8.896484375
66 10.203125
67 10.12890625
68 10.53125
69 10.4296875
70 11.5703125
71 11.236328125
72 10.708984375
73 10.16015625
74 10.26171875
75 9.572265625
76 9.16015625
77 8.994140625
78 8.775390625
79 8.744140625
80 8.19140625
81 7.88671875
82 8.025390625
83 8.21484375
84 8.359375
85 8.986328125
86 8.8828125
87 9.181640625
88 10.169921875
89 9.966796875
90 11.09375
91 13.564453125
92 13.431640625
93 12.19921875
94 11.701171875
95 11.765625
