11 0.234375
12 2.86328125
13 3.177734375
14 2.919921875
15 3.125
16 3.48046875
17 4.44921875
18 4.716796875
19 5.08203125
20 5.349609375
21 5.51171875
22 7.70703125
23 9.431640625
24 13.123046875
25 13.76171875
26 15.689453125
27 12.982421875
28 12.744140625
29 12.935546875
30 12.78515625
31 12.53515625
32 12.05859375
33 11.61328125
34 9.8515625
35 11.9765625
36 12.78515625
37 13.45703125
38 12.708984375
39 10.177734375
40 11.63671875
41 9.923828125
42 11.82421875
43 12.185546875
44 11.474609375
45 10.916015625
46 11.240234375
47 11.68359375
48 11.568359375
49 12.697265625
50 11.63671875
51 11.404296875
52 9.693359375
53 10.6953125
54 11.2734375
55 11.291015625
56 9.533203125
57 10.814453125
58 9.224609375
59 10.474609375
60 9.068359375
61 11.57421875
62 10.0
63 10.1484375
64 9.599609375
65 9.609375
66 10.6328125
67 10.634765625
68 10.396484375
69 10.46875
70 11.55859375
71 11.474609375
72 13.47265625
73 13.33203125
74 12.69921875
75 11.8515625
76 10.42578125
77 9.828125
78 10.3125
79 9.826171875
80 9.72265625
81 9.8515625
82 9.765625
83 8.33203125
84 7.64453125
85 7.5859375
86 9.4140625
87 9.283203125
88 9.1015625
89 8.6171875
90 10.892578125
91 10.970703125
92 10.9921875
93 11.7890625
94 11.861328125
95 11.828125
