2 1.3638011079072543 0.863508768936252 1.5 3
3 4.304727050027483 0.662279564432488 2.5 3
4 4.41261551822059 0.5517522358048055 2.8651910997046204 3
5 5.414769791969973 0.461681175865 3.255547426493361 3
6 0.6293180195398378 0.6860928055702035 3.646577910903918 4
7 0.13226530852541973 0.9927271577022556 4.019203668271575 4
8 1.4967815278330443 0.5334619388040562 4.269602762277148 4
9 0.7583732970134838 0.7995192175678926 4.60636664813833 4
10 2.6276342778598476 0.09904755266454753 4.96217682901105 4
11 3.1238243635236502 -0.1743774968317307 5.323578380722824 4
12 2.8171204199679707 -0.1439012180351785 5.5 4
13 2.1516863738575793 -0.016226295498112272 5.5 4
14 2.894611247065603 -0.12042500021948781 5.3572802328996145 4
15 2.790061651521637 -0.2000376568915495 5.020847176717214 4
16 0.9275336192040493 0.6020315375427526 4.900998068228948 4
17 2.198080860331836 -0.07158480225143012 5.075644281742504 4
18 1.08739275945962 0.424992775197756 5.070992617734504 4
19 1.3771265943254738 0.34851314249251497 5.428178511213477 4
20 2.0488611593860666 -0.041215160667539656 5.5 4
21 1.9588287637110744 0.1880428708713157 5.5 4
22 2.6135710728648442 -0.015919117860009716 5.5 4
23 0.7935975747430497 0.5866395468809147 5.5 4
24 2.101997823328886 -0.0885030457024369 5.5 4
25 1.0404148585708262 0.42006925188637123 4.914122501891958 4
26 1.447607116315612 0.31575163511845655 4.918181659216745 4
27 1.53883257253504 0.34642599166695687 5.491474578163645 4
28 1.5521663404354697 0.3025064966499687 5.5 4
29 1.8680369789616496 0.22784524109015644 5.5 4
30 2.979268700152028 0.16620440576939113 5.5 4
31 8.920036117401018 -0.28802382540208604 5.5 4
32 7.662283833996495 -0.2164080687028214 5.5 4
33 5.877409629456496 -0.07091273980094577 5.5 4
34 2.8976138029849823 -0.11559265085656166 5.5 4
35 3.4117854420427847 -0.16008085245099754 5.5 4
36 2.413465031424886 0.043224250616320854 5.5 4
37 2.9023098255259505 -0.07855960061140825 5.5 4
38 1.5292098836717667 0.35931292764909967 5.33584941684128 4
39 1.8680087956180964 0.19331700446959607 5.462145167693852 4
40 0.18122658589428742 0.9547873091679432 5.5 4
41 2.412546809596491 -0.05613767797965537 5.5 4
42 2.023059663458871 0.07944744458672387 5.5 4
43 1.1284632827139163 0.47908445138179856 5.5 4
44 2.705540395119378 0.20294266686387477 5.5 4
45 3.9880785411927526 -0.17719595504695448 5.5 4
46 3.1492568005274064 -0.13402184779645174 5.5 4
47 3.3117019807618924 -0.1250065558743614 5.5 4
48 3.4886099528852776 -0.21210910074518885 5.5 4
49 3.6495089318196703 -0.24329538700712486 5.5 4
50 3.5850044727134485 -0.22958151566751756 5.5 4
51 2.871655501963267 -0.1551862486555446 5.5 4
52 2.623555299891075 -0.10579542118537767 5.5 4
53 4.563957091632366 -0.2852855108918638 5.5 4
54 4.064392300011324 -0.15216490978365144 5.5 4
55 3.4837267466038515 -0.1407823778133918 5.5 4
56 0.9599334010380502 0.53873709931246 5.5 4
57 2.480403069562148 -0.010487522645333943 5.5 4
58 3.5289719576871974 -0.34614973143397737 5.5 4
59 5.892695115541067 -0.3367231054241937 5.5 4
60 3.2489404263453023 -0.23158084662588704 5.21105579337202 4
61 3.159463761671306 -0.23578264783574626 5.5 4
62 3.3522601834379397 -0.27522369978876526 5.5 4
63 3.730233266024216 -0.2944253731364968 5.5 4
64 3.316592894072029 -0.24959223077172163 5.5 4
65 0.9342683357002635 0.5024368271674168 5.5 4
66 0.8136468796693377 0.6475782843707046 5.5 4
67 0.7628933087692289 0.711356866606398 5.5 4
68 0.9130476083016763 0.6946419871744636 5.5 4
69 3.0914486361156994 -0.20989121465631827 5.5 4
70 4.028694278776815 -0.006968810325241246 5.5 4
71 3.0304320282554444 -0.2764885796018867 5.025257189055555 4
72 2.582459896185731 -0.27272752176553905 5.270482229052199 4
73 2.599582739693439 -0.08240373789967913 5.467095009793659 4
74 0.9304905708655129 0.5877555281410555 5.5 4
75 2.421600866173966 -0.12173344428442807 5.5 4
76 2.4740535967832384 -0.21619138120640263 5.5 4
77 2.312681188999723 -0.09970779559860353 5.5 4
78 2.2287448189008527 0.0014503986624339162 5.5 4
79 1.4788519424173643 0.2088120646162562 5.5 4
80 2.111057740862517 0.015608977494945627 5.5 4
81 1.1219880111680336 0.4665573810167946 4.792424430453015 4
82 0.2581283761689841 0.8900167949545509 4.018517441984339 4
83 11.130085758746645 -0.16886793143533818 3.7416684327936673 4
84 5.498243329635796 0.6239795721805024 3.3521471033972046 4
85 11.73319836445526 -0.2204860634273267 3.104055003396017 4
86 1.0386667643312393 0.5221212088667666 3.640416631053231 4
87 1.5743891403835608 0.24282104335122448 4.202420550437266 4
88 2.0956692223317397 0.019880168468057548 4.863577089663871 4
89 1.7714336415792307 0.04833459780046416 5.5 4
90 1.659675333151375 0.23254921231183867 5.5 4
91 2.029890776597875 0.05144264171360054 5.5 4
92 0.13361326879888846 0.9620132172119651 5.5 4
93 2.240914312071598 0.05920766911429074 5.214933486907408 4
94 22.092911285666755 -0.21792264814702633 5.139123309551796 3
95 23.369667658354313 -0.1686057635626565 5.329955944862129 3
