8 0.8063277770650465 0.8739998944974267 1.5 3
9 2.773344897646643 0.6373490058141271 2.5 3
10 5.569869345187701 0.6332680042201446 2.780990371291864 3
11 5.168837386717347 0.26466917754855845 3.062925433450462 4
12 4.015699307455404 -0.060116227967608585 3.282201061662599 4
13 2.77025419278817 -0.11568350544781561 3.502520497570544 4
14 2.5103296981733996 -0.029438885177616947 3.8102420485571273 4
15 2.0588902561467677 0.23357732056321862 4.149195955189523 4
16 2.258851562495524 0.16688076144016714 4.4348604783905525 4
17 2.652598144537528 -0.07028948182441615 4.5 4
18 1.0475323822610587 0.61849906464427 4.5 4
19 4.404970216416707 -0.011488775311519105 4.5 4
20 3.864816647033713 -0.15660738162105986 4.183566535239919 4
21 5.4645780788549905 -0.16948738632702462 4.460823738797114 4
22 4.393740011161225 -0.17017652392828772 4.5 4
23 2.640315140901789 -0.1088786471916883 4.5 4
24 3.0928856395151705 -0.11209871673257775 4.5 4
25 4.635874016120728 -0.21758735479353378 4.5 4
26 18.366784653549033 -0.18970486532145928 4.5 4
27 6.15435621322743 0.59620526622341 4.5 4
28 1.3954651856729372 0.738159272531622 4.5 4
29 7.297401476096891 0.5444815532312625 4.5 4
30 9.497232685804917 0.43096012773535197 4.5 4
31 4.505696763177835 0.598865121260463 4.475107803129951 4
32 2.5208888218764933 0.7674766956713052 4.5 4
33 11.362197165812916 0.06501687611407576 4.5 4
34 3.9896799413671165 0.7486500353912481 4.5 4
35 16.47897869100126 -0.08405445840007335 4.5 4
36 8.124069810014678 -0.1711410222907534 4.5 4
37 2.8060105327865816 -0.08467853067428623 4.5 4
38 1.7644332320121743 0.4294694741765527 4.5 4
39 1.0875449837203144 0.684937784934074 4.5 4
40 1.2756288979807753 0.33908392777781926 4.5 4
41 2.1341481058063243 0.05429173661040835 4.5 4
42 1.8395478422164748 0.15018429930512817 4.127792466527841 4
43 1.0533259164328213 0.5473537693622801 3.613251631000181 4
44 1.1043251675220684 0.48956484638579006 2.7604368024774377 4
45 2.1115472137925186 0.10273246591105269 2.4657944280847586 4
46 0.9532144302194521 0.5684349443071302 2.235615156686814 4
47 1.1609736106688961 0.4979065697357138 2.253414813864423 4
48 1.2097461919903818 0.47223944931078204 1.9026243581036177 4
49 0.7421964982001459 0.6633379954769645 1.8188583380259589 4
50 0.304539786938264 0.8971387542995093 1.9048127546296019 4
51 1.3328952109161865 0.46404853330633344 2.0425429046975117 4
52 1.8829299599903777 0.6317804629716136 2.1487358130434004 4
53 1.480297811748776 0.38785783025947124 2.3971100950977995 4
54 1.8773941535694076 0.13641281643949532 2.9106518923222464 4
55 2.608533196384548 -0.10162356664923039 3.4891849638735293 4
56 4.938529538443133 -0.12395551000856112 4.080580458274206 4
57 5.131416983190595 -0.0748793074356226 4.5 4
58 1.9552891427966905 0.15384472709816693 4.5 4
59 6.211847305691709 -0.0016480881802028698 4.5 4
60 3.349671951971323 0.2900146838688107 4.5 4
61 2.3453317381447176 -0.08355230215223042 4.5 4
62 6.336490417375248 -0.1301879753656349 4.5 4
63 3.6671488045178675 0.6942336910829625 4.5 4
64 3.357982242475553 -0.06508293481590276 4.5 4
65 2.011128670361173 0.0978134807458657 4.5 4
66 4.481618361181981 -0.21831163398665637 4.5 4
67 5.979968850554798 -0.15469942124107833 4.5 4
68 1.232305213305338 0.41010242774629335 4.5 4
69 2.80408723937148 -0.1793596914141762 4.5 4
70 1.0963130040189704 0.5140668532824038 4.340123687688276 4
71 1.2030146331972684 0.43615039050644094 4.112680665638866 4
72 0.33865593963907337 0.9246227748367746 4.402847401130726 4
73 0.7962951244575107 0.6521588966792007 4.349342390276725 4
74 1.138689651514122 0.44007111068513216 4.5 4
75 0.34759045804030286 0.8710579308793182 4.5 4
76 0.8761619627546011 0.6461247485785873 4.5 4
77 0.18251688516120712 0.9644646533061869 4.5 4
78 1.2535272829848472 0.46933711841512066 4.5 4
79 0.5858512325452452 0.7300399758176374 4.5 4
80 0.8954526923243558 0.5994664786331859 3.883928270886827 4
81 0.4705557814938377 0.7899714247867438 3.8582746135846393 4
82 1.0111282107795345 0.5204068300839855 4.433213134707389 4
83 0.9540351386237829 0.5526127088484776 4.5 4
84 0.38866310681331484 0.8295903076431794 4.5 4
85 1.1981547638240189 0.4789616161882996 4.5 4
86 0.6118297017074488 0.7791117205778124 4.5 4
87 1.3689235920566851 0.3299365482415486 4.5 4
88 1.8044209900473893 0.07127147760184935 4.5 4
89 0.98366567255127 0.5454656118208493 4.5 4
90 0.6155788455613127 0.7211160411625711 4.5 4
91 0.6511852561042071 0.7173330891526699 4.5 4
92 0.7282904580889893 0.7383154085552519 4.5 4
93 0.5454268183402515 0.8124995203851059 4.450554869698012 4
94 1.0611072976707172 0.8281840454158483 4.5 3
95 10.18655320545443 0.21813100080959336 4.5 3
