8 4.46790279102745 0.5896066860308313 1.5 3
9 6.567857648802148 0.39701206973093034 2.5 3
10 5.0101189962288695 0.38832694919761584 2.5518834923738587 3
11 2.403254787825082 0.0885320423919099 2.8641600295858844 4
12 1.1926749501323943 0.41926440157409695 3.2206135183193183 4
13 1.3391697235224935 0.32652186782353365 3.7253217015837508 4
14 1.6082184758544988 0.24478666114872605 4.228519171809403 4
15 1.7709557706819892 0.334335703905366 4.5 4
16 1.8724731354161746 0.21523955553313212 4.5 4
17 0.8512122773298003 0.6576100387416831 4.5 4
18 2.068516761958829 -0.03833837571883139 4.5 4
19 1.315113066622903 0.4125489662308668 4.5 4
20 1.5815230903743789 0.21921631103864472 4.5 4
21 0.9315078853332608 0.4904795917290614 4.5 4
22 1.496453211461695 0.32985625207534297 4.5 4
23 1.044411795823943 0.5787089890530943 4.148397069620787 4
24 2.9624078493495043 0.22519317861764057 4.331264706371018 4
25 2.939272129504743 -0.06289651484760247 4.5 4
26 2.1494683771785645 -0.014544837474393208 4.5 4
27 0.7063352181654992 0.6602191410637169 4.5 4
28 1.966186901758392 0.0850104386105561 4.5 4
29 2.1192022168308347 -0.00821352434004861 4.5 4
30 4.972422647770847 -0.07763090102732487 4.5 4
31 1.151428859811407 0.6844555196151629 4.5 4
32 0.9838390918819018 0.44327184361913524 4.5 4
33 1.8812500418198406 -0.025626962636369793 4.5 4
34 4.44564927698018 -0.20640313305894809 3.9887560989988198 4
35 14.198468436215833 -0.07621447113342972 3.048785945635369 4
36 0.5884879435691168 0.8747952572135377 3.1311631801590045 4
37 1.558910147371832 0.14231954484673903 3.630761683467041 4
38 1.9592323028163205 -0.07493550771159029 4.147995539753058 4
39 1.2511108165531555 0.4272243250632316 4.5 4
40 1.6714687612437906 0.0051541535534825175 4.5 4
41 11.123434994760338 -0.29710794030125637 4.5 4
42 14.074740764170864 -0.23720802900012664 4.5 4
43 18.42466656731824 -0.2572019802534315 4.5 4
44 23.10752848673809 -0.16365898509803198 4.5 4
45 2.2747928494934655 0.22527467810768345 4.5 4
46 6.467943848071385 -0.282465762202352 4.5 4
47 3.4146373437188684 0.11378379416567287 4.115864833271153 4
48 0.8680107794453464 0.6865506750738559 3.726900376258418 4
49 3.0380183666773313 -0.13063539210786335 3.6173506837825697 4
50 4.332261666540174 -0.18377680584103265 4.033900791232212 4
51 1.538665807936476 0.49349918384365526 4.5 4
52 2.310860553006293 0.7374609178320674 4.5 4
53 8.11890409233638 -0.16661602441479906 4.5 4
54 2.1668850001983238 0.1698084669603184 4.5 4
55 0.9597108391168039 0.5985621016412495 4.5 4
56 1.2495767383704814 0.501134429626995 4.5 4
57 2.2196634666997523 0.0730729599207435 4.5 4
58 4.114438776973737 -0.15600938577345555 4.5 4
59 6.263811271535346 -0.19222475274939113 4.5 4
60 9.218228712735074 -0.16472697599135863 4.5 4
61 1.3863914777419266 0.4561719159957795 4.5 4
62 3.810746407414875 0.5003230335031115 4.5 4
63 2.123631994312814 0.24896634580625415 4.5 4
64 2.695507118306467 -0.017193418419226652 4.5 4
65 1.954138036910841 0.1809348025422649 4.055617185404917 4
66 8.968150691567383 -0.2885208018848982 4.38782623216253 4
67 5.100656249241158 0.06730346853136973 4.5 4
68 6.9993662602355196 -0.2291702188601942 4.5 4
69 5.963511731325851 -0.050201110393491066 4.5 4
70 0.7107297542134958 0.6440383082764336 4.5 4
71 0.645682613542693 0.6585170561839915 4.5 4
72 6.9574179047760865 -0.19885564006081202 4.5 4
73 5.276617216251044 -0.2560575745738816 4.5 4
74 1.9675351776796752 -0.0007808649740580976 4.5 4
75 1.624465915553456 0.2673211922706462 4.5 4
76 2.5610650656802827 -0.12003609498859434 4.049250344920351 4
77 1.8515804293586262 0.17552648492123993 4.288796972881726 4
78 2.5478274556034135 0.0287308282904515 4.456531031511069 4
79 1.7941420600419873 0.15877746096589712 4.5 4
80 1.3182912293541884 0.4931273778348819 4.5 4
81 1.1331567183280402 0.5105561625066086 4.5 4
82 1.5079684996490448 0.2751409341968925 4.5 4
83 0.7605077698936507 0.6566691619192174 4.5 4
84 1.8800979922558687 0.09389816350655565 4.5 4
85 0.860351201736532 0.6216954641755688 4.5 4
86 0.25827397603794555 0.9145731807154508 3.6982214326366813 4
87 0.5062450472952253 0.7782962344616354 3.0521398521643133 4
88 0.184104038611558 0.9518138463791829 2.847212616516219 4
89 0.4060326553592759 0.8514910628330566 2.4645624255348375 4
90 1.5629314539496262 0.6858744339967529 2.1500830575813303 4
91 3.5172185055193212 0.4115327682902054 2.75493521729426 4
92 2.663287764726004 0.5326212253920806 3.3461341842994736 4
93 1.6812183095525262 0.35399013941448443 4.016043145103598 4
94 15.80712389662418 0.18715783380941658 4.5 3
95 22.707666771129734 -0.36370617958784873 4.5 3
