13 13.725446993818053 0.012412526370978753 1.5 3
14 21.977220930472626 -0.28322487887016023 2.5 3
15 22.880744441104664 -0.32261902477462184 2.966569593707256 3
16 23.002857733243054 -0.2988218637293152 3.471265353471812 3
17 1.6141003922859465 0.2814634774630743 3.5 4
18 1.1918782286383598 0.4535585866116361 3.5 4
19 1.9100973934366232 0.10991540717625484 3.5 4
20 1.4614770398859775 0.23133708236257491 3.5 4
21 0.5484006064070925 0.7341957841218041 3.5 4
22 0.8997132508592127 0.5811200541906217 3.5 4
23 4.136768858130287 0.1889091538726567 3.5 4
24 1.1793552388048232 0.6637575938581882 3.0771666377271356 4
25 1.051573027733765 0.5111734996962206 3.4051532574965093 4
26 1.6382387759713914 0.17821118910896042 3.5 4
27 1.6319374440936363 0.15029238047569363 3.5 4
28 3.0174048014905495 0.025720352263819173 3.5 4
29 1.6878008618915095 0.14919558767442656 3.5 4
30 0.8403766385390288 0.6284112486003548 3.5 4
31 2.0257404669085295 0.2344082852555649 3.5 4
32 1.4272999749516933 0.7238245347692845 3.5 4
33 6.685174890799733 -0.10654791157412197 3.5 4
34 2.7635543832278984 0.5461920901798973 3.5 4
35 0.4374943822583681 0.7673920756501114 3.5 4
36 0.49064273416309234 0.7670530940454506 3.5 4
37 1.152071988787676 0.5202706726376446 3.5 4
38 0.6066720070017793 0.662286739892371 3.5 4
39 3.4163245768732082 -0.06909484312056649 3.5 4
40 7.444712912734952 -0.19431100026889764 3.5 4
41 3.2834653261495834 -0.13662548292591548 3.5 4
42 11.325498414610006 -0.2150932901822103 3.5 4
43 8.205938316681355 0.16594828219438684 3.5 4
44 3.7988088158465034 0.04049423449860715 2.902404436762816 4
45 2.1014435075226743 -0.03484544372566098 2.8523082366359596 4
46 2.8979594126343846 0.026411449947101467 3.1104155747481275 4
47 8.439306772883613 -0.2275258081977138 3.0687767830185186 4
48 13.684027586487261 -0.04434405273387163 3.398245830098807 4
49 1.5156775272148577 0.5455976986835029 3.5 4
50 2.084784501449585 0.11676041296430802 3.5 4
51 1.7486551938152486 0.08485419812678434 3.5 4
52 1.9412059706949512 -0.00010998982954977044 3.5 4
53 6.915661515767779 -0.10830095139448488 3.5 4
54 13.457505599242701 -0.18533969392432598 3.4838377495810855 4
55 5.354910916900402 0.13816810670707239 3.06703926538075 4
56 5.810072679200834 0.2946716791579424 3.242257760545275 4
57 8.1220134270683 -0.13926017585431275 3.5 4
58 6.049554117181905 0.03686329698359537 3.5 4
59 7.465651388322265 -0.15424216267662724 3.5 4
60 3.52197125433823 -0.17183128646133822 3.5 4
61 3.4970426443626215 -0.05042170762730494 3.5 4
62 3.1110983974494877 0.7161978582994379 3.5 4
63 1.8044095210029507 0.07446870073825676 3.5 4
64 1.4247453515091832 0.2747264171357777 3.5 4
65 0.6958797309262845 0.6896199153012008 3.5 4
66 2.573642047077752 0.10127613912660333 3.5 4
67 2.0873900716352587 0.34473750986009083 3.5 4
68 18.43566388638512 -0.21981970861980782 3.5 4
69 17.6941168555397 -0.25003613231672034 3.5 4
70 4.905168088040471 -0.24287131576330537 3.5 4
71 8.19269752957052 -0.22090932349289324 3.5 4
72 1.0258373515094412 0.7239876403444042 2.6924070430045686 4
73 3.542236651420845 -0.16336680779668822 1.9810469290633481 4
74 3.002242129973153 -0.12536124821624503 2.386496644926883 4
75 2.392693085326595 0.053969533645284555 2.848203519118557 4
76 6.37235279519167 -0.30646750822526525 3.3777797855533427 4
77 6.106022491519958 -0.1037915727261888 3.5 4
78 10.384658292067094 0.43702462916868867 3.5 3
79 13.366976562400854 0.06845012542058387 3.5 3
80 1.6579521104281199 0.19221463793732718 3.5 4
81 0.8035124320419706 0.6951980965531437 3.5 4
82 1.0629973274558022 0.6152633972870531 3.5 4
83 4.062534775626374 0.01040600597076909 3.5 4
84 5.250408488431013 0.07198188415228585 3.4043662653023348 4
85 12.060385936495276 -0.11035983525382226 3.5 4
86 14.203485138274914 -0.17514554267903115 3.5 4
87 5.885102648593682 -0.08511222474114974 3.5 4
88 1.065635814325037 0.49776573329556023 3.5 4
89 21.78062550666577 -0.16397109800820606 3.5 3
90 1.5790389765644886 0.5880468626359632 3.5 4
91 1.8722409281528725 0.06083490716975851 3.5 4
92 4.987802272117776 0.18182333091817812 3.5 4
93 0.17150315945602657 0.9274446597591394 3.5 4
94 0.1323544090475437 0.9870836021147055 3.4471213688649875 3
95 0.4257046775805966 0.9220327673310799 3.467260561753035 3
