18 10.04476256978041 0.540026710058194 1.5 3
19 22.819070232476122 -0.20837635122200213 2.5 3
20 21.638228713662542 -0.2132545735627989 2.5 3
21 6.945755230954442 0.4062331312219539 2.5 3
22 12.565542998739478 0.20102727453652375 2.5 3
23 18.228327982021803 -0.18352852307157339 2.5 3
24 23.374183060994266 -0.2097980494640457 2.5 3
25 21.013530394291166 -0.3245516654819002 2.5 3
26 23.296434730488734 -0.15344922708335149 2.5 3
27 23.262508273895776 -0.16076213661578212 2.5 3
28 2.5161040751434838 0.3832171220930626 2.334087756935605 3
29 0.6304854192969165 0.9442264994886175 2.0771694583374662 3
30 3.006861559573511 0.805890356839545 2.327038435017956 3
31 15.465771668876334 0.044071915381415847 2.2567227613765866 3
32 15.610092367986908 0.13445080847059293 2.5 3
33 1.8149226672409418 0.6861619091570286 2.5 3
34 7.1759163574547955 0.3292109868083919 2.5 3
35 2.651064692369972 0.7109875253970156 2.5 3
36 4.749174690560922 0.6971299824511917 2.5 3
37 5.28913535215323 0.7977354403935906 2.5 3
38 19.21565571192038 -0.14808875034244404 2.090986543275183 3
39 21.630873141200205 -0.19075193207914679 1.9365411160102084 3
40 22.471877262057383 -0.1994294635145752 2.5 3
41 7.780562531112203 0.35940266042965546 2.5 3
42 17.88402304288841 -0.10875274562421673 2.5 3
43 23.065784989400523 -0.22821311469611952 2.5 3
44 17.202226579677856 -0.0007545083763925715 2.5 3
45 11.457698720833964 0.10558822217667266 2.5 3
46 21.841822087107083 -0.3138854675918434 2.5 3
47 4.772562296716685 0.5902291676633049 2.5 3
48 6.49700853126723 0.3712311523623353 2.5 3
49 17.733169880642045 -0.11173131775185675 2.5 3
50 12.618459658652707 0.3010542091570889 2.4990124867160777 3
51 12.850831062033318 0.014975336083731748 2.4335795495750134 3
52 8.629500067072676 0.23697135479290057 2.5 3
53 5.945190993804082 0.6171028106613464 2.5 3
54 10.432534170495611 0.3170091423279161 2.5 3
55 22.992771085884364 -0.269426466451201 2.5 3
56 23.356291357295685 -0.1524162536880094 2.5 3
57 9.060721210858429 0.20118554507863753 2.5 3
58 12.946788164112814 0.1628727784622889 2.5 3
59 21.802366563521424 -0.14818776345222978 2.5 3
60 23.370713516385393 -0.23068808471815258 2.5 3
61 9.68104472612158 0.26437260277778185 2.5 3
62 22.978349361143014 -0.24170099302665446 2.5 3
63 19.70584846833262 -0.02819919310960891 2.5 3
64 16.62045117417302 0.05810267656998203 2.5 3
65 10.97874389043352 0.4000406798103065 2.5 3
66 23.278448791219162 -0.17405866965232147 2.5 3
67 10.466304470659322 0.2794034435852971 2.5 3
68 0.5941605941529033 0.924041662950667 2.5 3
69 19.479125815392006 -0.08893508377912362 2.45922416789009 3
70 22.81463398128077 -0.1799362120098244 1.9612110244927317 3
71 17.620438513416726 -0.018720242292613137 2.0155594746348946 3
72 23.028246587687843 -0.21596070090512612 2.250452396104593 3
73 23.076005276787715 -0.27957001445887153 2.5 3
74 21.68082485464418 -0.23169716730057444 2.5 3
75 8.452396027174718 0.28528526805022447 2.5 3
76 19.97377802077386 -0.1761960559157636 2.5 3
77 6.445619792226944 0.4452870320508508 2.5 3
78 7.082133799361213 0.4041210483876695 2.5 3
79 4.468445987899873 0.6419799919372701 2.5 3
80 6.61766758802463 0.4865267127178369 2.5 3
81 4.435908152420839 0.6472120147246145 2.1707125513714565 3
82 15.227520463447362 -0.11003679260074752 2.382709397801329 3
83 4.864817624775576 0.6566357542391154 2.5 3
84 12.967963629106828 0.2659800424910514 2.5 3
85 5.346173282684308 0.6661564724595754 2.5 3
86 11.198186383367132 0.3326489916972553 2.5 3
87 15.055732597447445 0.20339204933335076 2.5 3
88 2.8851212681902707 0.7804955372825708 2.5 3
89 4.724169195925471 0.6023090818826287 2.5 3
90 4.822633512016057 0.6232188459047271 2.5 3
91 9.030550068785328 0.4659844043608153 2.5 3
92 1.519483646161202 0.8589281393525773 1.9169166410594625 3
93 0.18413918929031414 0.9715186154969762 1.499999999999738 3
94 0.10668594547355603 0.9844905926111442 1.5462263507030294 3
95 0.0674379975090229 0.9789001395598291 2.0024080716606694 3
