13 2.1368733223241607 0.7244427273368566 1.5 3
14 0.1642305518252387 0.9703755371373496 2.5 3
15 21.8203141615569 -0.2092865839752338 2.4845363884963336 3
16 1.493041237533859 0.5601718502348869 2.834694381294732 4
17 1.3700117913110157 0.37712002671417294 3.25815835895318 4
18 2.0040190282550645 -0.05351725197037488 3.5 4
19 1.9115086141361974 0.02697292412782732 3.5 4
20 0.683489603526521 0.7935349108130443 3.5 4
21 1.1192190723382263 0.3884680256412641 3.5 4
22 1.540146641892182 0.21101988782930858 3.5 4
23 0.33999223317672467 0.8490744683508853 3.5 4
24 0.14137166442419336 0.9731350560554662 3.5 4
25 0.23150540587158996 0.9219919200622877 3.5 4
26 0.11019103903423133 0.9656809084650179 3.5 4
27 0.1678784419277184 0.9375746069914883 3.1170666301017445 4
28 0.08396436030665733 0.9888768145315666 3.3295219175385937 4
29 0.6739199288123334 0.9418950146419447 3.5 4
30 1.4777716709660442 0.8918953481679968 3.5 4
31 0.4128149211595904 0.7817143848674334 3.5 4
32 1.4227929379337683 0.3239375852686383 3.5 4
33 0.7431356271493179 0.6272170778708333 3.5 4
34 5.571002127049436 0.04045690954010597 3.5 4
35 11.63201572423429 -0.24700023334893997 3.5 4
36 5.43375378001199 0.02556130448964416 3.5 4
37 2.407350085043208 -0.14431500835830904 3.5 4
38 3.0647215241113734 -0.10664682351228423 3.0237642878948536 4
39 0.44891242148721844 0.864184672507627 2.015340506478358 4
40 2.898834788916634 -0.11028095545857367 2.0959678358297023 4
41 3.4294510639076563 -0.12235725773258134 2.606818364407132 4
42 0.624024952456125 0.7512286536569427 3.111770210110997 4
43 0.917996908431391 0.8504424712652913 3.5 4
44 0.7448590121028626 0.8278142714938063 3.5 4
45 0.3671688464679139 0.900129066411308 3.5 4
46 0.3072461738678971 0.9440391240046748 3.5 4
47 5.294707372675394 0.40013667275610687 3.5 4
48 1.0307401329037962 0.9556450247437802 3.5 4
49 2.0821525673235843 0.14779778883731948 3.5 4
50 0.9025020907927122 0.6297226024862344 3.5 4
51 0.8853019273932468 0.6443796950976989 2.9558474031721707 4
52 1.524613897942686 0.3082793094961919 2.42323789316474 4
53 0.16719129151664092 0.9538976628627347 2.404805239483023 4
54 0.3192362123508188 0.903689617971819 2.9556013067772726 4
55 0.6639294669632303 0.8281770230040026 3.5 4
56 0.9950679560471318 0.6752100835619456 3.5 4
57 2.38923271093927 -0.058356397729432304 3.5 4
58 2.6973234674733124 0.1510688706503603 3.5 4
59 0.6776823823507305 0.7685557190919532 3.5 4
60 2.3703206539507775 -0.032932777534955854 3.5 4
61 0.6253800284858535 0.785534648820607 3.5 4
62 0.2800266074279216 0.924977412258966 3.5 4
63 0.553182119323659 0.7925740922302763 3.5 4
64 0.42319390843464877 0.9450356224310628 3.5 4
65 0.30454012483564785 0.9745838602405325 2.6141769182303176 4
66 0.2513765776679495 0.9734077626604938 1.8871366026179677 4
67 7.500818913644714 0.5812655893243822 1.5000000000004365 4
68 11.743392308237551 0.27432126708840693 1.5000000000003346 4
69 9.100039985184072 -0.14044929654593555 1.4999999999999272 4
70 0.3691361865764158 0.8924925751669602 1.500000000000291 4
71 1.3895860413434056 0.5469693735066576 1.4999999999999272 4
72 2.0922276485869045 0.088085767237708 1.605313326577656 4
73 1.8206205163009548 0.36386520133452865 1.7674554962425317 4
74 0.7650189058799288 0.655921132482849 1.9488840735199338 4
75 1.1081446691427166 0.4733014253773281 2.2691038618901365 4
76 3.097248940707603 -0.12334373599310247 2.6017568769563657 4
77 10.12618021836212 -0.3244385637965707 2.948159611259092 4
78 11.643159492826541 -0.23790676919057424 3.2833326467319566 4
79 0.5097384782585905 0.7794709429348051 3.5 4
80 2.5661416378110573 0.20285957206836347 3.5 4
81 4.0645931320252755 0.03518528493884098 3.5 4
82 1.854292000404726 0.3803151872737479 2.887820055875782 4
83 3.634848125065142 0.43949251738563433 3.230961367981072 4
84 3.5923029040454777 0.5005464938898488 3.5 4
85 0.9123174190971977 0.5168483732756763 3.5 4
86 0.9250011018667985 0.4874690953253182 3.5 4
87 0.4380378540181509 0.802587619432167 3.5 4
88 0.5963008434991366 0.717881132403955 3.5 4
89 0.21142462537689788 0.9213989647515839 3.5 4
90 1.426694911939956 0.3967033636082034 3.5 4
91 0.822976298710504 0.6119638103313884 3.5 4
92 0.5138301365241782 0.7809398103252883 3.5 4
93 0.4978355472702134 0.7751766856419061 3.347524798288796 4
94 19.27355701009421 -0.24512347408614638 3.5 3
95 23.07386327752157 -0.1600443818812824 3.5 3
