13 11.608606677646605 0.14053206148023487 1.5 3
14 19.098941226602197 -0.12893940706264895 2.5 3
15 22.632040625399416 -0.2850204813647726 2.8539870426555463 3
16 8.1829156014557 0.2629265921022871 3.2428775663474863 3
17 3.326722758764828 -0.1885219091930272 3.5 4
18 4.223327801442789 -0.24490174155499048 3.5 4
19 1.3239279717940313 0.7849634882348542 3.5 4
20 3.544711190138221 -0.21606500572648163 3.5 4
21 2.4346841408537374 -0.08586862837547178 3.5 4
22 0.7998996510750631 0.711051648388632 3.5 4
23 1.66650112660077 0.4062807201617208 3.3726941611041803 4
24 3.1890967908512735 0.31889607881116966 3.012287952000006 4
25 3.0008853016020343 -0.10939818689867463 2.904534920563696 4
26 1.3056715818393423 0.20004245744158985 3.1020798831279754 4
27 2.0345492963185885 0.022589022759045726 3.10378660445835 4
28 2.5713141226406986 -0.03856634066548187 3.411553946534306 4
29 2.698682144963165 0.17885505004041463 3.5 4
30 1.4096928448895962 0.13524447954184496 3.5 4
31 0.8758341147058895 0.6431462592979816 3.5 4
32 1.1423620930548264 0.52301710012566 3.5 4
33 1.3505503812915238 0.3096724410362467 3.5 4
34 0.6507201307778967 0.5851507934788196 2.6730824158310678 4
35 1.8563664040576002 0.09591723559025557 2.925773376016834 4
36 4.518298693859771 -0.14467602016427403 3.5 4
37 0.6635155495535745 0.8045951599025077 3.5 4
38 1.5090182510596613 0.34474808284966213 3.5 4
39 1.751447738417104 0.0747123925387993 3.5 4
40 1.5781901115881665 0.1723794826545241 3.5 4
41 3.4675054072339506 0.3692943785953842 3.5 4
42 8.29532089315337 0.009209853369622874 3.5 4
43 4.986669183640416 -0.0055388548202229115 3.5 4
44 9.017972235470765 -0.10982808528239693 3.5 4
45 20.0520085533688 -0.29304398989851793 3.5 4
46 13.634200178724832 -0.20953603447634744 3.5 4
47 2.0885550564184197 0.11618327435412898 3.2802803999232126 4
48 5.458588760116485 -0.1703391746219537 3.5 4
49 2.8707725255534635 0.5372933276469838 3.5 4
50 7.499057763555112 -0.22900602354431057 3.5 4
51 16.851713660118012 -0.3670171141668103 3.5 4
52 3.551295742272896 0.6083707768317363 3.5 4
53 5.621065492836118 -0.11439135734453375 3.5 4
54 1.5777232425481138 0.14821118647425266 3.5 4
55 1.8716760406523063 0.08092237898279939 3.5 4
56 0.9636538477356691 0.8339069955587555 3.5 4
57 1.7933836752590917 0.10067592629781516 3.5 4
58 6.632153070259477 -0.19341601280825566 3.5 4
59 11.286560423280665 -0.23068124505870868 3.5 4
60 1.4982265708366942 0.30280831344308107 3.5 4
61 7.745371297306539 -0.16460818991082976 3.5 4
62 2.894091776442381 -0.17111195431228762 3.5 4
63 3.3155384874334644 -0.04114478807970939 3.5 4
64 7.598682621532182 -0.08168919501945944 3.5 4
65 2.3729027374499028 -0.026602689012464608 3.5 4
66 2.0859701236550343 -0.019434902442468337 3.5 4
67 5.749891321086526 -0.23069618281755028 3.5 4
68 1.119766608457529 0.7656202225506381 3.5 4
69 0.6811010778575346 0.6872710314197903 3.5 4
70 1.1074762059984602 0.8118773565322703 3.5 4
71 1.1575197262377932 0.6629090944522648 3.5 4
72 0.709297918072199 0.7461967637282447 1.902224716781493 4
73 0.39263698774707834 0.846912468306625 1.859407571304866 4
74 1.8076745584560054 0.22139150001414815 2.2638228097754034 4
75 4.9045465400355255 -0.08295496285995849 2.7493100482517474 4
76 2.0332121173763396 -0.050185008361465305 3.240314328730121 4
77 1.5024116091167343 0.2348562342721679 3.5 4
78 1.428091937756685 0.29162880902783495 3.5 4
79 1.1875931516588452 0.39227049876665654 3.5 4
80 0.6452144004494684 0.6830627623978056 3.5 4
81 1.9091461404780716 0.6235383475539915 3.5 4
82 2.164071290089227 0.5049819899530804 3.5 4
83 1.3908919598146703 0.3154149482808324 3.5 4
84 0.2925434653788823 0.8453902343307041 3.4538704301779797 4
85 4.149620857328344 0.5419120277922472 3.5 4
86 2.4682595328812784 0.2762185675317346 3.5 4
87 3.7467702915684917 0.681740873216742 3.5 4
88 1.3444993861959107 0.3094393294449568 3.5 4
89 0.18134237015754362 0.94774328205251 3.5 4
90 1.598193845289246 0.14014714900109776 3.5 4
91 1.0910267834373162 0.5315089590453874 3.5 4
92 0.664784285575748 0.6673690808588304 3.5 4
93 1.4472609486527581 0.36182667033761234 3.5 4
94 15.143984930654646 0.04992576164900048 3.12725278528285 3
95 20.82900230709658 -0.24730489461340666 3.2120121551267076 3
