13 3.0135051918467823 0.764822194165655 1.5 3
14 8.485765960809395 0.44913542014386265 2.5 3
15 7.609521473012306 0.4809805110344078 2.868651336658144 3
16 2.6709663690629304 0.8409812450338061 3.2524683975455044 3
17 0.8538171393360559 0.8276691826930223 3.5 4
18 1.8121177390628977 0.2390385551712397 3.5 4
19 0.525435688447816 0.8686689272792075 3.5 4
20 0.9761215063690365 0.5794271154551716 3.5 4
21 0.44503855684986515 0.8686370398102636 3.5 4
22 0.9439771148335279 0.5967897094424452 3.5 4
23 0.23483579941304544 0.908397606151827 3.5 4
24 1.1707626625800192 0.7261414674457867 3.5 4
25 1.3511703001218018 0.4443057862467962 3.5 4
26 1.5827006464721585 0.034116688379432 3.5 4
27 1.9099662861583173 0.032449293781509556 3.5 4
28 14.723385144038279 0.0021513971576296435 3.5 3
29 1.6201433851011835 0.20471544274745263 3.5 4
30 2.490798602407115 -0.06176723444762205 3.5 4
31 0.6858489139615438 0.72506740343584 3.5 4
32 1.2999837338649387 0.6323418171683788 3.5 4
33 1.9092351720521474 0.1480871949295863 3.5 4
34 2.6219852792313647 -0.05989198079968571 3.5 4
35 0.9587481999152336 0.6166001379933889 3.3307463257956225 4
36 1.0233521393843583 0.465196977569762 3.1599563262129307 4
37 0.4353948346870897 0.8241926901522889 3.078655252969045 4
38 0.604385984947144 0.7533695744301588 2.7310879839076296 4
39 0.38815603616946426 0.8478819622326236 2.423392906609275 4
40 0.6323392437401578 0.7148629482286508 2.3011868267007447 4
41 1.5052598379271256 0.3860498744362913 2.3181995490775877 4
42 0.5083805380925179 0.8099601472937084 1.986992016492921 4
43 0.6359129740338316 0.7692897576667835 2.0608798957471954 4
44 0.43599992286527645 0.8299978553763068 2.3123731310291262 4
45 4.881213759646578 -0.045689037549561794 2.586065468230074 4
46 16.710218776957234 -0.19196627806742908 2.8601098117514923 4
47 23.323533166438718 -0.16670684010033904 3.106364490352447 4
48 15.304213588789956 -0.13023420255565382 3.3054542454376787 4
49 20.862951730293023 -0.22390994792773905 3.5 4
50 12.838662358339201 -0.12371168503350224 3.5 4
51 2.7262917261685002 0.20589557478637996 3.5 4
52 4.669931982851918 0.18837836322170576 3.5 4
53 10.25852687664554 0.16525838620935268 3.5 4
54 9.184470354806917 -0.13711423357354188 3.492389224586077 4
55 0.3516711516936111 0.8789686627214547 3.5 4
56 0.2762721385669016 0.9619042103812132 3.5 4
57 0.25931580886703376 0.9171252545719064 3.5 4
58 0.35444730186896045 0.9526301745490154 3.5 4
59 10.236751237845901 -0.11285884343834512 3.5 4
60 1.4520671362287931 0.7369476336506154 3.5 4
61 6.925795137328118 -0.14122578941269423 3.5 4
62 1.8689705165426593 0.33367353265281263 3.5 4
63 12.251093867913545 -0.16303484948338354 3.5 4
64 17.308180543753284 -0.06297283059076232 3.5 4
65 1.0173156131864882 0.9260298246394322 3.5 4
66 1.8411073260955444 0.855191792353653 3.5 4
67 9.254300480897573 0.4567524914054916 3.5 3
68 4.1272305078312606 0.716955487241064 3.5 4
69 8.101411789961762 0.45637507533166616 3.5 4
70 5.261119469055027 -0.045850074176491416 3.5 4
71 1.4924972626729929 0.5317594056004658 3.5 4
72 1.74389242567059 0.47375133413092196 2.508851973634606 4
73 0.702722446183726 0.8383970671796316 1.9981228634184227 4
74 0.5751786833572572 0.832392678793634 2.4116165027237875 4
75 0.5814292543395467 0.8309377528226052 2.8636892852124585 4
76 1.2381814149743224 0.7189274057901196 3.3620311990733462 4
77 3.149063404410599 0.3776655401106532 3.5 4
78 21.114230596434336 -0.1700817325979627 3.5 3
79 23.3731224799672 -0.14910203324708332 3.5 3
80 2.2020886836422413 0.07140962279219158 3.5 4
81 7.125191762810617 -0.01302690447218817 3.5 4
82 7.395881603583747 -0.01736802758473741 3.5 4
83 1.1702764188353472 0.42783305073936695 3.5 4
84 1.34633426082961 0.5093624139693441 3.395444899493494 4
85 0.7470421391643978 0.6578623332035592 3.5 4
86 0.06516231249442495 0.9890462890729227 3.5 4
87 1.8167855894722509 0.06698953846978803 3.5 4
88 0.12718033953927144 0.968560390485697 3.5 4
89 0.04878013465890252 0.9939959982285218 3.5 4
90 0.6327499643680756 0.7073211436124722 3.5 4
91 0.05026374822962065 0.9905608485736616 3.5 4
92 0.8571479714331929 0.8204102201721704 3.5 4
93 1.0874698998005305 0.8889684441896167 3.5 4
94 2.9259788742435804 0.7937015626655718 3.423475139234564 3
95 5.470269704377222 0.6244430140081676 3.448914928913364 3
