2 5.003721518161206 0.5626062900715608 1.5 3
3 6.277884347521137 0.4726955763810095 2.5 3
4 16.278478583314968 -0.03228695329649543 2.8704229095467606 3
5 22.712311216352546 -0.28788900893597413 3.329678632331387 3
6 3.5875591383929217 -0.33992713173402916 3.7329634550212236 4
7 3.9547348318998905 -0.31903005565308823 4.092553820080326 4
8 1.2538686240244683 0.4919755162702964 4.422069303570648 4
9 1.6328273750291977 0.265491038066581 4.003532823486879 4
10 1.6812966977194357 0.18259784338005744 4.360348070076117 4
11 0.5672205763894445 0.7634647772903673 4.471036173872822 4
12 2.9754918605905045 -0.1823798482329693 4.809992834160569 4
13 2.106452276196216 -0.004349664570736363 5.249943137331444 4
14 4.414922924356505 -0.12089917629397788 5.339341676233355 4
15 1.3682246625887355 0.3611322243210291 5.5 4
16 5.513247291125976 -0.19374771195384508 5.5 4
17 0.4964902648722269 0.8576836588846973 5.5 4
18 2.2677457347712373 -0.05773999541192452 5.5 4
19 3.407202113778581 -0.2048494656707725 5.5 4
20 4.347407174453499 -0.24355047464032376 5.5 4
21 2.600118371623899 -0.0943157436318799 5.100538810059981 4
22 2.4985025509982144 0.8183782805189608 5.369255810984509 4
23 8.713014496967556 -0.33940484902680795 5.5 4
24 3.3322552347683327 -0.17618919739527125 5.5 4
25 2.869880871162416 -0.14001160317216008 5.5 4
26 2.2217255814885526 -0.06837098989163319 5.5 4
27 0.672943500594398 0.6851966256260114 5.5 4
28 0.9870198860948092 0.48035779592003347 5.5 4
29 2.0324813481522748 -0.017053360502767578 5.5 4
30 2.080101948140637 -0.009465858104812073 5.5 4
31 9.19649404065856 -0.0014938072897151466 4.93221385950809 4
32 12.004356792333734 -0.18617476609082734 4.123367794846097 4
33 6.045246467802441 -0.034681720226015 3.9529818782924266 4
34 2.552048955870407 -0.08430306468223121 3.5897642545643755 4
35 3.399698862991988 -0.13590696216975773 3.2489818926938896 4
36 3.544502274688205 -0.16060820430464226 3.7424565638423846 4
37 3.5559658477443996 -0.15018046635198715 4.250834327113036 4
38 3.599675996296158 -0.15339867566315277 4.905682082261228 4
39 3.3994757256423513 -0.1478636436836873 5.5 4
40 2.2315583852650676 0.09367986955996957 5.5 4
41 1.9304159106834833 0.192426256257849 5.5 4
42 0.6910625826085983 0.8798738062772387 5.5 4
43 2.045370567250278 0.499227526698732 5.3625504295775315 4
44 3.465573823928037 -0.17498758016921598 5.1709665764747115 4
45 1.7343772589920903 0.36954918264260644 5.228559854122563 4
46 1.5668403087566594 0.33603324936223233 5.230908667463729 4
47 2.272927422386047 0.29582888863449686 5.327231535670245 4
48 3.906003428063854 0.22996717554955576 5.5 4
49 3.264022206637944 -0.03384221089795505 5.5 4
50 2.4783676606985487 0.21462931313409797 5.5 4
51 3.0330658386358316 0.173924763971015 5.5 4
52 1.6125797945526603 0.48303714535867603 5.5 4
53 3.084942436366852 -0.11816662642010367 5.5 4
54 2.8405181089554414 -0.08759715178183725 5.002766707745591 4
55 1.5002945304547506 0.35423881955625847 5.212760810691012 4
56 0.8016534387241521 0.6999470356968042 5.352428413696587 4
57 2.1323245959430857 0.14091616860509007 5.5 4
58 1.3089780677930758 0.46549873512027135 5.5 4
59 1.101585034297897 0.5863434090993367 5.5 4
60 1.2130355796301187 0.5443421978438676 5.5 4
61 2.5765887268175307 -0.07903467256479772 5.5 4
62 3.1218083846971805 -0.14834983927206336 5.5 4
63 2.8207251537359506 -0.07863916296390168 5.5 4
64 3.1872568053587758 -0.16745529450471705 5.5 4
65 3.3517401430834797 -0.21945197809077577 5.108249029163904 4
66 4.077579729319401 -0.2450620541442013 5.384580287107244 4
67 5.158669131064173 -0.18256551105340474 5.5 4
68 3.167906434752509 -0.1859780349700845 5.5 4
69 2.9240680860267005 -0.18445950513270493 5.5 4
70 2.700643841514486 -0.10055315866919097 5.5 4
71 1.6154311887403168 0.1949304107750181 5.5 4
72 2.831842551448916 -0.20771066733617402 5.5 4
73 3.548391376833278 -0.28080788684103375 5.5 4
74 3.488715899809927 -0.1792904871456214 5.5 4
75 2.931434972631413 -0.10726602411549335 5.5 4
76 1.271252270385455 0.4385642234156934 5.5 4
77 1.1993102833640323 0.4042065797741063 5.5 4
78 1.3672229936285492 0.30839993799252763 5.5 4
79 1.5321213621968557 0.24508719614026936 5.5 4
80 2.661466377222321 -0.04462194410156237 5.5 4
81 2.802055537257403 -0.02892208263293114 5.5 4
82 0.9351186313762954 0.5619166903615255 5.5 4
83 0.8010683526459204 0.6783093889235704 5.5 4
84 1.1807395658972641 0.4608735237605642 5.5 4
85 1.1377483232606105 0.46627911954027673 4.569847351997684 4
86 1.2073093828441097 0.4397058710414867 4.584289934323664 4
87 0.9033769308676503 0.5986284747183607 4.553539181741246 4
88 1.6702438355100648 0.16962309284017113 4.703968433396003 4
89 1.1789369938222203 0.3990673220424354 5.071520828395718 4
90 1.8384591984652188 0.04930837343889854 5.392663783410826 4
91 0.2500404625380046 0.9027935839577457 5.5 4
92 0.4843395691390331 0.817491525587273 5.5 4
93 0.05469368237161998 0.9899194389768622 5.5 4
94 1.1197778838499488 0.8606460071393017 5.5 3
95 0.48884322678673175 0.9621897139057769 5.131179323641889 3
