18 8.938841414106593 0.5004541205864375 1.5 3
19 13.18283740746659 0.29977365031801784 2.5 3
20 6.69170896343254 0.39158577362785224 2.5 3
21 2.6370798512514426 0.8122693262240244 2.5 3
22 2.348303931960838 0.825525347558381 2.5 3
23 3.635729819211724 0.7606871110615796 2.5 3
24 16.000728202435504 0.018080543060626193 2.5 3
25 5.997720979694537 0.6909530256543316 2.5 3
26 1.1735917751947875 0.7335627659512792 2.1636062565879475 3
27 0.892870650101198 0.8744326797205182 1.5000000000000764 3
28 0.657228799705754 0.8995518778017118 1.8772400427851534 3
29 2.457309266351748 0.7695097374326073 2.328073836992557 3
30 0.10906663008003203 0.9767488686789169 2.5 3
31 0.949101424868684 0.9601041031641061 2.5 3
32 15.787856635328804 0.13765435743524074 2.5 3
33 12.767397225389558 0.3283978949655522 2.5 3
34 8.2406624533321 0.3360968105218466 2.5 3
35 2.2537141494475055 0.7192870919125375 2.5 3
36 4.564433339253262 0.5978733356311831 2.5 3
37 10.609433218527164 0.17082861632520166 2.5 3
38 12.697920587580182 0.20462495780573556 2.422448557549993 3
39 7.063223233179522 0.560277094266739 2.5 3
40 23.198064547065883 -0.25739851996433205 2.5 3
41 10.574075554375064 0.4001647745832009 2.5 3
42 10.849232898512046 0.15390886341286938 2.5 3
43 12.124579813786037 0.08792281009751465 2.5 3
44 5.814805269582758 0.5682499805747655 2.5 3
45 6.436873494895581 0.4281941448523186 2.5 3
46 1.831178174433159 0.8068479471373313 2.5 3
47 0.7328665139527253 0.9413713879990061 2.5 3
48 10.975367708294105 0.4661049998807737 2.148431291449662 3
49 12.530103637083563 0.37628046593551573 2.356128638256683 3
50 11.777971392269542 0.3090790140975315 2.5 3
51 23.19159462410881 -0.26767265189596606 2.5 3
52 14.901394068975588 0.010475431827252777 2.5 3
53 5.931479211878423 0.43800650965581606 2.5 3
54 9.08860004696898 0.4065056184216274 2.5 3
55 0.04084171737147546 0.9926441423401859 2.5 3
56 0.007862007047586772 0.9980651132622981 2.5 3
57 7.2356295197076665 0.7346662661422944 2.5 3
58 17.659649599467343 0.05381438682779485 2.5 3
59 20.915295857790234 -0.10803182801366548 2.035246660291683 3
60 2.465158887682554 0.9048348241831341 2.173802647030083 3
61 22.673873668626346 -0.19886105541487153 2.3547797946189455 3
62 20.552003072625894 -0.2911598709903324 2.5 3
63 19.089058498663746 -0.21917267443788485 2.5 3
64 11.480740858625385 0.15776750392858094 2.5 3
65 9.206961695483638 0.24639014087500327 2.5 3
66 5.669574297153837 0.5547532444073703 2.5 3
67 0.06090898028525693 0.9777998078271319 1.5 3
68 0.09913396511431927 0.9531216372562135 2.0263790819988063 3
69 0.02693124501944677 0.9888010199123709 2.5 3
70 0.0021649745000518195 0.9993519831035589 2.5 3
71 13.639498224236343 0.2796348418213395 2.5 3
72 18.966485047688572 -0.02999494547655404 2.5 3
73 18.78266848243914 -0.02075296295315675 2.5 3
74 9.212962925231695 0.4503234014671595 2.5 3
75 23.00675667723154 -0.29770777083691363 2.5 3
76 1.6555445520002872 0.8082041847836788 2.5 3
77 3.0052573433253658 0.6593984306269682 2.359720179343276 3
78 2.2159504143127826 0.7432392304117172 1.8935696107092808 3
79 6.267046895578632 0.4207257760356816 1.9389012785541417 3
80 9.749402515219318 0.3186045957967155 2.004820130920139 3
81 4.653519172573332 0.6541671882699452 2.1008947398356392 3
82 12.151650153805711 0.11285974721924094 2.3729928327236705 3
83 17.673587002340287 -0.024367891224280555 2.5 3
84 10.996113714775728 0.3796445344298095 2.5 3
85 15.41348795584539 -0.08159381927274327 2.5 3
86 0.9645224538874189 0.8968463441570773 2.5 3
87 11.83704092726864 0.29577432553411415 2.5 3
88 0.5603854448282934 0.9079716187686365 1.4999999999999853 3
89 3.7091529686825835 0.6719841024654519 2.0910812400932626 3
90 13.320599181241835 0.20237772583543745 2.5 3
91 4.927622694666575 0.7529624913193436 2.5 3
92 5.946896654514667 0.6821726273965069 2.5 3
93 23.224854341247482 -0.2653952707715933 2.5 3
94 8.491588571979683 0.21529067071668892 2.5 3
95 9.005583444869018 0.20336479746268796 2.5 3
