8 16.86591364721741 0.05851447043254398 1.5 3
9 15.48548932713791 0.14421288221662995 2.5 3
10 18.105675777131886 -0.03378108639677838 3.0567117386575493 3
11 22.465041511431856 -0.2547113132620541 3.5244685780735234 3
12 2.9325758551446564 -0.11975899211359177 3.7833334441449096 4
13 3.789932286811295 -0.16496762502566947 4.152404981923464 4
14 6.784111285171235 -0.15285376833223394 4.5 4
15 2.6059073399817985 0.38086536509762187 4.5 4
16 4.339200045250136 -0.2596218323026732 4.5 4
17 2.5324817744839496 0.17043083822907873 4.5 4
18 2.416673857340659 0.11696778813473518 4.017326493885199 4
19 2.8748112739886915 0.22649424730658263 2.879685706572676 4
20 3.7015469060319974 -0.13754103927342323 3.287165089127906 4
21 2.284666321847543 0.2286920726184856 3.7229310276679937 4
22 8.593742321161107 -0.23951156475478821 4.211385566029389 4
23 2.7649443636007014 -0.11787936241761954 4.5 4
24 2.7446659449091326 -0.12005751623454403 4.5 4
25 5.009829568033657 -0.12502113436564355 4.5 4
26 0.796289257219378 0.6613100951278293 4.5 4
27 2.324662153210488 0.06336036472220442 4.5 4
28 2.1816682638791143 0.04031724173929101 4.5 4
29 2.410412527193393 -0.08616774748064789 4.5 4
30 0.8555271691792772 0.5873785966575704 4.413136078080159 4
31 2.069410572676971 -0.010167497009539379 4.5 4
32 2.3075445090529794 -0.03696338393509199 4.5 4
33 1.5920196305263454 0.3177735284662398 4.5 4
34 1.7338285580666115 0.18970188263317583 4.5 4
35 4.391680325858751 -0.12598468942724186 4.5 4
36 0.5024619489277509 0.8223773996468904 4.5 4
37 0.32941260160420427 0.9394536214544168 4.5 4
38 1.8044103406029812 0.1896273200348773 4.5 4
39 2.440992443892461 -0.056073506759815844 4.5 4
40 2.092049267838785 -0.07336947075703491 4.5 4
41 4.147976306828251 -0.29649394767568127 4.202804963470379 4
42 5.260743191147763 0.38074562529584677 4.4507103446444525 4
43 9.85961078346448 0.30047231978328276 4.5 4
44 17.759825505814867 -0.11302392678686235 4.5 4
45 7.914377228799715 0.18402875411618305 4.5 4
46 20.45385552695994 -0.30463609805129416 4.5 4
47 22.731496979929975 -0.32225106893382893 4.5 4
48 17.413991680843342 -0.05106272074786799 4.5 4
49 2.358325234747814 0.113826795990552 4.5 4
50 2.1226097617468804 0.22750584215908998 4.5 4
51 3.009521880683196 -0.19666992940173245 4.5 4
52 2.102199555601013 -0.03063236882358653 4.088737525515331 4
53 0.8371035460213196 0.6231113239418564 4.164090692017744 4
54 1.2345874618222528 0.568810561076117 4.363292155537354 4
55 2.3785746666989276 -0.054967234287253676 4.5 4
56 2.573661833912765 -0.05861088413447143 4.5 4
57 10.056960011938259 -0.1897120055721259 4.5 4
58 14.923498229077973 -0.22175392743977762 4.5 4
59 11.168607216184743 0.41086169574458536 4.5 4
60 1.2760214850829739 0.4639777276859389 3.807408237887903 4
61 3.9956668156385353 -0.2539017537989806 4.22190696747195 4
62 5.405052166282289 -0.23161692516259688 4.5 4
63 5.239118639500315 -0.06269788438774716 4.5 4
64 11.370522253436736 -0.217067257775633 4.5 4
65 2.021785610962546 -0.06469910746593734 4.5 4
66 1.538009474840175 0.28196774812227027 4.5 4
67 2.805024566749087 -0.032447127422362866 4.5 4
68 1.4011394000377049 0.26025504238542313 4.5 4
69 2.5114097889907017 -0.17740399059120532 4.5 4
70 0.6044299944118725 0.7691005497818283 4.2657347921744515 4
71 2.819893614569997 -0.22501912413204994 3.8512625713841553 4
72 2.2708712108567575 0.15703121463173603 4.110674071679561 4
73 9.521243733185141 -0.170959687974195 3.955739968757116 4
74 6.375882895869819 -0.16622670878818382 4.185029249792438 4
75 7.213128657645992 -0.22867494836050595 4.402391015329529 4
76 5.5972169171918225 -0.16463673961771816 4.5 4
77 6.525003804544583 -0.1530346177256422 4.5 4
78 1.0269086561933118 0.6253489404378634 4.5 4
79 4.532299168506924 0.42624435856525966 4.5 4
80 11.303299924677724 0.05712592297859433 4.5 4
81 17.879192842614938 -0.15761420343562454 3.718287501678889 4
82 20.138706706570137 -0.19417065823244803 4.276803270049918 4
83 14.254861562748047 -0.08410851486686645 4.5 4
84 3.6930822382717254 0.8096310232578522 4.5 4
85 12.025197195041555 0.17220474834654578 4.5 4
86 20.873868841080206 -0.12448027511764494 4.5 4
87 18.79289878028588 -0.055094024404426414 4.5 4
88 1.8831407790100245 0.8521254172343184 4.5 4
89 23.414184231135707 -0.17693541019673378 4.5 4
90 18.180872357103706 -0.17715278885773897 4.5 4
91 13.346564594437332 0.1686731452397731 4.5 4
92 9.884535322577623 0.42475890193788374 4.5 4
93 13.47697577717659 0.17071593053473333 4.434435751555691 4
94 1.2364589822380525 0.9592206583473278 4.5 3
95 0.19728229467206226 0.9631412474412042 4.5 3
