2 5.799082943506554 0.38361212822018237 1.5 3
3 11.355833090359177 0.10679466839325137 2.5 3
4 8.537115462159559 0.2925348975893786 2.7727913759600824 3
5 0.47948329668623124 0.829639674874468 3.1973602434925104 4
6 0.5200772125949573 0.8168369369310546 4.017689484303155 4
7 0.8209895023733553 0.6994736383632432 4.822529292224144 4
8 0.6176874530439838 0.7965255340024024 5.5 4
9 0.9160048772487421 0.641460089250754 5.5 4
10 0.994159149056439 0.6113556257549017 5.5 4
11 2.3379414699735186 0.25013596705963137 5.5 4
12 2.3219141903245752 0.09491720739752543 5.5 4
13 1.203072457840853 0.4808084079977719 5.5 4
14 2.797654578668344 -0.10738974875915752 5.5 4
15 4.399462443130544 -0.16558735527680143 5.5 4
16 5.688718524419957 -0.18368086963548944 5.5 4
17 2.202008134327655 -0.04573074026543596 5.154330501783417 4
18 3.4645300827413346 -0.08018167372930417 4.107962718031198 4
19 2.2269175125688694 -0.045889349614335884 4.310028403613632 4
20 0.3214447012570467 0.8931679850992085 4.710537165215535 4
21 0.6232146927026667 0.7494166130500662 5.142138840007815 4
22 1.420976133886918 0.32177745851312184 5.5 4
23 4.78934767192208 -0.18014588165483128 5.5 4
24 2.355389501143968 0.49581779814802607 5.5 4
25 3.971158247782979 -0.2748814188421179 5.5 4
26 5.726974028278584 -0.15041881475935318 5.5 4
27 4.571640873512047 0.027079650436696863 5.5 4
28 3.9293491099158437 0.1616188685206091 5.5 4
29 7.005944666541922 -0.18677646416276256 5.479969001457422 4
30 2.17296508666582 0.3900472336184006 5.340929479116894 4
31 1.7171463741874797 0.23779858282539426 4.902112820418868 4
32 0.8696075416525133 0.6748606015666898 5.381295392318167 4
33 0.9433683771999926 0.6755652217593288 5.5 4
34 1.7225188132020595 0.5516708966735305 5.5 4
35 1.8809557964224135 0.5832677438532016 5.5 4
36 0.8421778526004795 0.8954182154533521 5.5 4
37 1.6604560554363426 0.8386243588660626 5.5 4
38 3.553503641809762 0.03801194463867595 5.5 4
39 2.1317383908777545 0.5088859374664849 5.5 4
40 1.6764892970277359 0.6523946494375893 5.5 4
41 1.1410897316743744 0.7760508305038929 5.5 4
42 0.18540121798834708 0.9784583258113897 5.310211709174939 4
43 0.7201813169287146 0.7764337332513155 4.904946677825239 4
44 1.058992293781925 0.6441635179437294 4.876027479285054 4
45 2.402704993179099 0.09939128234398807 5.294799399185816 4
46 3.493338597049367 -0.232061069469003 5.5 4
47 3.479597907737922 -0.15154473164999208 5.5 4
48 3.2335314246754416 -0.13149054789137832 5.5 4
49 2.8655469781384717 -0.12693485667516777 5.5 4
50 2.879174677503295 -0.12094986817979807 5.5 4
51 1.2314775045914157 0.3970845703548223 5.5 4
52 3.100676104561395 -0.12020413100098888 5.5 4
53 2.0745986936875003 0.2828453680002653 5.5 4
54 2.573210273646109 0.09962376251374361 5.5 4
55 2.91296450667095 -0.09560855071613468 5.5 4
56 2.743181175369008 -0.07902946120719863 4.6939055982771025 4
57 0.8151891120128738 0.6876680562239667 4.307422380893666 4
58 2.030466135337952 0.18675013324743217 3.940271800487928 4
59 0.7339021333545617 0.7457457195801644 3.6980958195972127 4
60 0.25255423248071374 0.9561039570366329 3.593940485061401 4
61 0.2595593490774828 0.9458961023281371 3.5227746774896294 4
62 0.3284977468917276 0.9025547064858785 3.2501789322576515 4
63 0.21943160813051854 0.9505188613337734 2.8303940777120515 4
64 0.7505257538036858 0.7585233758733825 2.9639447432891175 4
65 0.3492526660431725 0.913984101323323 3.160779361044726 4
66 0.5353916816184299 0.8715656922562703 3.292119307511741 4
67 1.7961145832735834 0.20407336352358887 3.4854080327791963 4
68 2.0187225174041536 0.477592663568398 3.7059245236406495 4
69 2.7811280048016354 0.38432224846397345 3.9137137851852897 4
70 3.41318536067294 0.44237628178230487 4.066618014864929 4
71 0.6774213696057343 0.7879311256730492 4.318327811688097 4
72 3.766484161674601 -0.17051090825323306 4.533656280238501 4
73 1.9583176261373305 0.2654258626483192 4.1887162684458605 4
74 0.9693693424936276 0.6339326821999409 3.8375351527755557 4
75 1.1430927874302812 0.651323462568402 4.050296366478724 4
76 0.5080267089533113 0.8481145960099713 4.324557003956754 4
77 3.2424518476562074 0.3157153624288049 4.576902597124732 4
78 3.6849332165694504 0.06578476623158312 4.930127602865817 4
79 1.4834586156894654 0.5730017134323523 5.291559400855971 4
80 0.9374810721058804 0.556039210527649 5.5 4
81 0.8082820963980426 0.7807103220364703 5.5 4
82 0.9603257608863416 0.5847264533919303 5.5 4
83 2.833026827176716 -0.06147241705733749 5.5 4
84 0.6510511378461343 0.8119790450081108 5.5 4
85 1.021025956657275 0.605507970507623 5.5 4
86 0.7870095036734188 0.653413306347794 5.44756634690825 4
87 0.5397909038193065 0.786274894513337 5.5 4
88 0.3832830042811137 0.8572283139881169 5.5 4
89 0.208765829036909 0.9391539190530102 5.5 4
90 2.3396014073243867 0.08919398654287082 5.5 4
91 1.2420779455415527 0.41842830162472505 5.5 4
92 0.8330969548668508 0.7096456927766615 5.5 4
93 0.4666941527756947 0.8515335245523932 5.5 4
94 2.0224421094479297 0.9314588000699016 5.5 3
95 15.638595090329067 0.15031329928356657 5.5 3
