13 5.62041513144527 0.5409763182450803 1.5 3
14 13.966381426066288 0.029637496495009404 2.5 3
15 14.121239819719605 -0.023375677494420297 2.8419759716200734 3
16 15.769096600519408 -0.052806521502342246 3.201952844334672 3
17 2.268816274374295 -0.019976178885160335 3.5 4
18 1.3280849917901625 0.29538891298211756 3.5 4
19 1.6036475743521708 0.14235764380504226 3.5 4
20 0.5350892446301474 0.7586843321169109 3.5 4
21 1.5550706350300771 0.30753623610213565 3.5 4
22 0.666220237343194 0.7099845018107689 3.5 4
23 1.2703724473150846 0.43913386186720177 3.491936668921706 4
24 0.5022452357311664 0.8760314975902777 3.182063617779342 4
25 0.9752802445165258 0.8125630487387006 2.9505232340286858 4
26 0.7659390788017779 0.7372555481466666 3.1473673087705465 4
27 0.8140686497029579 0.6294689283081509 3.040837950062287 4
28 0.7490082325816196 0.6807755097100051 3.3079124844943544 4
29 0.19135339179374355 0.940332756212967 3.5 4
30 1.497454152036732 0.4721924714937006 3.5 4
31 3.003107869146577 0.2905146794014786 3.5 4
32 6.42277890531266 0.07620382770522124 3.5 4
33 3.990884507203562 0.31520700944191005 3.5 4
34 0.7151812477114543 0.615557457032897 2.820191177580353 4
35 0.8318781144752494 0.5694782748318852 2.9023469107468918 4
36 1.0848989907468853 0.4266308212078673 3.5 4
37 2.272478204910154 -0.08029542362775499 3.5 4
38 0.8455340584608724 0.6729224733199755 3.5 4
39 0.2949640308604522 0.9040398698693186 3.5 4
40 0.14996704965779806 0.9879801279960344 3.5 4
41 0.6969314614075008 0.7615945031046764 3.5 4
42 0.7171655462262212 0.6839456200275076 3.5 4
43 0.7370914863004359 0.6743710745049766 3.5 4
44 0.4972660395618611 0.7965244009868192 3.5 4
45 1.8225255501959792 0.20663057314331182 3.5 4
46 0.13109405092354898 0.9652222127226449 3.5 4
47 0.2211455706821841 0.9253996306037555 3.3440998765146577 4
48 0.4868825852120313 0.7983084040071639 3.5 4
49 0.23003849998916337 0.8969250116563232 3.5 4
50 1.8654417681062512 0.253063535267823 3.5 4
51 3.2394215811780844 0.23821222287397337 3.5 4
52 3.3443457172764415 -0.044786894102321284 3.5 4
53 1.0078451945837612 0.6024251430527644 3.5 4
54 1.86926054079942 0.1039061487994305 3.5 4
55 1.0009939544509727 0.6497497197434036 3.5 4
56 2.266888536445234 0.05820436186356296 3.5 4
57 1.6999334056924313 0.16012807810791838 3.5 4
58 8.293728407805885 0.5470394792687998 3.5 4
59 2.8743370029318216 0.7090663873530441 3.5 4
60 0.43049491640696314 0.8895394483021231 3.5 4
61 1.7851994086300769 0.147234245648014 3.5 4
62 3.5899597033573043 0.19941383327490972 3.5 4
63 2.0861242144064196 0.7797997821489631 2.619299767960263 4
64 0.3401987878072257 0.9447622907526413 2.1509472619860026 4
65 2.235261770262313 0.7614077226821911 1.9788542908851523 4
66 15.131484863311922 0.05499725115840614 1.9139966983977792 4
67 5.713994172293474 0.4431541952123497 1.791572522564864 4
68 7.995458757512243 -0.006187048803042609 1.790122081002177 4
69 0.8813541346528329 0.7833147495798003 1.8805220566913194 4
70 1.49774283813887 0.33897011353460604 2.028887469040419 4
71 0.255984647421152 0.9291670788242362 2.3027487042219725 4
72 4.123945561495242 0.31818423382642846 2.389240428477948 4
73 0.4445065874441765 0.8043937016638085 2.083916331801316 4
74 0.5279519884596731 0.7641880151171189 2.3777523295917926 4
75 0.39301554237475056 0.9665765574319053 2.677852367928528 4
76 0.45394955655269964 0.8298256182199122 3.0129732851294975 4
77 0.7794109921808738 0.6315249972255493 3.364855042679177 4
78 7.897696217063191 0.30520180509642064 3.5 3
79 0.9465167515225241 0.540810208419648 3.5 4
80 1.0242709299438948 0.5223027226700934 3.5 4
81 0.5523865346043708 0.7383583935760519 3.5 4
82 0.23096506559196772 0.9189518891870081 3.5 4
83 2.6190264347205314 0.4542350663116717 3.5 4
84 5.029108612979399 0.5480051059523777 3.5 4
85 3.370067384451592 0.599896745537857 3.5 4
86 1.1154569061033852 0.4992328123378691 3.5 4
87 1.0904446438520559 0.4906449871404507 3.5 4
88 0.2037619360545868 0.9219307381226295 3.5 4
89 0.25444472755016 0.9434096133612732 3.5 4
90 2.205778674612766 0.7439301614484691 3.5 4
91 1.5451400972225109 0.5341451491888415 3.5 4
92 7.4999822498747255 0.5271291927676056 3.5 4
93 1.756115243370882 0.665104127118799 3.5 4
94 19.86684868399442 -0.1930866733321043 2.729718369306793 3
95 4.39570291845068 0.66118176894835 2.805495024400836 3
