2 1.892393778670523 0.7541661933012941 1.5 3
3 8.389034394833768 0.33970092601961516 2.5 3
4 11.024273840502335 0.30970777106948366 2.855252220001484 3
5 9.832038996448265 0.22591904201505336 3.2717990025194372 3
6 1.513686701751313 0.37906528941072826 3.6672546310810716 4
7 0.6660149825691368 0.7825892428964344 4.030513413320594 4
8 2.575113923008825 -0.10645361376176135 4.326064169940851 4
9 2.4953723422761733 -0.08782375989548674 4.659645628387929 4
10 1.4038755206104954 0.4557001919755168 5.013291370922626 4
11 2.971977143436165 -0.13662623321074016 5.398298881422671 4
12 2.5589675507487035 -0.0936697328120397 5.5 4
13 6.184236696969167 -0.02195173802311917 5.5 4
14 6.137214584963589 -0.12458416805478967 5.423082674310657 4
15 2.980341062610881 -0.044524556444651635 5.007017356306558 4
16 2.6312248507727336 -0.09256785878815847 4.859557597265997 4
17 2.600375106040068 -0.0808184702958581 4.929621850306759 4
18 1.3226881684110356 0.48051156489826097 4.909037465945969 4
19 5.094074940446812 0.17884859686403515 5.156932418933924 4
20 13.54995572950525 -0.2941290953452126 5.356252916320616 4
21 13.752483047152783 -0.22881791136544566 5.5 4
22 3.912330851817102 -0.24477281346180726 5.5 4
23 2.778745308008469 0.0709937034229325 5.5 4
24 3.105911906829186 -0.14159050906857526 5.5 4
25 3.9466223938363942 -0.24636507215967232 4.7411367085725615 4
26 5.568992932133876 -0.2232818941437213 4.925226155397067 4
27 4.990056513157176 -0.23167012015058036 5.5 4
28 5.214874282110189 0.004796835647695161 5.5 4
29 3.6563513296242487 0.38873515522294105 5.5 4
30 2.0650790177964815 -0.03529972876746988 5.5 4
31 2.5257829322392302 -0.06837815990587807 5.5 4
32 2.6159496027668583 -0.10746786977687563 5.5 4
33 2.3073721876021756 -0.08850066528007046 5.5 4
34 2.302081821367138 -0.11930343072670221 5.5 4
35 2.550603955113395 -0.1724755592742062 5.5 4
36 2.4139245528551543 0.13741457843393037 5.5 4
37 2.9479122734831256 -0.10442652355064529 5.5 4
38 2.7798414446137016 -0.11713601490163386 5.295837339213765 4
39 2.6797003643617394 -0.07509223108383613 5.5 4
40 2.677937715757073 -0.09142886901252562 5.5 4
41 1.647960442054199 0.20514916977159095 5.5 4
42 0.5338941194025004 0.8146259176304933 5.5 4
43 2.8792995981646596 -0.08463892620271675 5.5 4
44 1.639828120909609 0.5208400893116802 5.5 4
45 2.0000952032947774 0.0103935524155382 5.5 4
46 2.3555330048109173 -0.07581339473118487 5.5 4
47 1.3662231260532742 0.4383252853229854 5.5 4
48 0.7835776913762977 0.700975768241287 5.5 4
49 1.1617578230534864 0.5452664780116308 5.5 4
50 0.3293297080322839 0.8854973698852604 5.5 4
51 2.1640832404612675 -0.06545950337071448 5.5 4
52 2.3495731198160748 -0.034081947014986416 5.5 4
53 2.63951065814035 -0.0580682861947146 5.5 4
54 3.0671284424728977 -0.10842459239744216 5.5 4
55 3.110920490141546 -0.10850573275206613 5.5 4
56 1.1223769019249579 0.545839572089487 4.080598607233929 4
57 1.9161864597814215 0.22267012721509766 4.615398934595614 4
58 2.5993506015074797 -0.10085039958258993 5.144511257499595 4
59 2.2561621565499994 -0.07384342091044363 5.5 4
60 2.4582941761274126 -0.07783653192352351 5.5 4
61 2.3665759526431636 0.01329156068264732 5.5 4
62 1.423976546552474 0.37515414031808975 5.5 4
63 0.40659919446809845 0.8749509874727424 5.5 4
64 3.4274292658474064 -0.16318913273906185 5.5 4
65 3.910345274296433 -0.006722744113923405 5.5 4
66 3.5224085933045544 -0.3485082680160824 5.5 4
67 2.9257362121758046 -0.19675951582502854 4.821670877355405 4
68 0.7341875281920842 0.6513000524354665 3.9672309688183742 4
69 0.7237818289925819 0.6751172672290755 4.217027046392861 4
70 0.8234667309493107 0.5597933410648437 4.665837174567976 4
71 2.4305753271610406 -0.01728095157271686 5.112708117867427 4
72 3.1739936503031405 -0.0775416502352699 5.5 4
73 2.829305001546249 -0.1556406131402243 5.5 4
74 2.9550589937817167 -0.1689287414900502 5.5 4
75 8.017454886846426 -0.18770313757750018 5.5 4
76 9.338194212273876 -0.2719135662365265 5.5 4
77 13.642739271753499 -0.28430324607358276 5.5 4
78 15.088897528589964 -0.3037068351166948 5.5 4
79 2.89622721906683 -0.08678714958667455 5.5 4
80 2.233447142583163 0.06770258983117106 5.4629610882182895 4
81 2.1688848103222558 0.11841909533517561 5.029839884820015 4
82 8.519527814403077 -0.12833940953817854 5.5 4
83 3.0112154767087143 -0.12872452084507569 5.5 4
84 2.711885682483441 0.1008352137213939 5.5 4
85 1.2668706706353587 0.31697744810081346 5.5 4
86 1.8058651801808319 0.06693630014528017 5.5 4
87 1.8917856827755255 0.04713300874255425 5.5 4
88 1.3559303560346292 0.2865784950899087 5.5 4
89 0.23160176809153388 0.9065183057720969 5.5 4
90 1.8707663420972027 0.04348973943739752 5.5 4
91 1.898849694693995 0.042126662402811516 5.5 4
92 1.1224881375427005 0.4630703959712738 5.283005127586817 4
93 0.12519011561431803 0.9586611538684913 4.826601504272345 4
94 4.155382433088931 0.7325096705324685 4.867161362325132 3
95 1.6547070760496103 0.9091601843954694 5.278770905130907 3
