0.36 0.10452015926640179 -0.2971051296389673 1	0.36 0.10452015926640179 -0.2971051296389673 1
1.32 0.3246898839338126 -0.6131455806789159 1	1.32 0.3246898839338126 -0.6131455806789159 1
2.32 0.4241696719467942 -0.4126720711531866 1	2.32 0.4241696719467942 -0.4126720711531866 1
3.32 2.2307789698683864 -0.03004776293525957 1	3.32 2.2307789698683864 -0.03004776293525957 1
4.32 0.01980522840676091 -0.4091289829584679 1	4.32 0.01980522840676091 -0.4091289829584679 1
5.32 -1.7500411522825237 -0.07004903387488759 1	5.32 -1.7500411522825237 -0.07004903387488759 1
6.32 -2.9389688495563875 0.12615002468636738 1	6.32 -2.9389688495563875 0.12615002468636738 1
7.32 2.9998138337703466 0.5107551070723828 1	7.32 2.9998138337703466 0.5107551070723828 1
8.32 3.0423139275066404 0.4801848972788312 1	8.32 3.0423139275066404 0.4801848972788312 1
9.32 3.1106743553302243 -0.09081904538556573 1	9.32 3.1106743553302243 -0.09081904538556573 1
10.32 -2.9426474660581823 -0.4369377328095143 1	10.32 -2.9426474660581823 -0.4369377328095143 1
11.32 -2.6891819486428186 -0.3287510207571078 1	11.32 -2.6891819486428186 -0.3287510207571078 1
12.32 -2.0317584469449423 -0.2673266011941202 1	12.32 -2.0317584469449423 -0.2673266011941202 1
13.32 -1.502866297164855 -0.43298121102158316 1	13.32 -1.502866297164855 -0.43298121102158316 1
14.32 -1.6321365516747681 -0.5908977639839894 1	14.32 -1.6321365516747681 -0.5908977639839894 1
15.32 -1.8416330294608727 -0.49999923630428755 1	15.32 -1.8416330294608727 -0.49999923630428755 1
16.32 -1.6229838356377995 -0.44682778064228046 1	16.32 -1.6229838356377995 -0.44682778064228046 1
17.32 -1.0633367504161293 -0.49335633863827155 1	17.32 -1.0633367504161293 -0.49335633863827155 1
18.32 -0.5994893915730266 -0.6191523058325799 1	18.32 -0.5994893915730266 -0.6191523058325799 1
19.32 -0.3574296776139332 -0.6631449702385934 1	19.32 -0.3574296776139332 -0.6631449702385934 1
20.32 -0.14838998739966014 -0.6047587849308926 1	20.32 -0.14838998739966014 -0.6047587849308926 1
21.32 -0.034857227128640034 -0.607333634269775 1	21.32 -0.034857227128640034 -0.607333634269775 1
22.32 -0.13247907724628938 -0.6062887405531909 1	22.32 -0.13247907724628938 -0.6062887405531909 1
23.32 -0.6501657943495527 -0.6471875645139495 1	23.32 -0.6501657943495527 -0.6471875645139495 1
24.32 -0.1970293814995987 -0.5741200884174926 1	24.32 -0.1970293814995987 -0.5741200884174926 1
25.32 0.46097028829094544 -0.5179377303562851 1	25.32 0.46097028829094544 -0.5179377303562851 1
26.32 0.9058330027284045 -0.46456018621620254 1	26.32 0.9058330027284045 -0.46456018621620254 1
27.32 0.9384207433240928 -0.5899336091986025 1	27.32 0.9384207433240928 -0.5899336091986025 1
28.32 1.4926906785598781 -0.2492812929919006 1	28.32 1.4926906785598781 -0.2492812929919006 1
29.32 1.9895643443331084 -0.3147608803521418 1	29.32 1.9895643443331084 -0.3147608803521418 1
30.32 1.9148371648377607 -0.1614967119504367 1	30.32 1.9148371648377607 -0.1614967119504367 1
31.32 1.248744752371569 0.32766905624721154 1	31.32 1.248744752371569 0.32766905624721154 1
32.32 0.6371558308525063 0.5051567889636859 1	32.32 0.6371558308525063 0.5051567889636859 1
33.32 0.20252842528044246 0.5244951767021231 1	33.32 0.20252842528044246 0.5244951767021231 1
34.32 0.2870448074843761 0.5285170436172488 1	34.32 0.2870448074843761 0.5285170436172488 1
35.32 0.33433143178767954 0.5347609590162585 1	35.32 0.33433143178767954 0.5347609590162585 1
36.32 0.33870515708000726 0.530021552339053 1	36.32 0.33870515708000726 0.530021552339053 1
37.32 0.4920927900729981 0.5513831257464021 1	37.32 0.4920927900729981 0.5513831257464021 1
38.32 0.8467189104028678 0.3715420259731237 1	38.32 0.8467189104028678 0.3715420259731237 1
39.32 1.135304354924565 -0.04627031907986656 1	39.32 1.135304354924565 -0.04627031907986656 1
40.32 1.6386836307648496 -0.13308603294696297 1	40.32 1.6386836307648496 -0.13308603294696297 1
41.32 1.516882198629581 0.0093531496482675 1	41.32 1.516882198629581 0.0093531496482675 1
42.32 1.4682497160334798 0.30255673537074146 1	42.32 1.4682497160334798 0.30255673537074146 1
43.32 1.5167445968713533 0.4088170228079666 1	43.32 1.5167445968713533 0.4088170228079666 1
44.32 1.2141834632708965 0.2658013579608023 1	44.32 1.2141834632708965 0.2658013579608023 1
45.32 1.506105279190706 -0.09439700525873929 1	45.32 1.506105279190706 -0.09439700525873929 1
46.32 1.5962595635707721 -0.377353972382265 1	46.32 1.5962595635707721 -0.377353972382265 1
47.32 2.65847413709104 -0.3284023039725592 1	47.32 2.65847413709104 -0.3284023039725592 1
48.32 2.904884956875355 -0.11615756093309448 1	48.32 2.904884956875355 -0.11615756093309448 1
49.32 -0.2843373829355129 0.003126198849587203 1	49.32 -0.2843373829355129 0.003126198849587203 1
50.32 -2.162130143839204 -0.0629543751852859 1	50.32 -2.162130143839204 -0.0629543751852859 1
51.32 -1.816806279356614 -0.2521715582332029 1	51.32 -1.816806279356614 -0.2521715582332029 1
52.32 -1.7539932758407397 0.08675256785475915 1	52.32 -1.7539932758407397 0.08675256785475915 1
53.32 -1.7508925238916464 0.26772998169084117 1	53.32 -1.7508925238916464 0.26772998169084117 1
54.32 -1.85109110830377 0.09480572646297136 1	54.32 -1.85109110830377 0.09480572646297136 1
55.32 -2.0392568002905307 -0.18200000224482538 1	55.32 -2.0392568002905307 -0.18200000224482538 1
56.32 -2.0870718404781674 -0.22164564489606686 1	56.32 -2.0870718404781674 -0.22164564489606686 1
57.32 -1.8906192553897676 0.05885648172794333 1	57.32 -1.8906192553897676 0.05885648172794333 1
58.32 -1.9179159256382785 0.3022736778726529 1	58.32 -1.9179159256382785 0.3022736778726529 1
59.32 -2.0145563422109465 0.31801651281905685 1	59.32 -2.0145563422109465 0.31801651281905685 1
60.32 -1.9710289476769292 0.2701826230754987 1	60.32 -1.9710289476769292 0.2701826230754987 1
61.32 -1.9317615527811796 0.2341077146343271 1	61.32 -1.9317615527811796 0.2341077146343271 1
62.32 -1.9766033896814588 0.06726464030601109 1	62.32 -1.9766033896814588 0.06726464030601109 1
63.32 -2.1065145290927036 -0.09613870422588944 1	63.32 -2.1065145290927036 -0.09613870422588944 1
64.32 -2.0609048869478874 -0.35950941195060926 1	64.32 -2.0609048869478874 -0.35950941195060926 1
65.32 -1.8166535979536496 -0.6859720966188427 1	65.32 -1.8166535979536496 -0.6859720966188427 1
66.32 -1.965713372907055 -0.6065340989394361 1	66.32 -1.965713372907055 -0.6065340989394361 1
67.32 -2.25933793204511 -0.049845765678916854 1	67.32 -2.25933793204511 -0.049845765678916854 1
68.32 -2.53323511144236 0.6786327078615261 1	68.32 -2.53323511144236 0.6786327078615261 1
69.32 -0.9990333753453919 0.6537761126270581 1	69.32 -0.9990333753453919 0.6537761126270581 1
70.32 0.09972923046967752 0.7448474279027072 1	70.32 0.09972923046967752 0.7448474279027072 1
71.32 -1.3670596449798835 0.9751337092332077 1	71.32 -1.3670596449798835 0.9751337092332077 1
72.32 -2.0851768317895223 0.8780569254409564 1	72.32 -2.0851768317895223 0.8780569254409564 1
73.32 -2.071919939109904 0.8215792576703111 1	73.32 -2.071919939109904 0.8215792576703111 1
74.32 -1.9747699562088237 0.805463201516661 1	74.32 -1.9747699562088237 0.805463201516661 1
75.32 -1.7072375806958935 0.7960924589495333 1	75.32 -1.7072375806958935 0.7960924589495333 1
76.32 -1.1990001459760975 0.8040353476556044 1	76.32 -1.1990001459760975 0.8040353476556044 1
77.32 -1.2400770982403146 0.6295374686675514 1	77.32 -1.2400770982403146 0.6295374686675514 1
78.32 -1.2592816541317091 0.49123984766754836 1	78.32 -1.2592816541317091 0.49123984766754836 1
79.32 -1.208362720402326 -0.05447364581692016 1	79.32 -1.208362720402326 -0.05447364581692016 1
80.32 -1.197577632822552 -0.3841234762322203 1	80.32 -1.197577632822552 -0.3841234762322203 1
81.32 -1.449825531757237 -0.44369969683710053 1	81.32 -1.449825531757237 -0.44369969683710053 1
82.32 -1.7301517291926467 -0.42607284877633944 1	82.32 -1.7301517291926467 -0.42607284877633944 1
83.32 -1.4484476292193729 -0.5046469084760083 1	83.32 -1.4484476292193729 -0.5046469084760083 1
84.32 -1.3972886778112552 -0.6179010094786546 1	84.32 -1.3972886778112552 -0.6179010094786546 1
85.32 -1.7405428610536604 -0.5637176468229264 1	85.32 -1.7405428610536604 -0.5637176468229264 1
86.32 -1.9048029179021948 -0.5374847198469208 1	86.32 -1.9048029179021948 -0.5374847198469208 1
87.32 -1.9571694975263523 -0.5261872385053468 1	87.32 -1.9571694975263523 -0.5261872385053468 1
88.32 -1.912401173894167 -0.5259566456045732 1	88.32 -1.912401173894167 -0.5259566456045732 1
89.32 -1.8516867542708906 -0.45290958986036456 1	89.32 -1.8516867542708906 -0.45290958986036456 1
90.32 -1.7004825281721447 -0.3350819582726221 1	90.32 -1.7004825281721447 -0.3350819582726221 1
91.32 -1.4065777389693894 -0.21303768102523102 1	91.32 -1.4065777389693894 -0.21303768102523102 1
92.32 -1.1561092381136975 0.028701590483196204 1	92.32 -1.1561092381136975 0.028701590483196204 1
93.32 -1.4483741159512789 0.05344791581552322 1	93.32 -1.4483741159512789 0.05344791581552322 1
94.32 -0.9863268896986828 0.5216077388942086 1	94.32 -0.9863268896986828 0.5216077388942086 1
95.32 -0.27623835707455857 0.6489333475515495 1	95.32 -0.27623835707455857 0.6489333475515495 1
