7 0
8 0.5040650406504065
9 0.22727272727272727
10 0.12790697674418605
11 0.20909090909090908
12 0.1297709923664122
13 0.16964285714285715
14 0.37623762376237624
15 0.37962962962962965
16 0.44954128440366975
17 0.30714285714285716
18 0.1111111111111111
19 0.4444444444444444
20 0.051470588235294115
21 0.42028985507246375
22 0.19083969465648856
23 0.5614035087719298
24 0.0
25 0.45569620253164556
26 0.725
27 0.0
28 0.46987951807228917
29 0.7053571428571429
30 0.7403846153846154
31 0.5542168674698795
32 0.5106382978723404
33 0.3305084745762712
34 0.47619047619047616
35 0.7124183006535948
36 0.07100591715976332
37 0.19827586206896552
38 0.0364963503649635
39 0.0
40 0.0
41 0.061946902654867256
42 0.032520325203252036
43 0.0
44 0.06451612903225806
45 0.4948453608247423
46 0.0
47 0.0
48 0.0
49 0.4953271028037383
50 0.10975609756097561
51 0.1686746987951807
52 0.6854838709677419
53 0.0
54 0.2976190476190476
55 0.16666666666666666
56 0.4019607843137255
57 0.24210526315789474
58 0.24705882352941178
59 0.0
60 0.5057471264367817
61 0.06779661016949153
62 0.689873417721519
63 0.568
64 0.07236842105263158
65 0.328
66 0.4117647058823529
67 0.0
68 0.3125
69 0.39316239316239315
70 0.0
71 0.025806451612903226
72 0.0
73 0.3
74 0.20175438596491227
75 0.12727272727272726
76 0.015151515151515152
77 0.0
78 0.18382352941176472
79 0.2111111111111111
80 0.5813953488372093
81 0.0
82 0.2
83 0.20987654320987653
84 0.0
85 0.9390243902439024
86 0.5542168674698795
87 0.896551724137931
88 0.9032258064516129
89 0.7395833333333334
90 0.7117117117117117
91 0.8913043478260869
92 0.6829268292682927
93 0.625
94 0.10227272727272728
95 0.22857142857142856
