12 0
13 0.46153846153846156
14 0.30973451327433627
15 0.0
16 0.35714285714285715
17 0.5072463768115942
18 0.4125874125874126
19 0.39823008849557523
20 0.5641025641025641
21 0.5691056910569106
22 0.5619834710743802
23 0.12396694214876033
24 0.5655737704918032
25 0.5984848484848485
26 0.5412844036697247
27 0.45263157894736844
28 0.4827586206896552
29 0.5321100917431193
30 0.0392156862745098
31 0.0
32 0.16483516483516483
33 0.0
34 0.0
35 0.29523809523809524
36 0.5684210526315789
37 0.6666666666666666
38 0.40476190476190477
39 0.84375
40 0.0
41 0.21176470588235294
42 0.4158415841584158
43 0.4789915966386555
44 0.23357664233576642
45 0.10606060606060606
46 0.0
47 0.0
48 0.0
49 0.0
50 0.019230769230769232
51 0.19205298013245034
52 0.1092436974789916
53 0.10185185185185185
54 0.0
55 0.23684210526315788
56 0.6714285714285714
57 0.0
58 0.0
59 0.0
60 0.27419354838709675
61 0.0
62 0.0
63 0.0
64 0.475
65 0.770949720670391
66 0.8066298342541437
67 0.8054054054054054
68 0.46835443037974683
69 0.5974025974025974
70 0.6298701298701299
71 0.2978723404255319
72 0.07471264367816093
73 0.45454545454545453
74 0.0
75 0.0
76 0.1111111111111111
77 0.09649122807017543
78 0.45794392523364486
79 0.19327731092436976
80 0.06666666666666667
81 0.7528089887640449
82 0.8869565217391304
83 0.49044585987261147
84 0.484472049689441
85 0.7785714285714286
86 0.23943661971830985
87 0.4744525547445255
88 0.009708737864077669
89 0.008620689655172414
90 0.0
91 0.967032967032967
92 0.07865168539325842
93 0.07777777777777778
94 0.45569620253164556
95 0.6853932584269663
