12 0
13 0.7701149425287356
14 0.5638297872340425
15 0.5517241379310345
16 0.7254901960784313
17 0.6588235294117647
18 0.7395833333333334
19 0.5698924731182796
20 0.8192771084337349
21 0.36585365853658536
22 0.6753246753246753
23 0.42857142857142855
24 0.6122448979591837
25 0.2753623188405797
26 0.10625
27 0.0
28 0.09
29 0.16483516483516483
30 0.21212121212121213
31 0.011494252873563218
32 0.3821138211382114
33 0.20618556701030927
34 0.3673469387755102
35 0.10084033613445378
36 0.7553956834532374
37 0.4491525423728814
38 0.6185567010309279
39 0.7676767676767676
40 0.8709677419354839
41 0.5365853658536586
42 0.425531914893617
43 0.5842696629213483
44 0.7130434782608696
45 0.362962962962963
46 0.0
47 0.0
48 0.3157894736842105
49 0.0
50 0.2169811320754717
51 0.17045454545454544
52 0.2976190476190476
53 0.2625
54 0.2289156626506024
55 0.011111111111111112
56 0.7835051546391752
57 0.8314606741573034
58 0.6818181818181818
59 0.424
60 0.0
61 0.8823529411764706
62 0.011363636363636364
63 0.11494252873563218
64 0.0
65 0.07216494845360824
66 0.6907216494845361
67 0.8488372093023255
68 0.5730337078651685
69 0.6421052631578947
70 0.3488372093023256
71 0.011627906976744186
72 0.5802469135802469
73 0.40476190476190477
74 0.632183908045977
75 0.7252747252747253
76 0.6509433962264151
77 0.358974358974359
78 0.1652892561983471
79 0.02197802197802198
80 0.0
81 0.0
82 0.1414141414141414
83 0.0
84 0.17582417582417584
85 0.5268817204301075
86 0.3977272727272727
87 0.9294117647058824
88 0.0
89 0.8352941176470589
90 0.9534883720930233
91 0.7209302325581395
92 0.9629629629629629
93 0.6923076923076923
94 0.8192771084337349
95 0.6666666666666666
