7 0
8 0.7203389830508474
9 0.783625730994152
10 0.807909604519774
11 0.5280898876404494
12 0.0
13 0.0
14 0.0
15 0.0
16 0.27522935779816515
17 0.34
18 0.37755102040816324
19 0.5688073394495413
20 0.375
21 0.41304347826086957
22 0.2874251497005988
23 0.0
24 0.0
25 0.25806451612903225
26 0.2074074074074074
27 0.28125
28 0.0
29 0.010638297872340425
30 0.20606060606060606
31 0.1411042944785276
32 0.15789473684210525
33 0.09090909090909091
34 0.7549668874172185
35 0.47058823529411764
36 0.5763888888888888
37 0.525
38 0.025
39 0.5725190839694656
40 0.6216216216216216
41 0.7586206896551724
42 0.5317460317460317
43 0.0
44 0.0
45 0.3958333333333333
46 0.08247422680412371
47 0.0
48 0.49523809523809526
49 0.0
50 0.43617021276595747
51 0.2828282828282828
52 0.26956521739130435
53 0.008547008547008548
54 0.017543859649122806
55 0.020618556701030927
56 0.0
57 0.6336633663366337
58 0.0
59 0.20202020202020202
60 0.0
61 0.3503184713375796
62 0.2564102564102564
63 0.654320987654321
64 0.4701492537313433
65 0.20422535211267606
66 0.5714285714285714
67 0.631578947368421
68 0.0
69 0.0
70 0.0
71 0.0
72 0.0
73 0.13725490196078433
74 0.0
75 0.0
76 0.07258064516129033
77 0.472
78 0.2736842105263158
79 0.06666666666666667
80 0.08490566037735849
81 0.25274725274725274
82 0.0
83 0.3963963963963964
84 0.4596774193548387
85 0.23770491803278687
86 0.028037383177570093
87 0.30718954248366015
88 0.6153846153846154
89 0.24
90 0.3032258064516129
91 0.0
92 0.775
93 0.056818181818181816
94 0.05555555555555555
95 0.08333333333333333
