7 0
8 0.44036697247706424
9 0.15789473684210525
10 0.0
11 0.0
12 0.05555555555555555
13 0.32989690721649484
14 0.3786407766990291
15 0.8849557522123894
16 0.0
17 0.33043478260869563
18 0.3904761904761905
19 0.12371134020618557
20 0.10869565217391304
21 0.03225806451612903
22 0.6082474226804123
23 0.3644859813084112
24 0.9313725490196079
25 0.627906976744186
26 0.8604651162790697
27 0.9390243902439024
28 0.6707317073170732
29 0.09375
30 0.898876404494382
31 0.6766467065868264
32 0.5632911392405063
33 0.5460526315789473
34 0.7342657342657343
35 0.4583333333333333
36 0.5932203389830508
37 0.5726495726495726
38 0.5042735042735043
39 0.1565217391304348
40 0.5677966101694916
41 0.7286821705426356
42 0.6555555555555556
43 0.6235294117647059
44 0.6941176470588235
45 0.6309523809523809
46 0.7978723404255319
47 0.0
48 0.8048780487804879
49 0.8863636363636364
50 0.6788321167883211
51 0.4666666666666667
52 0.3063063063063063
53 0.7913043478260869
54 0.38095238095238093
55 0.26666666666666666
56 0.0
57 0.38235294117647056
58 0.11764705882352941
59 0.32978723404255317
60 0.8333333333333334
61 0.8352941176470589
62 0.5151515151515151
63 0.358695652173913
64 0.7634408602150538
65 0.6612903225806451
66 0.211864406779661
67 0.36496350364963503
68 0.6940298507462687
69 0.0
70 0.5982905982905983
71 0.7633136094674556
72 0.8206896551724138
73 0.7191780821917808
74 0.44594594594594594
75 0.5294117647058824
76 0.7243589743589743
77 0.45454545454545453
78 0.5376344086021505
79 0.47368421052631576
80 0.2926829268292683
81 0.4691358024691358
82 0.12903225806451613
83 0.7755102040816326
84 0.75
85 0.26744186046511625
86 0.7126436781609196
87 0.7108433734939759
88 0.23529411764705882
89 0.27058823529411763
90 0.868421052631579
91 0.6666666666666666
92 0.40963855421686746
93 0.631578947368421
94 0.7294117647058823
95 0.8271604938271605
