7 0
8 -0.46937408363490574
9 -0.5124048722561445
10 -0.41727680873844364
11 0.6917390345247211
12 -0.3968059783663773
13 -0.4383552881803688
14 0.23097036769118298
15 -0.47106731708994387
16 -0.39981275000997274
17 -0.327421778344395
18 -0.6487353163192513
19 -0.031142337306116756
20 0.5402380812607399
21 -0.2954081631802988
22 0.0821079214217081
23 0.6801980395193999
24 0.7075988948292299
25 -0.26078393047164744
26 -0.11271663035510737
27 -0.5790878729170273
28 -0.40383300096654634
29 -0.33277802868993045
30 0.6871158358075989
31 2.7219000160937474
32 2.553811898780035
33 2.574686785126189
34 1.5872780199367391
35 1.6648262605236694
36 1.5136297642363374
37 -1.2028914851818355
38 -0.4452701189729972
39 0.7862809860464921
40 -0.10918764335996442
41 -0.09764412266510723
42 0.1537903561232354
43 1.7280339702191299
44 2.038702192935308
45 -0.6988762816043155
46 0.5577563945562962
47 0.666931423290015
48 0.3762110526137716
49 0.6635800227712223
50 1.325079261828566
51 0.1426920304574373
52 -0.9764847383913794
53 -1.0128901437153706
54 0.5285861388381742
55 -0.0007791569281764663
56 2.361618958333646
57 2.417365350121527
58 2.442548276689755
59 2.3503274417897955
60 2.6755274317012407
61 2.741999372095193
62 2.693533941976467
63 2.8088422411794367
64 3.3925164986250307
65 2.193859603745373
66 3.0010970679225273
67 1.524413764152011
68 -0.3894581884676189
69 1.9727855929397131
70 2.041453731978609
71 -1.0958999689999245
72 -0.7668977937544019
73 1.4661952499030797
74 1.6314806922133422
75 1.5756052319300422
76 1.6607417498830392
77 -1.2192811858992092
78 -0.09201635603872102
79 1.3676977584910461
80 3.46906249659776
81 2.386649075921358
82 2.934662764637456
83 3.3372795562431867
84 3.101822194350956
85 2.9508380921346213
86 2.828979170012977
87 2.909486815156804
88 3.2014622370217554
89 2.8793925995749787
90 2.5039890044623716
91 2.832372354897691
92 3.348084552989221
93 3.44840257565344
94 2.230780992424865
95 -0.3820450566942802
