7 0
8 0.6179775280898876
9 0.514018691588785
10 0.49523809523809526
11 0.15306122448979592
12 0.4095238095238095
13 0.35344827586206895
14 0.2916666666666667
15 0.3125
16 0.23711340206185566
17 0.16260162601626016
18 0.48598130841121495
19 0.12727272727272726
20 0.7387387387387387
21 0.26229508196721313
22 0.5377358490566038
23 0.4878048780487805
24 0.8455882352941176
25 0.41509433962264153
26 0.21495327102803738
27 0.28225806451612906
28 0.3431372549019608
29 0.20754716981132076
30 0.3181818181818182
31 0.2978723404255319
32 0.6209150326797386
33 0.4351145038167939
34 0.5304878048780488
35 0.0
36 0.42702702702702705
37 0.5308641975308642
38 0.31875
39 0.125
40 0.6451612903225806
41 0.5549132947976878
42 0.8
43 0.19631901840490798
44 0.0
45 0.1559633027522936
46 0.3565217391304348
47 0.0
48 0.16822429906542055
49 0.5544554455445545
50 0.0
51 0.1125
52 0.4835164835164835
53 0.625
54 0.0
55 0.075
56 0.3645833333333333
57 0.4845360824742268
58 0.022556390977443608
59 0.0
60 0.020689655172413793
61 0.2535211267605634
62 0.42105263157894735
63 0.6203703703703703
64 0.3142857142857143
65 0.5886075949367089
66 0.5555555555555556
67 0.2603550295857988
68 0.1858974358974359
69 0.1457286432160804
70 0.2708333333333333
71 0.7135135135135136
72 0.5421052631578948
73 0.5
74 0.2076923076923077
75 0.1414141414141414
76 0.29292929292929293
77 0.2549019607843137
78 0.08
79 0.21428571428571427
80 0.0
81 0.46987951807228917
82 0.574468085106383
83 0.20618556701030927
84 0.6875
85 0.1
86 0.5432098765432098
87 0.9012345679012346
88 0.6951219512195121
89 0.8441558441558441
90 0.8740740740740741
91 0.6893939393939394
92 0.6666666666666666
93 0.38028169014084506
94 0.18857142857142858
95 0.1317365269461078
