2 0
3 -0.5537489306286708
4 -0.586068417856405
5 -0.6054530069245683
6 -0.4337373029551753
7 -0.4029000392780433
8 -0.33843578935536683
9 0.508423268515771
10 1.588867987486028
11 -0.7796695966048093
12 -0.1248590035856757
13 -0.21258222263797347
14 -0.523745904421179
15 -0.5725439415455429
16 1.1142154300396048
17 0.10692168513855677
18 0.10752401915629065
19 0.057219351803784006
20 0.45397647576839434
21 1.4635898872629036
22 0.32083473919230454
23 0.4609980050972558
24 1.6160328622156528
25 1.7573997715475373
26 1.1575278065912702
27 0.1173225378206639
28 3.089949483181674
29 2.509862393968483
30 1.930089631469236
31 2.366584409675868
32 1.6032074130566432
33 -0.30603048725921567
34 -1.2200285913429192
35 -1.1938005163905825
36 0.49674960562987996
37 0.7948184416835776
38 1.126932756997559
39 2.3818132079883028
40 2.62597032142341
41 3.3982353585492655
42 3.10950477863413
43 3.2160477133790404
44 3.4659159841655525
45 2.4689015365673517
46 2.83603725988074
47 2.716366791679884
48 2.8460084341560092
49 2.582538989608484
50 2.486860470058386
51 2.297917218261363
52 2.138876631828486
53 2.484734062350069
54 2.8672512933745677
55 1.4143683543483883
56 1.9771145396781569
57 2.097704669195838
58 1.3749455410643714
59 0.8520898069378136
60 1.2333187448146328
61 -0.06536556360564912
62 0.15723993596842425
63 0.800262445710651
64 0.8707466034026939
65 1.5285262254368666
66 2.257221495419992
67 2.646251493217527
68 0.5861053006838913
69 1.7508501191832888
70 1.5209817722449437
71 1.3949074610079817
72 1.4014394965221042
73 1.2886092681064805
74 1.14442456183071
75 0.3164233648863695
76 -0.3786378325397352
77 -0.29727504838929586
78 2.185837655010106
79 3.1532929274002335
80 3.2871018630469835
81 3.4753451822070986
82 3.2265243801657224
83 2.624057281917929
84 2.881287751707757
85 2.960170460223066
86 3.0280734161558587
87 2.8185746056816727
88 3.2511607374781333
89 3.2111522339673377
90 3.2266017555856283
91 3.33465149820789
92 3.220777009777365
93 3.400493010631458
94 2.884684752821968
95 2.657121174898987
