7 0
8 -0.002435621993317696
9 -0.38511014220992246
10 -0.38561973201402383
11 2.6976646879039414
12 1.3047715961234712
13 2.7139257700812127
14 0.13961206231702825
15 -0.6329725541354029
16 -0.4156149824046531
17 -0.42767834706872165
18 -0.7612367289656157
19 -0.4632583212932988
20 -0.5063915013704684
21 -0.7882923186542301
22 -0.5993365511857003
23 -0.6768234125942011
24 -0.6872147559248265
25 -0.579338087954444
26 1.1677381659497037
27 2.5621248421535894
28 2.902030091671022
29 2.6870271906381245
30 3.5508990916519316
31 -0.5064658290390516
32 -0.5742870535551101
33 0.30556689918796665
34 0.5422203253903084
35 0.5054769845915665
36 1.4369047866137319
37 2.4336587691334093
38 2.251271991942434
39 2.9741252686987263
40 2.9763066811275976
41 2.6489972728106608
42 2.3682897982787203
43 3.1845167318527716
44 2.30018391236759
45 2.590478520184024
46 2.787833871405254
47 3.11425503518872
48 1.4821994697981427
49 2.3975417160010526
50 3.310180403556883
51 2.6646680345512936
52 1.273808143374102
53 0.9787214878379491
54 0.296054062254024
55 1.7167428944017589
56 2.579907295093753
57 2.1579487019814927
58 1.980147549187723
59 1.806102895834135
60 3.4367361478911844
61 1.0932010343851153
62 0.7587076047665926
63 0.6266898995081032
64 1.3417458208985287
65 2.5469713805171725
66 2.3282960336757066
67 -0.036726649457960336
68 -0.6885105609204367
69 -0.756718980922934
70 -0.5131266963771306
71 -0.3538868757353534
72 -0.5850462475316387
73 -0.44699877157587453
74 0.06497966901729973
75 0.5529953548447663
76 0.02557415414684834
77 -0.07152871380640104
78 2.137527542587378
79 2.3128815219016428
80 3.0068674090626457
81 3.1747528199833006
82 3.501130080690507
83 2.557132652484666
84 2.042296882375711
85 2.053321039087298
86 2.269549959098914
87 2.387179413628618
88 2.447576368135408
89 2.594642440471215
90 3.5614318576436235
91 3.363381493541512
92 3.218474456753644
93 3.3913316002761023
94 2.841584266368209
95 2.879259443549505
