17 0
18 0.5607476635514018
19 0.4351851851851852
20 0.5098039215686274
21 0.423728813559322
22 0.8811881188118812
23 0.8482142857142857
24 0.65
25 0.15126050420168066
26 0.6581196581196581
27 0.6814159292035398
28 0.918918918918919
29 0.8021978021978022
30 0.7912087912087912
31 0.6829268292682927
32 0.7033898305084746
33 0.36923076923076925
34 0.5785714285714286
35 0.6756756756756757
36 0.7246376811594203
37 0.4452054794520548
38 0.0
39 0.20754716981132076
40 0.8932038834951457
41 0.0
42 0.5046728971962616
43 0.0
44 0.0
45 0.5641025641025641
46 0.24691358024691357
47 0.6881720430107527
48 0.45
49 0.35877862595419846
50 0.3669724770642202
51 0.26126126126126126
52 0.0
53 0.25882352941176473
54 0.45348837209302323
55 0.375
56 0.9285714285714286
57 0.6066666666666667
58 0.22388059701492538
59 0.11304347826086956
60 0.3503184713375796
61 0.13245033112582782
62 0.27807486631016043
63 0.12781954887218044
64 0.0
65 0.0
66 0.45714285714285713
67 0.5523809523809524
68 0.819047619047619
69 0.8952380952380953
70 0.9809523809523809
71 0.6228571428571429
72 0.23893805309734514
73 0.24
74 0.045871559633027525
75 0.25757575757575757
76 0.0
77 0.7426470588235294
78 0.6875
79 0.49230769230769234
80 0.3541666666666667
81 0.31521739130434784
82 0.2777777777777778
83 0.43820224719101125
84 0.05434782608695652
85 0.4375
86 0.19540229885057472
87 0.83
88 0.23255813953488372
89 0.5795454545454546
90 0.3504273504273504
91 0.25217391304347825
92 0.6637168141592921
93 0.46078431372549017
94 0.0
95 0.3854166666666667
