2 0
3 -0.5537674217883691
4 -0.5768893124103972
5 -0.5651267317760948
6 -0.4151690283271269
7 2.012635473618861
8 0.46690570483268085
9 0.055688973167691634
10 -0.021709105215392866
11 -0.08404948834860565
12 -0.33713447580006695
13 -0.15052199234769595
14 0.062059400127532846
15 0.23186068724686731
16 0.7869021122131042
17 -0.13820624706114626
18 0.23726215670388107
19 -0.04634326230974681
20 0.09412394657280723
21 -0.9084703397722975
22 -0.5535346100311211
23 -0.650136011207098
24 -0.8355951950360995
25 -0.004179984188999182
26 1.546640001398446
27 3.2973891269461633
28 2.8614183485498006
29 1.4674382837493176
30 3.1095530309298476
31 1.3154098284589457
32 -0.15164564535117558
33 0.36085738281685614
34 1.1608228067978794
35 2.118175850008728
36 1.5682568769364338
37 1.325905554856717
38 1.7415502921532586
39 3.1855364563641184
40 2.875027827778325
41 2.3376218180503736
42 1.0239868381146033
43 -0.04707644471400822
44 -0.44837444069115323
45 1.0646280408850943
46 1.4061162607430464
47 0.936005529575958
48 0.6367323001089723
49 0.6457493055185557
50 1.9072450719445555
51 0.39457775997422706
52 -0.4806964443960735
53 0.9741520260924932
54 1.5729266688821337
55 2.3515739823697293
56 1.6374341438624742
57 1.8174649128322844
58 1.2350280961880777
59 -0.6889582037492277
60 1.0953174206994745
61 1.6606883309564129
62 1.3440824654304457
63 2.332019510860797
64 2.913767995352322
65 0.9136390448727323
66 -0.09926301456944608
67 1.2433852891375698
68 2.0229351861857494
69 0.46959886864282524
70 0.9754913075594946
71 0.2119822619371766
72 0.08887923344035797
73 -0.46798019073904334
74 0.248270669778484
75 0.5341791241589946
76 0.9478411591881388
77 1.4122987178747741
78 2.1886566635202773
79 2.9390783761498143
80 2.1734398684284018
81 2.125595417628663
82 -0.4138911759921103
83 -0.3367765525744074
84 0.5972067621185784
85 2.5918575920565274
86 2.869089526039713
87 2.946428678012738
88 3.154267590627274
89 3.263673740372127
90 3.2969517465094786
91 2.060403058010146
92 -0.38725730088450083
93 0.40412974986907235
94 2.880098497967987
95 2.922622601856408
