17 0
18 0.6101694915254238
19 0.39316239316239315
20 0.504950495049505
21 0.6956521739130435
22 0.5089285714285714
23 0.3103448275862069
24 0.6408450704225352
25 0.5378151260504201
26 0.11458333333333333
27 0.11224489795918367
28 0.02912621359223301
29 0.3157894736842105
30 0.6210526315789474
31 0.48125
32 0.8407643312101911
33 0.48344370860927155
34 0.7483443708609272
35 0.7727272727272727
36 0.7570621468926554
37 0.6771653543307087
38 0.6704545454545454
39 0.23529411764705882
40 0.1390728476821192
41 0.021739130434782608
42 0.018518518518518517
43 0.423728813559322
44 0.40298507462686567
45 0.16822429906542055
46 0.3161290322580645
47 0.5732484076433121
48 0.6851851851851852
49 0.7587719298245614
50 0.02608695652173913
51 0.0
52 0.0
53 0.16
54 0.19402985074626866
55 0.32038834951456313
56 0.37748344370860926
57 0.15436241610738255
58 0.2
59 0.3793103448275862
60 0.0
61 0.1927710843373494
62 0.7378640776699029
63 0.05319148936170213
64 0.18292682926829268
65 0.6790123456790124
66 0.2727272727272727
67 0.2988505747126437
68 0.08
69 0.02127659574468085
70 0.1297709923664122
71 0.07751937984496124
72 0.2047244094488189
73 0.0
74 0.0
75 0.0
76 0.08620689655172414
77 0.7724867724867724
78 0.544
79 0.5068493150684932
80 0.0989010989010989
81 0.638095238095238
82 0.5675675675675675
83 0.0
84 0.3211009174311927
85 0.0390625
86 0.0
87 0.0
88 0.4519230769230769
89 0.0
90 0.5512820512820513
91 0.0
92 0.08641975308641975
93 0.9156626506024096
94 0.9493670886075949
95 0.9024390243902439
