11 0
12 1.2990142902457802
13 -0.4456593781418235
14 -0.4200479999276566
15 -0.3988919142188477
16 -0.40455472855242713
17 -0.6245499764457587
18 -0.6203012303830975
19 -0.4616633600208276
20 2.882690205602204
21 1.1098562427743728
22 -0.40508573488618693
23 -0.5874499281919998
24 3.012636834269714
25 -0.06884845499526651
26 -0.5763526257935504
27 -0.56743926504126
28 2.77703768722162
29 2.859721815623848
30 2.8387375141560005
31 3.142144646684182
32 2.8574193698540187
33 2.8654719824828594
34 1.5779559245320667
35 2.3107933503537743
36 1.1526776910467562
37 1.0462676847631942
38 0.5253808713027158
39 -0.5406719829376306
40 0.9754814908714754
41 2.8011854947296886
42 2.614830598857334
43 2.872793798557033
44 -0.09061701056724804
45 0.4199818373936705
46 -0.5531836678320328
47 0.4094950826755747
48 1.913183291766154
49 2.7707201465063904
50 2.7863354938286076
51 2.362216018040799
52 2.7691126097709517
53 2.792601240721256
54 2.726170796524794
55 1.3702966494681095
56 -0.39123127735638086
57 -0.5534228821445811
58 -0.6043135529927738
59 -0.47760226917198195
60 0.7348067181898448
61 2.548563510030381
62 2.495145065654027
63 -0.5766795786290135
64 -0.7234073719799629
65 2.92018355521453
66 2.2902139062124345
67 2.5699333110259426
68 2.591146915343454
69 2.835986362649486
70 2.7983273734148657
71 2.8272699813529965
72 3.1230901269974005
73 2.781529924811041
74 2.718539744294125
75 2.685314227297141
76 2.7032601143543276
77 0.41538284534561476
78 -0.6190169686211437
79 -0.5259291051300852
80 1.460869847196892
81 0.7106715063532734
82 2.903879704404497
83 2.7814360437172376
84 2.9159726771082757
85 2.877005070499813
86 2.6924406375153875
87 2.86633800007307
88 3.1126631124326956
89 3.1425634240756786
90 3.286619585762752
91 2.8760497488169663
92 2.8542424608131576
93 2.8387516015916874
94 2.8812711603498538
95 2.843590435267377
