17 0
18 0.5241379310344828
19 0.4195804195804196
20 0.22826086956521738
21 0.44329896907216493
22 0.2159090909090909
23 0.4125874125874126
24 0.0
25 0.6483516483516484
26 0.06666666666666667
27 0.20212765957446807
28 0.654320987654321
29 0.6262626262626263
30 0.2540983606557377
31 0.056818181818181816
32 0.3670886075949367
33 0.22784810126582278
34 0.0
35 0.8571428571428571
36 0.5909090909090909
37 0.6460176991150443
38 0.0
39 0.0
40 0.24836601307189543
41 0.23170731707317074
42 0.5663716814159292
43 0.037383177570093455
44 0.12745098039215685
45 0.0
46 0.11864406779661017
47 0.041666666666666664
48 0.5454545454545454
49 0.2857142857142857
50 0.0
51 0.6517857142857143
52 0.04040404040404041
53 0.49514563106796117
54 0.0
55 0.0
56 0.007407407407407408
57 0.060240963855421686
58 0.27607361963190186
59 0.16374269005847952
60 0.11382113821138211
61 0.047619047619047616
62 0.031746031746031744
63 0.2827586206896552
64 0.20754716981132076
65 0.6119402985074627
66 0.04918032786885246
67 0.3696969696969697
68 0.541095890410959
69 0.14049586776859505
70 0.391304347826087
71 0.1791907514450867
72 0.39226519337016574
73 0.0
74 0.0
75 0.0
76 0.10476190476190476
77 0.63
78 0.7450980392156863
79 0.2903225806451613
80 0.08
81 0.07142857142857142
82 0.2976190476190476
83 0.8260869565217391
84 0.43333333333333335
85 0.25773195876288657
86 0.14942528735632185
87 0.7529411764705882
88 0.0
89 0.13414634146341464
90 0.4625
91 0.7215189873417721
92 0.5384615384615384
93 0.8297872340425532
94 0.8681318681318682
95 0.9493670886075949
