2 0
3 -0.5672490430404605
4 -0.5913264489353766
5 -0.596745527354009
6 -0.47079520186865864
7 -0.4352533186079448
8 0.5472782647184214
9 -0.5008907757210135
10 0.6638268112319595
11 -0.8633985906798713
12 2.437831766781491
13 -1.1063534167061229
14 -0.695846782976617
15 -0.8368573407631892
16 -0.5916173495704758
17 -0.8447426689880828
18 -0.942242084650206
19 0.030603035243146243
20 -0.5788765127589615
21 -0.8962039822462374
22 -0.869347025667446
23 -0.22756831060056248
24 -0.7196816186643298
25 -0.08147743617123657
26 -0.34833716813736515
27 2.465165999666136
28 2.609327575356982
29 1.1220075106185552
30 3.1792494256728077
31 1.2291688545165085
32 0.15602384919001477
33 0.5844665492866067
34 0.44516016174068584
35 0.03802424253077666
36 0.5031951824713617
37 1.4677957431448219
38 2.573483656024131
39 3.391793235932287
40 3.04342472997746
41 2.856019672705173
42 2.8200407171828066
43 2.562119719332988
44 0.4578527372205272
45 -0.2921743599513862
46 1.7307322749349052
47 1.8402371051466293
48 -0.3863801016726661
49 0.14600621739699832
50 0.21921034935525555
51 -0.43834722239068136
52 -0.744010631449759
53 -0.6062516120561992
54 -0.04715644685559985
55 0.5049803312597574
56 1.2510228725273114
57 1.3512379302537898
58 0.8432859793600437
59 1.4499452821199816
60 2.0649384170422986
61 2.13213680468565
62 2.7095103649709653
63 2.596794854092535
64 1.89473250574989
65 1.6619768683804057
66 -0.8086548281833855
67 -0.8352301087082507
68 -0.9515245802659017
69 -0.8802485175057575
70 -0.46987435457145693
71 1.1386427699619508
72 -0.4477560391243805
73 1.1795634739598975
74 -0.4861881837650969
75 -0.7495971177359767
76 0.6218775697908413
77 0.3847917798035423
78 1.7340386530555072
79 3.1770964228317267
80 3.38364416916756
81 2.908694616793406
82 1.507820182603452
83 0.03226942563567691
84 2.7982553528649543
85 1.7408673379826554
86 0.16409991502149407
87 2.717873097108971
88 3.2682924328524847
89 2.99165680207307
90 3.0532587823396296
91 2.808192287861494
92 3.1379966412189764
93 3.2286267969355436
94 -0.5720995684328165
95 -0.6190695528984282
