2 0
3 -0.5441222393117128
4 1.0655257083941538
5 1.9385356275969616
6 1.8434176658034167
7 2.528968226058762
8 -0.19106597867085323
9 1.3099689601105493
10 1.4874261116043468
11 0.26445398121233776
12 -0.2235197867349993
13 0.7942704552567768
14 -0.3439467073146766
15 -0.7825183981543042
16 -0.11309563678178472
17 2.2962991914063147
18 1.4369008629692395
19 -0.23795220958929414
20 0.2626025318190945
21 0.43645076070508565
22 0.25443435901474365
23 -0.8380958563623566
24 -0.6918723188015489
25 -0.7225125486965848
26 -0.31027059381306155
27 -0.471438889625767
28 -0.32704290216716464
29 0.8067916477177489
30 1.3527024683474216
31 -0.17837039645020358
32 -0.6555140255865374
33 -0.27575830083806613
34 1.2224983581792501
35 1.9660639120992842
36 1.6727994500344736
37 1.2694476168394508
38 0.30633151789597374
39 -0.48213853151992353
40 -0.46193631353235537
41 -0.06337951354233037
42 -0.23752451465841878
43 0.3730961331727436
44 -0.6599558158764479
45 -0.5618398769071316
46 -0.0468955404612815
47 1.052627835250178
48 0.8663214751909379
49 0.7782103340081933
50 0.7784254520854804
51 0.6592523189819963
52 1.8095653922296793
53 0.6596328825198082
54 1.8073550075007268
55 2.5296545821956036
56 2.3264764889671508
57 2.7911976421094318
58 2.7703174595489704
59 2.3222667161736705
60 1.6629983029824047
61 0.8186491811884625
62 0.2666097774595883
63 -0.4660500283309641
64 -0.5522502895905597
65 -0.7778543683455499
66 -0.45414426217932075
67 -0.4248170456533254
68 -0.7623882690208121
69 -0.8536050172236779
70 -0.7907151012013065
71 0.7524234061993414
72 1.2830876997470562
73 2.524908461308709
74 1.7847008410862006
75 -0.1172749037413883
76 -0.460419640055979
77 -0.5736958183461134
78 0.26914609984823407
79 2.0712842606627433
80 2.851238163749378
81 2.87472621092769
82 2.9151732296811277
83 3.2314760044145303
84 3.0051297492589675
85 3.129360739068368
86 3.365154636889678
87 3.372308809034196
88 3.326902387676409
89 3.231073918232411
90 3.2782976133318376
91 3.2433014212646314
92 3.1907230209254265
93 3.3602670237482797
94 2.7965556176588064
95 2.8567781910851453
