12 0
13 0.6373626373626373
14 0.49019607843137253
15 0.39325842696629215
16 0.13636363636363635
17 0.4090909090909091
18 0.6027397260273972
19 0.15384615384615385
20 0.1827956989247312
21 0.40384615384615385
22 0.2222222222222222
23 0.40594059405940597
24 0.37254901960784315
25 0.29523809523809524
26 0.6106194690265486
27 0.7280701754385965
28 0.6086956521739131
29 0.32558139534883723
30 0.8455284552845529
31 0.1559633027522936
32 0.5694444444444444
33 0.0
34 0.31521739130434784
35 0.0
36 0.03614457831325301
37 0.23255813953488372
38 0.23255813953488372
39 0.5977011494252874
40 0.9213483146067416
41 0.9204545454545454
42 0.6547619047619048
43 0.7640449438202247
44 0.8387096774193549
45 0.9325842696629213
46 0.8901098901098901
47 0.7450980392156863
48 0.5
49 0.3163265306122449
50 0.011494252873563218
51 0.20689655172413793
52 0.011904761904761904
53 0.2909090909090909
54 0.7209302325581395
55 0.7195121951219512
56 0.73
57 0.51
58 0.35294117647058826
59 0.45977011494252873
60 0.5
61 0.33663366336633666
62 0.21782178217821782
63 0.4
64 0.7378640776699029
65 0.6666666666666666
66 0.7669902912621359
67 0.7142857142857143
68 0.6504065040650406
69 0.7610619469026548
70 0.6944444444444444
71 0.6826923076923077
72 0.6153846153846154
73 0.5178571428571429
74 0.6915887850467289
75 0.640625
76 0.41605839416058393
77 0.03125
78 0.05357142857142857
79 0.36036036036036034
80 0.0
81 0.0
82 0.030612244897959183
83 0.3877551020408163
84 0.32989690721649484
85 0.8775510204081632
86 0.8181818181818182
87 0.76
88 0.6216216216216216
89 0.76
90 0.6746031746031746
91 0.4326923076923077
92 0.0
93 0.2
94 0.0
95 0.0
