13 0.38922295737966217 0 1
14 0.3823486826568175 1 1
15 0.34362310162408444 2 1
16 0.3225624061686262 2 1
17 0.3223996924366671 2 2
18 0.2363262145780344 2 2
19 0.4635225527697682 2 2
20 0.5178690269566286 2 2
21 0.5664520689320157 2 2
22 0.6606331067866714 2 2
23 0.5186477090947388 2 2
24 0.4668903676986521 2 2
25 0.5062287585873486 2 2
26 0.5436807481034598 2 2
27 0.611840910553911 2 2
28 0.68325465765043 2 2
29 0.6854244055509368 2 2
30 0.49217420538501405 2 2
31 0.3591986231080794 2 2
32 0.22620224981414558 2 2
33 0.2318093562677107 2 2
34 0.3742775493155354 2 2
35 0.47158117676602196 2 2
36 0.4248224602757936 2 2
37 0.4319610530779745 2 2
38 0.4511424674833529 2 2
39 0.43939958415367203 2 2
40 0.4552364652491666 2 2
41 0.42563000190878447 2 2
42 0.27819879986691304 2 2
43 0.5237997571365479 2 2
44 0.5094926472780659 2 2
45 0.5763354060475138 2 2
46 0.7370600276656368 2 2
47 0.6690819480233848 2 2
48 0.6213075492694924 2 2
49 0.6979740451268369 2 2
50 0.5786863690091454 2 2
51 0.16459421418574124 2 2
52 0.1894968885634318 2 2
53 0.3696696125431937 2 2
54 0.4975447653063045 2 2
55 0.6122269600576861 2 2
56 0.5326535339913675 2 2
57 0.5534038443937629 2 2
58 0.37268940867846473 2 2
59 0.3774348406661372 2 2
60 0.5468412285404435 2 2
61 0.6138448895963075 2 2
62 0.6698878883684817 2 2
63 0.48737965356445007 2 2
64 0.4648287417846319 1 1
65 0.5105208645269316 1 1
66 0.2572723061368921 1 1
67 0.4625618290277082 1 1
68 0.4695049410257963 1 1
69 0.16991324620639545 1 1
70 0.18426811396029355 1 1
71 0.1621959711607016 2 2
72 0.37273309856651854 2 2
73 0.33059075721626724 2 2
74 0.3900364906869784 2 2
75 0.22496024117370955 2 2
76 0.5246280089999532 2 2
77 0.46968779238658864 2 2
78 0.44289483909255944 2 2
79 0.5207446135860415 2 2
80 0.5518917492137421 2 2
81 0.6431719009897753 2 2
82 0.7147594552956316 2 2
83 0.5760778638050064 2 2
84 0.5354650848075095 2 2
85 0.5245949564642812 2 2
86 0.5955986874709943 2 2
87 0.6710066845228773 2 2
88 0.6718966940783263 2 2
89 0.46920144164262195 2 1
90 0.5712018013543335 2 1
91 0.5465138543431108 2 2
92 0.5435561429168452 2 2
93 0.5291084455181024 2 2
94 0.5109464200795629 2 1
95 0.4504780174571812 2 1
