18 0.27542522566839006 0 1
19 0.22584620703568054 1 1
20 0.24532436188574122 1 1
21 0.298883884144989 1 1
22 0.3000851443098082 1 1
23 0.3074760451176152 1 1
24 0.3172441843265984 1 1
25 0.32019557393533543 1 1
26 0.3223568409285859 1 1
27 0.3307210215788738 1 1
28 0.3364025214275437 1 1
29 0.34696653619857926 1 1
30 0.35355745445200043 1 1
31 0.5273631547548896 1 1
32 0.4591971642718792 1 1
33 0.5684268118582082 1 1
34 0.2966775816318194 1 1
35 0.11860567308678911 1 1
36 0.20455296355296534 1 1
37 0.5231961972406686 1 1
38 0.46001828064117534 1 1
39 0.4060380062135793 1 1
40 0.44174407268701626 1 1
41 0.4997838143691427 1 1
42 0.4967323382962782 1 1
43 0.5133212783701575 1 1
44 0.5087161674648004 1 1
45 0.5005373072549771 1 1
46 0.4715418344241199 1 1
47 0.47990252454124904 1 1
48 0.6302584546499183 1 1
49 0.43289576298843446 1 1
50 0.5063378704986079 1 1
51 0.6049158631876475 1 1
52 0.5468509222171639 1 1
53 0.5076035836388045 1 1
54 0.2814773325588305 1 1
55 0.26345267902884556 1 1
56 0.3672883566398469 1 1
57 0.48463072789093314 1 1
58 0.42449882674266004 1 1
59 0.4336610302305553 1 1
60 0.4785210609245581 1 1
61 0.49219696348186426 1 1
62 0.5155174030850707 1 1
63 0.5261948518816016 1 1
64 0.5169149008427558 1 1
65 0.5054838692442544 1 1
66 0.4828929638683 1 1
67 0.48724738109205257 1 1
68 0.3470550439799473 0 1
69 0.5924414372073028 1 1
70 0.4704819940514127 0 1
71 0.20014547560966586 0 1
72 0.28059788119603674 0 1
73 0.26714506813939026 0 1
74 0.2883963272063056 0 1
75 0.3170656136036724 1 1
76 0.41643068368077657 1 1
77 0.17754724154810939 1 1
78 0.21174310668318627 1 1
79 0.3289853295636311 1 1
80 0.33051506406227416 1 1
81 0.38473401071151725 1 1
82 0.3489202501086608 1 1
83 0.2721677413710831 1 1
84 0.2857590858732218 1 1
85 0.2947157103844703 1 1
86 0.29706705578133374 1 1
87 0.26601024101455173 1 1
88 0.2879077808562867 1 1
89 0.2815543215394547 1 1
90 0.41717028169064074 1 1
91 0.4637628849337671 1 1
92 0.48720178615286247 1 1
93 0.5033353653458312 1 1
94 0.7238227560736221 1 1
95 0.3319422008552532 1 1
