13 0.11091545287457083 0 1
14 0.18444332930820737 1 1
15 0.24682251007195427 2 1
16 0.2712514221483692 2 1
17 0.27707844732673337 2 2
18 0.1777778760731002 2 2
19 0.40238076932905065 2 2
20 0.2887527749279824 2 2
21 0.2363074944391161 2 2
22 0.24550938376692785 2 2
23 0.38696485881517995 2 2
24 0.45412677602374607 2 2
25 0.36443948974362117 2 2
26 0.35106593709562695 2 2
27 0.46637391471925316 2 2
28 0.5787376288124282 2 2
29 0.3567869490844999 2 2
30 0.5162653844108386 2 2
31 0.3593197628105171 2 2
32 0.2813649045208319 2 2
33 0.3197182085404453 2 2
34 0.5375430410321699 2 2
35 0.3669441442577457 2 2
36 0.2597701584422215 2 2
37 0.15608571849839503 2 2
38 0.3186234439492021 2 2
39 0.4100589583674854 2 2
40 0.3907173318391539 2 2
41 0.2986098140292256 2 2
42 0.2569629179932661 2 2
43 0.5220044373853227 2 2
44 0.45279182335142437 2 2
45 0.14669319104882375 2 2
46 0.12379739957386576 2 2
47 0.16841106959031127 2 2
48 0.4717919628363515 2 2
49 0.4853149845458983 2 2
50 0.5136249615890406 2 2
51 0.2335136386543023 2 2
52 0.23153350694642866 2 2
53 0.2740260708010771 2 2
54 0.1975888493858729 2 2
55 0.22937641488713195 2 2
56 0.23666694981980727 2 2
57 0.2282626934691111 2 2
58 0.2956805280534555 2 2
59 0.2607745302668063 2 2
60 0.34226615517314385 2 2
61 0.36809891303053555 2 2
62 0.1379230379541339 2 2
63 0.10759412819517475 2 2
64 0.21720627605087134 2 2
65 0.6339450520855997 2 2
66 0.3612887443844455 2 2
67 0.20782373400235996 2 2
68 0.14086223183103289 2 2
69 0.25624395897117935 2 2
70 0.34275119807475446 2 2
71 0.2767500457102081 2 2
72 0.3348071074678806 1 1
73 0.29070111927763304 1 1
74 0.4776321610819034 1 1
75 0.20319432595749085 2 2
76 0.3161507934157057 2 2
77 0.27284713122877774 2 2
78 0.5306075998257468 2 2
79 0.5357129677304384 2 2
80 0.6089490555675443 2 2
81 0.5093401609758248 2 2
82 0.4839537855353281 2 2
83 0.7071486034062929 2 2
84 0.6371602083784498 2 2
85 0.48998521147426416 2 2
86 0.5890585996843088 2 2
87 0.4628117586852232 2 2
88 0.6660821892959589 2 2
89 0.43130586024926637 2 1
90 0.5252150613242196 2 1
91 0.4769842091462484 2 2
92 0.7557620771418807 2 2
93 0.7853299302415199 2 2
94 0.45704189814624935 2 1
95 0.45956297905834315 2 1
