13 0.12188427037279312 0 1
14 0.11746192332192508 1 1
15 0.10413424579696426 2 1
16 0.35078197914908066 2 2
17 0.3249297707712239 2 2
18 0.36911655450327646 2 2
19 0.47694110968875464 2 2
20 0.41908096229649594 2 2
21 0.34097704271013146 2 2
22 0.4072958317915989 1 1
23 0.26520145191368966 1 1
24 0.24366513736265674 1 1
25 0.30799506828577805 2 2
26 0.45608131537575963 2 2
27 0.5235791683712843 2 2
28 0.4901325957497549 2 2
29 0.5641743394625783 2 2
30 0.5602916669692807 2 2
31 0.6219794298027058 2 2
32 0.5999254230416389 2 2
33 0.5843629052144504 2 2
34 0.5775074643409517 2 2
35 0.5790410075039362 2 2
36 0.5851673299716063 2 2
37 0.5520376297245244 2 2
38 0.5996832428338142 2 2
39 0.5899597696340876 2 2
40 0.4877398189542427 2 2
41 0.49671660434322007 2 2
42 0.450006174911405 2 2
43 0.28481219114622935 2 2
44 0.451310763631194 2 2
45 0.421145830788425 2 2
46 0.4750011877011738 2 2
47 0.48918312439532013 2 2
48 0.5586480722490231 2 2
49 0.5713320683641662 2 2
50 0.5003339542116576 2 2
51 0.5049359187594258 2 2
52 0.6112112472868046 2 2
53 0.6873218313751083 2 2
54 0.4715207792308354 2 2
55 0.35452095713892884 2 2
56 0.3273296872062138 2 2
57 0.36624129471570976 2 2
58 0.48387649826946744 2 2
59 0.5303520066616028 2 2
60 0.5237169663127769 2 2
61 0.5260279503418093 2 2
62 0.6138193427741783 2 2
63 0.6568677379650969 2 2
64 0.4801462737622327 1 1
65 0.5098506670960041 0 1
66 0.49630028065634074 1 1
67 0.6297726878519074 2 2
68 0.6431869356180978 2 2
69 0.6144598623330397 2 2
70 0.6125913234862016 2 2
71 0.5938577738295006 2 2
72 0.5871523274678904 2 2
73 0.5676884723378949 2 2
74 0.48927568505754804 2 2
75 0.389187860517994 1 1
76 0.3339078045227819 1 1
77 0.32177623421377544 1 1
78 0.33933627987662635 1 1
79 0.3738810452428692 1 1
80 0.3984995802799591 1 1
81 0.40051494660333326 1 1
82 0.4430524919809242 1 1
83 0.473724972256874 0 1
84 0.44363418851601105 1 1
85 0.4537477432791496 1 1
86 0.6656213074730852 2 2
87 0.671554022526048 2 2
88 0.6647108476674115 2 2
89 0.7066849490537516 2 2
90 0.7355143809358924 2 2
91 0.7574741345103692 2 2
92 0.7547964457864422 2 2
93 0.769284149558271 2 2
94 0.5454729602683362 2 1
95 0.5359551401926954 2 1
