2 0.35371093401647014 0 1
3 0.32214018960922153 1 1
4 0.33855249891474176 2 1
5 0.35229584200503 2 1
6 0.5185197694747435 3 2
7 0.42162018882553937 3 2
8 0.4578298824787664 3 2
9 0.4873040401960537 3 2
10 0.41123639254857774 4 2
11 0.3867334541809966 4 2
12 0.2733679282929641 4 2
13 0.22193958537627229 4 2
14 0.25124807873158844 4 2
15 0.16667289213265044 4 2
16 0.1817844339121022 4 2
17 0.1622740443155121 4 2
18 0.18588638934627538 4 2
19 0.15168524272133713 4 2
20 0.22298523057745503 4 2
21 0.21627059761376322 4 2
22 0.2527923103715415 4 2
23 0.25654990532457556 4 2
24 0.3749686228103143 4 2
25 0.4689388535892747 4 2
26 0.26570635587620356 4 2
27 0.2218323943800485 4 2
28 0.23474273730251202 4 2
29 0.23424607350402293 4 2
30 0.20305342398424103 4 2
31 0.17910425082182738 4 2
32 0.24423347741813692 4 2
33 0.2998238047951118 4 2
34 0.34569418338491836 4 2
35 0.2941284365788836 4 2
36 0.33930098587502666 4 2
37 0.25876419725682276 4 2
38 0.361805701718782 4 2
39 0.43442581347755654 4 2
40 0.37511925661291773 4 2
41 0.35558050742626407 4 2
42 0.35421407800908383 4 2
43 0.3351486476709631 4 2
44 0.34057555901432646 4 2
45 0.3625372272383956 4 2
46 0.3212477970584651 4 2
47 0.38789260856022745 4 2
48 0.43109635336013263 4 2
49 0.3922351514423502 4 2
50 0.43461884766574277 4 2
51 0.4691433661822726 4 2
52 0.49285288546705724 4 2
53 0.4464156669803769 4 2
54 0.4039024983472511 4 2
55 0.366455007728633 4 2
56 0.297664102789222 4 2
57 0.27911168871444475 4 2
58 0.25906830513704 4 2
59 0.15864594576139437 4 2
60 0.1385279539758189 4 2
61 0.14029229436951604 4 2
62 0.15588297756398425 4 2
63 0.3971474576351209 3 2
64 0.4973209323114244 3 2
65 0.449420216312552 3 2
66 0.30210386325136807 4 2
67 0.4267569261502509 4 2
68 0.46500614100330595 4 2
69 0.420034916173587 4 2
70 0.3534633761958923 4 2
71 0.14782581561148142 4 2
72 0.2130118034858943 4 2
73 0.13355714166870333 4 2
74 0.10058261879470086 4 2
75 0.14056371377493207 4 2
76 0.24187417175182066 4 2
77 0.41300491108219217 4 2
78 0.35641631242960164 4 2
79 0.369117428084206 4 2
80 0.4048243105124098 4 2
81 0.3824641413115227 4 2
82 0.41486440688748144 4 2
83 0.4841699742534912 4 2
84 0.535649718991945 4 2
85 0.5494133288891547 4 2
86 0.5649792588823852 4 2
87 0.5950867374503868 4 2
88 0.6400939434120959 4 2
89 0.6955640740551704 4 2
90 0.6992191447744484 4 2
91 0.7006718698957088 4 2
92 0.7300545137385458 4 2
93 0.7398258181524396 4 2
94 0.5405485796514049 4 1
95 0.5134849925391858 4 1
