8 0.12958016432205735 0 1
9 0.18131318244496591 1 1
10 0.6127225390953386 2 1
11 0.4762328586820465 2 1
12 0.15534042716601457 2 2
13 0.26884000140566544 3 2
14 0.30354946224415225 3 2
15 0.236792153355674 3 2
16 0.27089276643584775 3 2
17 0.3792363981590407 3 2
18 0.2308452890207521 2 2
19 0.23675557597223626 2 2
20 0.10308860914663008 2 2
21 0.12846367057245392 3 2
22 0.34646867865351166 3 2
23 0.492633499332783 3 2
24 0.28732751405491297 3 2
25 0.2095699506927901 3 2
26 0.21025706884273326 3 2
27 0.5375534455512806 3 2
28 0.42376503973738616 3 2
29 0.5070178036451601 3 2
30 0.7128755981570298 3 2
31 0.546508843290632 3 2
32 0.46269269478225133 3 2
33 0.4177297076740338 3 2
34 0.3730520974163145 3 2
35 0.3832033882914483 3 2
36 0.48770061332802406 3 2
37 0.6647698048058183 3 2
38 0.435365660972804 3 2
39 0.22958592612585163 3 2
40 0.5326585379083273 3 2
41 0.46490333396142197 3 2
42 0.10045867479540238 3 2
43 0.08760251303134943 3 2
44 0.0934847465474085 3 2
45 0.12329582860266 3 2
46 0.3250057351554256 3 2
47 0.2367198042713524 3 2
48 0.44078279046947244 3 2
49 0.30163776849806545 3 2
50 0.45052303898659857 3 2
51 0.3316098925236916 3 2
52 0.2854129056201555 3 2
53 0.45931870898015714 3 2
54 0.24609009637295923 3 2
55 0.5395225182514718 3 2
56 0.556052661978367 3 2
57 0.38938665501131065 3 2
58 0.2366624311208374 3 2
59 0.2859750790962336 3 2
60 0.44870232974826485 3 2
61 0.31188772527286435 3 2
62 0.2479213303042797 3 2
63 0.31378671738131425 3 2
64 0.45185072405121207 3 2
65 0.5611834014055636 3 2
66 0.3797166870454687 3 2
67 0.24504226661658132 3 2
68 0.21072161852117577 3 2
69 0.2351610533213777 3 2
70 0.6212412346505175 3 2
71 0.22382336034526293 3 2
72 0.2519164084774122 3 2
73 0.1680239634392829 3 2
74 0.1974505196468457 3 2
75 0.13508852001240873 3 2
76 0.2955531851203281 3 2
77 0.3564893676349893 3 2
78 0.21728340259073345 3 2
79 0.24045483120783775 3 2
80 0.24426539334494915 3 2
81 0.25259700360059895 3 2
82 0.29820441952443 3 2
83 0.27406945006657324 3 2
84 0.3279147726773781 3 2
85 0.24755646283678384 3 2
86 0.24516732942004607 3 2
87 0.2986043607550575 3 2
88 0.3216070670307268 3 2
89 0.3797049225723127 3 2
90 0.2825717308954472 3 2
91 0.30040857629061896 3 2
92 0.3522795057020028 3 2
93 0.34238042125421364 3 2
94 0.4461045437739169 3 1
95 0.4401842442774599 3 1
