13 0.29003034725769855 0 1
14 0.21085303195652186 1 1
15 0.2524592136867467 2 1
16 0.34430630918671457 2 1
17 0.5151856944697866 2 2
18 0.5676103951768764 2 2
19 0.5521065930656557 2 2
20 0.7095713492627639 2 2
21 0.15093132984742016 2 2
22 0.1367477663674328 2 2
23 0.10260905384195321 2 2
24 0.1820137035848382 2 2
25 0.4937619180924902 2 2
26 0.4774115580106676 2 2
27 0.19140405482034528 1 1
28 0.20416683618704443 1 1
29 0.4296672688129116 2 2
30 0.4112958095938057 2 2
31 0.40375901953287435 2 2
32 0.43836556888257994 2 2
33 0.3346337090675475 2 2
34 0.28595269898178677 2 2
35 0.17691045730758978 2 2
36 0.14072141495431084 2 2
37 0.12731859753444835 2 2
38 0.11695758286387281 2 2
39 0.2445682117497364 2 2
40 0.32559393572829004 2 2
41 0.2073068596916102 2 2
42 0.1896433021438091 2 2
43 0.22262319035959066 2 2
44 0.26587839519393325 2 2
45 0.42559392098552135 2 2
46 0.3883135084820979 2 2
47 0.42577364893517267 2 2
48 0.47914234619205265 2 2
49 0.5611438904331321 2 2
50 0.5632677017409569 2 2
51 0.566462400216232 2 2
52 0.5756715267642746 2 2
53 0.5377550311145282 2 2
54 0.22028571803068542 2 2
55 0.066926675888938 2 2
56 0.06804713568931427 2 2
57 0.10659880023692979 2 2
58 0.18209230809060778 2 2
59 0.253391625710337 2 2
60 0.31976684790825316 2 2
61 0.23718999653476025 2 2
62 0.12124228172849376 2 2
63 0.16896695284947413 2 2
64 0.3286291562442083 2 2
65 0.16507119020745645 2 2
66 0.13322858227422776 2 2
67 0.3974241141143139 2 2
68 0.24507198010975736 2 2
69 0.24320897586762738 2 2
70 0.25047502893291124 2 2
71 0.497445897468465 2 2
72 0.15971163517129375 2 2
73 0.11891418549425836 2 2
74 0.07071553616089715 2 2
75 0.12638435451576419 2 2
76 0.2969062331286902 2 2
77 0.3827488683712779 2 2
78 0.4694006920011736 2 2
79 0.43223861273141184 2 2
80 0.5063236063299542 2 2
81 0.5038548758679273 2 2
82 0.3990981397081362 2 2
83 0.3696570615204102 2 2
84 0.3282336018937595 1 1
85 0.5060620955708345 2 2
86 0.5438502655178129 2 2
87 0.5740752355496389 2 2
88 0.6233323497034056 2 2
89 0.7547144173405462 2 2
90 0.5754264504230617 2 2
91 0.5429135529129245 2 2
92 0.6303412380941888 2 2
93 0.5851470468423623 2 2
94 0.3594692287168918 2 1
95 0.16139559665658612 2 1
