18 0.26902164890128516 0 1
19 0.2819112116905075 1 1
20 0.30905957799979866 1 1
21 0.3313911091031923 1 1
22 0.3189526056907332 1 1
23 0.28430745917810163 1 1
24 0.3024047004591479 1 1
25 0.36623186888471054 1 1
26 0.33797819260864703 1 1
27 0.3027905956906083 1 1
28 0.38797167351682427 1 1
29 0.47182022979913707 1 1
30 0.5277438011544036 1 1
31 0.5032973085201267 1 1
32 0.2928172756134096 1 1
33 0.19740493780511653 1 1
34 0.21212253943935697 1 1
35 0.2103047111095204 1 1
36 0.2258507804242876 1 1
37 0.2203898185998462 1 1
38 0.41708209207495683 1 1
39 0.44184372183557363 1 1
40 0.38453396310922455 1 1
41 0.2702319287620507 1 1
42 0.14684911711284804 1 1
43 0.24142207306233518 1 1
44 0.5623897435935189 1 1
45 0.2864010463986678 1 1
46 0.374458092117791 1 1
47 0.294058575534199 1 1
48 0.2065734869245444 1 1
49 0.37450488753139044 1 1
50 0.40426906799731915 1 1
51 0.43595911452722 1 1
52 0.39850196708763314 1 1
53 0.35435697069466376 1 1
54 0.2660138246468314 1 1
55 0.1510257078143885 1 1
56 0.15715762356102658 1 1
57 0.24400963527975547 1 1
58 0.21877860142472538 1 1
59 0.3603739165203391 1 1
60 0.2506702572114792 1 1
61 0.17719539489688355 1 1
62 0.2933809770596307 1 1
63 0.37339961522842824 1 1
64 0.3489420307275425 1 1
65 0.35529772595917186 1 1
66 0.4071451794193779 1 1
67 0.324162082852169 1 1
68 0.17599307182913987 1 1
69 0.21576675643010226 1 1
70 0.30096607464100855 1 1
71 0.2436093812617011 1 1
72 0.18242810660814848 1 1
73 0.43805301822829545 1 1
74 0.28406259107166687 1 1
75 0.48895541865036796 1 1
76 0.2034901209083139 0 1
77 0.2417181208183844 0 1
78 0.26145603729151906 1 1
79 0.248557541454565 1 1
80 0.2881191028137777 1 1
81 0.3334994138328307 1 1
82 0.37053777898109647 1 1
83 0.413812955847167 1 1
84 0.4551714602758281 1 1
85 0.44089785588646313 1 1
86 0.3366086627751481 1 1
87 0.45420112247546457 1 1
88 0.5054126959005063 1 1
89 0.4443274179981852 1 1
90 0.5100023447644548 1 1
91 0.514348353644897 1 1
92 0.5066647303610505 1 1
93 0.5051675759228893 1 1
94 0.49615736932900645 1 1
95 0.4843437435423979 1 1
