2 0.33466417461511144 0 1
3 0.3597140788425502 1 1
4 0.4015057470862528 2 1
5 0.3368484024646382 2 2
6 0.19842607140789162 2 2
7 0.16142306700997996 3 2
8 0.4914308337871807 3 2
9 0.4942636134060937 3 2
10 0.33845930856667644 3 2
11 0.38221026549755943 4 2
12 0.3503754800791359 2 2
13 0.44070493897264745 2 2
14 0.40428228669710864 2 2
15 0.3466355364893875 3 2
16 0.5034326929633919 3 2
17 0.48449534142134854 4 2
18 0.33322061747282883 4 2
19 0.42321492730242155 4 2
20 0.32266626789866587 4 2
21 0.34862866683512156 4 2
22 0.4485576193716505 4 2
23 0.5576791144374885 4 2
24 0.5381691608947694 4 2
25 0.6586224727031654 4 2
26 0.4573928306958539 4 2
27 0.6520474227861729 4 2
28 0.5934771040559772 4 2
29 0.599622041586015 4 2
30 0.5980047949195516 4 2
31 0.6427308864942295 4 2
32 0.5230695062145018 4 2
33 0.5913858235240708 4 2
34 0.611887122912601 4 2
35 0.6007021314414889 4 2
36 0.44000279499392647 4 2
37 0.36429813425053525 4 2
38 0.2073176714809975 4 2
39 0.5061257641703348 4 2
40 0.42206544384214834 4 2
41 0.3945490484158814 4 2
42 0.4389825891917752 4 2
43 0.4434944885150736 4 2
44 0.3847815206524122 4 2
45 0.49044757917280907 4 2
46 0.45511966369608126 4 2
47 0.46134453634793154 4 2
48 0.47066743449749265 4 2
49 0.5112559427771108 4 2
50 0.4798891558633186 4 2
51 0.5156248559860807 4 2
52 0.4084838427398036 4 2
53 0.21271643947041755 4 2
54 0.2739820267488248 4 2
55 0.3296802484571219 4 2
56 0.33182059952668796 3 2
57 0.3607799820091816 4 2
58 0.4622880500126194 4 2
59 0.48928252330306604 4 2
60 0.5249794545749363 4 2
61 0.468166307736819 4 2
62 0.5429266804482726 4 2
63 0.6159623744447099 4 2
64 0.46072185910946534 4 2
65 0.4340714854162002 4 2
66 0.365904960203111 4 2
67 0.2542724518709082 4 2
68 0.17649664256267933 3 2
69 0.19545950462734396 3 2
70 0.2043181757534418 4 2
71 0.23559174291055932 4 2
72 0.3143225688850618 4 2
73 0.3928572914820339 4 2
74 0.2636689920084744 4 2
75 0.2517392844543639 4 2
76 0.2222504876730718 4 2
77 0.28276358997933465 4 2
78 0.3536910872460926 4 2
79 0.5566165336524591 4 2
80 0.5488276088192143 4 2
81 0.5041167425211307 4 2
82 0.49524099174138353 4 2
83 0.5201558942179048 4 2
84 0.4441056200451101 4 2
85 0.564546688595664 4 2
86 0.6470738466282503 4 2
87 0.6330592932262598 4 2
88 0.6627467008414246 4 2
89 0.6850175015491529 4 2
90 0.6988902178773759 4 2
91 0.7209554586849902 4 2
92 0.7129102171705544 4 2
93 0.7334238920359245 4 2
94 0.5803010485754143 4 1
95 0.23283644828701158 4 1
