8 0.23300854459604162 0 1
9 0.1932722331511554 1 1
10 0.18852845319629535 2 1
11 0.400319730325864 2 2
12 0.4053697514563687 2 2
13 0.3715298349756523 3 2
14 0.2948850891782751 3 2
15 0.3535486208680033 3 2
16 0.23608692115188476 3 2
17 0.27727240694770056 3 2
18 0.273633498155557 3 2
19 0.30889327136142297 3 2
20 0.4978443266844494 3 2
21 0.5145351693405226 3 2
22 0.46130954626079695 3 2
23 0.49629450605268166 3 2
24 0.5157421301784338 3 2
25 0.27028894554185445 3 2
26 0.37001532181786884 3 2
27 0.6631938457085064 3 2
28 0.5145868476893992 3 2
29 0.5646025626016974 3 2
30 0.3681501966811297 3 2
31 0.2862017423975454 3 2
32 0.3321689036330946 3 2
33 0.4782864476922971 3 2
34 0.4657684750761205 3 2
35 0.1530152918132721 2 2
36 0.23675233975931295 2 2
37 0.4199337366369898 3 2
38 0.5671897260897918 3 2
39 0.25909081329603184 3 2
40 0.4965704695278006 3 2
41 0.3311362690583782 3 2
42 0.13335038315842626 3 2
43 0.19096207607464308 3 2
44 0.10616290312110753 3 2
45 0.1705272367984659 3 2
46 0.2797801739614661 3 2
47 0.23087255766503734 3 2
48 0.4596663395961818 3 2
49 0.5557024220267613 3 2
50 0.32268331664148076 3 2
51 0.3698750365701447 3 2
52 0.37736999636212465 3 2
53 0.2630599185998871 3 2
54 0.1621977009523437 3 2
55 0.30025060172231294 3 2
56 0.3358145480911315 3 2
57 0.3698294613529741 3 2
58 0.33887411201607254 3 2
59 0.10216987462056687 3 2
60 0.09385679347491754 3 2
61 0.19837726354194385 3 2
62 0.32854407751298753 3 2
63 0.4210411076010953 3 2
64 0.34627339799791124 3 2
65 0.38121612102987834 3 2
66 0.2824683540459556 3 2
67 0.1261079015075948 3 2
68 0.08474077093598001 3 2
69 0.11494187138278536 3 2
70 0.1588152276583698 3 2
71 0.20173712856377068 3 2
72 0.28011742969386627 3 2
73 0.2947843110283255 3 2
74 0.338192854820014 3 2
75 0.3194816981673603 3 2
76 0.26697275683089866 3 2
77 0.1881836140138791 3 2
78 0.3563632634820096 3 2
79 0.536449519970642 3 2
80 0.4149196031604119 3 2
81 0.5012209468445741 3 2
82 0.548383141603359 3 2
83 0.5378019106537089 3 2
84 0.6417847518895943 3 2
85 0.6745023946640939 3 2
86 0.7050031975660905 3 2
87 0.7083220161209611 2 2
88 0.7615013792911621 2 2
89 0.7266438922838829 2 2
90 0.6315519015135252 2 2
91 0.49367727578584053 2 2
92 0.5300027113852616 2 2
93 0.6452498256383477 3 2
94 0.3229964562084721 3 1
95 0.17545396784389036 3 1
