2 0.47088880395462157 0 1
3 0.32405669257483377 1 1
4 0.5329026298573435 1 1
5 0.22565471456527808 2 2
6 0.20907854024469963 2 2
7 0.1616172523318539 3 2
8 0.31273014165306384 3 2
9 0.46704714721731283 4 2
10 0.24144053739274787 4 2
11 0.3976935160946853 4 2
12 0.275530034574506 4 2
13 0.19287149957808455 4 2
14 0.22779155286595873 4 2
15 0.33258935256729094 4 2
16 0.4412417640405367 4 2
17 0.3881342399051923 4 2
18 0.35997784663237375 4 2
19 0.38604427508357375 4 2
20 0.3049420295163459 4 2
21 0.2776507490006246 4 2
22 0.355251240723556 4 2
23 0.41534238746346885 4 2
24 0.525853569625892 4 2
25 0.46922059916782816 4 2
26 0.4264929053917475 4 2
27 0.4459411821397788 4 2
28 0.3046843553129779 4 2
29 0.18345327128593927 4 2
30 0.3076895516793079 3 2
31 0.3124219333011744 3 2
32 0.3256021162065503 4 2
33 0.2604338481490207 4 2
34 0.26469530861324225 4 2
35 0.20770965460145707 4 2
36 0.22242761090570734 4 2
37 0.3486970473872393 4 2
38 0.44403582841650197 4 2
39 0.4461348467318555 4 2
40 0.3937267895463865 4 2
41 0.40341842792199556 4 2
42 0.38838575573886625 4 2
43 0.39236916291026724 4 2
44 0.5274529670605421 4 2
45 0.5436946954244981 4 2
46 0.4495940029783804 4 2
47 0.268894578140596 4 2
48 0.33838349709443105 4 2
49 0.45944411176722777 4 2
50 0.15524515959353252 4 2
51 0.1763166459608308 4 2
52 0.19869978769443847 4 2
53 0.1673944825614989 4 2
54 0.25451519926733573 4 2
55 0.3222236330828207 4 2
56 0.41118239831764797 3 2
57 0.5423303909962099 2 2
58 0.4242932491148403 1 1
59 0.4308359506371619 1 1
60 0.44954054285442935 1 1
61 0.4593008154309431 0 1
62 0.44277137773957415 1 1
63 0.40149286005007706 1 1
64 0.39440278808926854 1 1
65 0.31081954856133637 1 1
66 0.3722895174713624 1 1
67 0.6484032474936783 2 2
68 0.219178204589182 2 2
69 0.16619663939419088 2 2
70 0.1402139617947948 3 2
71 0.14052730273825956 3 2
72 0.34835479502298383 3 2
73 0.29851145242164334 3 2
74 0.26847489348412823 3 2
75 0.236128220782129 3 2
76 0.24180541801012245 4 2
77 0.3515368319148469 4 2
78 0.3473676727075395 4 2
79 0.4371730248335857 4 2
80 0.33407308062937996 4 2
81 0.3677736255444244 4 2
82 0.3193918462392221 4 2
83 0.3306099583841657 4 2
84 0.3396245201326507 4 2
85 0.42022490614777713 4 2
86 0.42738604612313075 4 2
87 0.4582805339736206 4 2
88 0.49898867064657904 4 2
89 0.5331908483180713 4 2
90 0.639451769308285 4 2
91 0.7102224426897636 4 2
92 0.6126114376122632 4 2
93 0.6258790321909845 4 2
94 0.41018977439789134 4 1
95 0.45683009652042755 4 1
