8 0.37247594785323546 0 1
9 0.4014552072610816 1 1
10 0.5389996127416057 2 1
11 0.5521033369434322 2 1
12 0.45261238402252835 2 2
13 0.3710232470878956 3 2
14 0.3612746851403873 3 2
15 0.300805270756415 3 2
16 0.2652352452882863 3 2
17 0.3786588556647956 3 2
18 0.4902821842219713 3 2
19 0.2309667500456866 3 2
20 0.2897745392871912 3 2
21 0.29315181416910774 3 2
22 0.46555641561095895 3 2
23 0.586810772918998 3 2
24 0.5039605867938923 3 2
25 0.5991622350397284 3 2
26 0.49305709093194594 3 2
27 0.524283633683593 3 2
28 0.5211223588705183 3 2
29 0.4273660422392613 3 2
30 0.6611471050498727 3 2
31 0.47564544585413815 3 2
32 0.48672996782919636 3 2
33 0.31024088892567836 3 2
34 0.22286497478734316 3 2
35 0.17285086525726834 3 2
36 0.12385064418779688 3 2
37 0.2767626760935581 3 2
38 0.3518891353746062 3 2
39 0.361540932697162 3 2
40 0.40670249528843094 3 2
41 0.44430943195315986 3 2
42 0.5152180491249392 3 2
43 0.5467283756115114 3 2
44 0.5469345071604914 3 2
45 0.5400690266386495 3 2
46 0.5643273477185016 3 2
47 0.6005022632581668 3 2
48 0.4546056963254553 3 2
49 0.22744988179050854 3 2
50 0.2682382005920765 3 2
51 0.3168985895660226 3 2
52 0.4456203027517113 3 2
53 0.6509992979481329 3 2
54 0.3124420694861215 3 2
55 0.49253728879177733 3 2
56 0.5304822644421459 3 2
57 0.5753255341890819 3 2
58 0.47820659913830293 3 2
59 0.3106791707107744 3 2
60 0.3404604396993245 3 2
61 0.3781305657037561 3 2
62 0.4578448589999891 3 2
63 0.4519407522738058 3 2
64 0.4283685699602479 3 2
65 0.41598366623843336 3 2
66 0.43841384672489064 3 2
67 0.5271618727774963 3 2
68 0.5331027324282854 3 2
69 0.5129901074962699 3 2
70 0.5043144971821576 3 2
71 0.5119594486214998 3 2
72 0.5053011206342343 3 2
73 0.554580978706258 2 2
74 0.5570326965202747 2 2
75 0.510196484365356 3 2
76 0.37330814581343075 3 2
77 0.15387224413463912 3 2
78 0.16080707503044933 3 2
79 0.14072550162563618 3 2
80 0.13653776487979868 3 2
81 0.191465576866947 3 2
82 0.21167683171234714 3 2
83 0.2768571180831902 3 2
84 0.29101012113102237 3 2
85 0.3030713431944609 3 2
86 0.30820447478612234 3 2
87 0.319373775416432 3 2
88 0.36893875170130996 3 2
89 0.3419643827937894 3 2
90 0.471461184530025 3 2
91 0.3133759016132983 3 2
92 0.293632377781263 3 2
93 0.3056079926616025 3 2
94 0.25378377100649235 3 1
95 0.2462625202938449 3 1
