8 0.27503001512233854 0 1
9 0.16015250607558515 1 1
10 0.15636793118906353 2 1
11 0.5103620657883186 2 2
12 0.3134785200349166 2 2
13 0.29605483947761013 3 2
14 0.28749690101072606 3 2
15 0.27474091415211416 3 2
16 0.1762187591734133 3 2
17 0.23294709683370313 3 2
18 0.3656629450906845 3 2
19 0.46975007816363024 3 2
20 0.3882547165430645 3 2
21 0.2334218239651374 3 2
22 0.20548760725554563 3 2
23 0.19881735682931 3 2
24 0.21882126085933273 3 2
25 0.2702606772879839 3 2
26 0.389206117436462 3 2
27 0.488769477769605 3 2
28 0.5463877787407276 3 2
29 0.6095041186272953 3 2
30 0.5286288480904159 3 2
31 0.4615569965040426 3 2
32 0.38660953817518307 3 2
33 0.4904322565626253 3 2
34 0.6094972650364696 3 2
35 0.4557703486059164 2 2
36 0.17550729121319938 2 2
37 0.1584849566960395 3 2
38 0.23744552853144169 3 2
39 0.33687430757191095 3 2
40 0.45943796486328353 3 2
41 0.5338775691683573 3 2
42 0.5416901296802095 3 2
43 0.5665306132550918 3 2
44 0.5958577852389185 3 2
45 0.5866984607169199 3 2
46 0.5667854909043782 3 2
47 0.6367139893595966 3 2
48 0.6516790149018633 3 2
49 0.5046480025875028 3 2
50 0.5342288806709753 3 2
51 0.5479221496430798 3 2
52 0.5287465070553813 3 2
53 0.3849933134085267 3 2
54 0.20712127220890844 3 2
55 0.12158350583439839 3 2
56 0.12047800733461587 3 2
57 0.12664842031919019 3 2
58 0.22604531941946163 3 2
59 0.32762807286824225 2 2
60 0.34344624731393597 1 1
61 0.4618467472235921 0 1
62 0.2616540959255663 1 1
63 0.24639836779477822 1 1
64 0.24789836487498904 1 1
65 0.2618557384124232 1 1
66 0.2381703520882684 1 1
67 0.24263460301907677 1 1
68 0.2733487806292598 1 1
69 0.28864537425552317 1 1
70 0.3072463632334181 2 2
71 0.2631686001648126 2 2
72 0.20594191958358798 2 2
73 0.24442384062667644 3 2
74 0.2658915867685909 3 2
75 0.3858358410677364 3 2
76 0.489072572000933 3 2
77 0.4463384561980678 3 2
78 0.5203342642281347 3 2
79 0.586673084321248 3 2
80 0.6592045388138663 3 2
81 0.7120927124585644 3 2
82 0.7136049604383905 3 2
83 0.6922317087171024 3 2
84 0.683778305647783 3 2
85 0.6664648586796048 3 2
86 0.6652564261770963 3 2
87 0.6932152996503276 3 2
88 0.6703548248418706 3 2
89 0.6918278276323583 3 2
90 0.6915962807472052 3 2
91 0.7906012394927832 3 2
92 0.6296427486952447 3 2
93 0.5458434590215965 3 2
94 0.38902720606155866 3 1
95 0.3913056455958815 3 1
