0.0 0.0
40.77531390930533 1000.0
746.3505559490376 2000.0
1404.950440806246 2341.400115142766
2037.0771547136433 2709.273401235344
2698.192672672711 3048.157883276324
3364.6318052685574 3381.718750680484
4017.3620667044597 3728.9884892445684
4680.045265810931 4066.3052901380634
5315.60605344848 4430.744502500489
5921.651837280965 4824.698718667996
6515.467540786814 5230.883015162167
7151.912183435672 5363.555357351151
7890.882659322292 5261.029524113323
8868.829139319962 5022.053520002296
9567.74195997812 5301.087179341867
10187.491396617652 5380.250563360486
10847.275167382322 5340.216229235297
11497.720736301853 5349.554431080439
12089.409410553466 5408.311325748381
12731.10486765508 5358.304542898361
13319.944021881089 5411.160845773972
13944.02271324463 5375.921308636427
15111.479155506206 4832.543557738397
16351.03576037737 4592.986952867217
16921.69581516071 5022.326898083844
17485.9850325741 5435.7107825866115
18041.174317367746 5444.810715206377
18599.915442854133 5441.258874513665
19187.178916608584 5412.736526245582
19775.518763087755 5411.660153520836
20319.16772676125 5456.351036326518
20747.37977659004 5571.78795017123
21030.93509380462 5716.444682785448
21198.713361856484 5832.221731948158
22112.40207578844 5086.31128606802
22876.90238986307 5235.499685925368
23618.479304784876 5258.4230850781805
24386.62437373668 5231.854931048181
25190.576732168483 5196.047641568188
25972.165584885563 5218.411147282967
26612.36071766666 5359.804867218924
26976.615876776326 5635.744840890352
27196.867918873395 5779.747957902968
27388.82577532037 5808.04214355299
27665.864549721726 5722.96122559858
28673.548062607777 4992.31648711395
29611.433572018395 5054.430977703341
30492.635922894653 5118.7976491236805
31317.261002511274 5175.374920383328
32120.08398314939 5197.177019361836
32947.485081797946 5172.598901351472
33801.84548934522 5145.63959245269
35353.313180850586 4448.532308494599
35988.599037557695 4813.246451787456
36301.16361983285 5500.6818695123275
36580.491277091474 5720.6723427414245
36834.91068771062 5745.580589380898
37092.11746519513 5742.793222515449
37385.02239058042 5707.095074614666
37696.704395139444 5688.317995440947
38044.69746044374 5652.0069346957125
38417.72703782316 5626.97042262062
38982.05253772381 5435.674500099393
40113.25087522739 4868.801662496407
41331.48416562261 4650.5683721011965
42013.57976091052 4968.472776813241
42956.03882530197 5026.013712421775
43729.33098426447 5226.707841037532
44391.08445018117 5338.24653408336
45016.20566446149 5374.878785719747
45624.348760183 5391.856904278562
46192.83285530119 5431.5159048818305
46691.948898246665 5500.883957054516
48317.06521161912 4374.883686627514
49231.15821525994 4460.79068298673
49621.845150631605 5070.103747615067
50032.25594798394 5589.589202647654
50478.61414487847 5553.641803105487
50906.54012731988 5572.074017558572
51300.584932248465 5605.955195071408
51721.572771199164 5579.012161049266
52184.14127855281 5537.431492646352
52683.24046284529 5500.900815707525
53186.260749929366 5496.979712915943
53975.55082618111 5210.709923748294
54932.830367942785 5042.720458238382
56002.79981689965 4930.0305510431845
56761.95589230628 5170.8744756365695
57354.61382354803 5407.342068758304
