0.0 0.0
42.17621412080638 1000.0
791.2875382970276 2000.0
1527.0645913213316 2264.222946975677
2269.9301926736352 2521.357345623372
2996.0949099474806 2795.1926283495195
3609.5341209358076 3181.753417361211
4232.189705693219 3559.097832603809
4885.908171291507 3905.379367005525
5506.531528123294 4284.75601017375
6171.018158514047 4335.513369609271
6765.132233483407 4405.885925030632
7466.038531473456 4299.093702009926
8439.163107281103 4026.875424192308
9264.366660625765 4174.796446655308
10009.97847378724 4254.388186838532
10778.82112793736 4231.157345849905
11146.094392269173 4632.72673566819
11377.039581673022 4769.054810596162
11552.870162740495 4824.16941893255
11755.670532482383 4797.199630258099
11995.921352188754 4759.749180293667
12231.951646425163 4763.969705763613
12759.684007533311 4472.267638891826
13833.548202214904 3926.135805318357
14926.05100709278 3833.6330004404417
16031.734991628253 3727.949015904971
17323.886281339575 3435.7977261936494
18518.2334079024 3241.4505996308576
19504.025419705806 3255.658587827445
20380.200386919692 3379.483620613554
21283.614453052305 3476.069554480943
22393.836927193563 3365.847080339673
23181.79431362154 3577.8896939116944
23842.633371714343 3917.0506358189036
24508.987163546684 4250.696843986563
25208.649455030143 4300.337708516519
25933.766397934516 4274.8830570956325
26648.063524018915 4285.702873915641
27302.627278186592 4345.436245832332
28034.156784325198 4268.470493861405
28666.72681553854 4367.429968786662
29782.980452235624 3883.7463633029333
30604.774240500148 4061.952575038377
31321.758171785645 4283.016068714494
32109.278158282246 4212.480013503425
32965.65749787412 4143.62066040814
33579.82942054779 4385.828077326329
33967.47086556863 4612.358554979157
34273.87395790226 4693.5969076663705
34593.24264720611 4680.631310696152
34930.56312997658 4662.67951722956
35174.497797069525 4756.065332907061
35321.34570008784 4853.152096981679
35504.93525057816 4816.410449509644
35749.219819411 4755.715431167158
36056.70588328309 4692.513936127903
36396.832728929556 4659.87315435351
36815.89437920905 4580.938349720493
37412.668510972406 4403.22586823663
38173.54701346566 4239.121497506736
40628.096918416624 2545.4500950490196
41726.207831267435 2447.3391821982163
42336.75117281667 2836.7958406489915
42840.488047521416 3333.058965944233
43327.902641886176 3845.6443715794553
43819.18714824664 4354.359865219001
44349.837968484666 4469.349179761975
45013.03833160794 4336.799636876722
45696.03673463684 4317.0015969711185
46316.306201700805 4379.7305329360515
46934.89569233113 4381.410509369662
47978.37455328792 3956.5211390431978
49017.26230056262 3917.6333917685097
49576.61650962242 4358.279182708744
50139.16394160368 4437.452568018747
50778.41913637699 4360.744805226709
51248.35210568908 4530.0670306879365
51718.303188067875 4530.0489176212195
52297.69441990455 4420.608768163332
52869.21856914546 4428.475850759075
53675.3614055356 4193.85716360984
54320.94546316111 4354.415942374482
55694.80062771373 3626.144835447376
56565.642966759944 3755.3024964011697
