0.0 0.0
45.93157748468127 1000.0
771.1819803087348 2000.0
1468.4386043346394 2302.7433759740634
2167.553890243013 2603.628090065713
2835.2040726566443 2935.97790765211
3587.994234250308 3183.1877460584274
4353.268994948469 3234.725239301805
5097.647939398816 3255.621055549635
5829.180921924914 3268.4670174739335
6528.997149572732 3300.1837723522276
7422.090300690137 3106.906848882572
8752.290122465904 2669.8001782241918
9435.73699341086 2986.3533072792106
10097.640544748203 3324.449755941837
10765.57989935889 3332.060645389296
11451.412927033776 3314.1669723251002
11841.016288701152 3610.3966383326283
12121.330718895266 3719.685569805888
12441.634000808024 3679.6967180872216
12728.479004026945 3713.154996781078
12923.52151708007 3804.957486946878
13121.993888578567 3801.527628501483
13603.156263958044 3518.8376246204784
14056.71410396529 3546.442159992767
14611.686552176052 3445.027551789229
15212.976998624099 3398.709553551918
15803.254819005866 3409.72217961823
16407.468751075736 3395.7860679301302
17150.91083677485 3256.557914300899
17888.799947278832 3262.1108894960453
18637.359466359867 3251.4404809189637
20398.528264529283 2238.831201830574
21276.71281097908 2360.6466553807613
22036.071994090595 2601.287472269235
22981.190276899415 2656.169189460406
23563.053925870252 3074.305540489566
24183.559351807828 3379.494574062438
24772.583301491763 3410.9760503160874
25243.213241653324 3529.3700598384344
25688.312878203327 3554.9003634499663
26245.73962236218 3442.573255841138
27596.28520829526 2649.454414066933
28800.170072123095 2445.5695502390868
29553.330810989228 2692.408811372932
30114.992861661336 3130.746760700826
30714.396166892384 3400.5966947689594
31210.489076284455 3503.9070906079305
31668.85272419145 3541.636352093021
32289.6401258628 3379.2125983286674
32986.86190817268 3302.7782176901537
33335.551844241374 3651.310063931314
33526.03319548991 3809.518648751469
33759.98099688785 3766.052198602008
34073.96366805392 3686.0173288339247
34458.380782588596 3615.582885465305
34833.751052518724 3624.6297300698484
35251.48441687093 3582.2666356477994
35799.75249382688 3451.7319230440544
36486.051623321655 3313.7008705052162
38766.331946996426 1719.7196763252175
39952.178050457755 1533.8735728638853
40490.598351370085 1995.4532719515564
40960.82536763091 2525.226255690735
41389.305697274336 3096.74592604726
41820.577814231016 3568.7278830433074
42293.334376058185 3527.2434381728326
42873.741263520824 3419.5931125373454
43511.088187872025 3362.6530756487814
44119.046825469035 3392.0413624030066
44696.63678556166 3422.410039907357
45615.99139187713 3080.645393684511
46628.58810114516 2987.4032907319825
47207.4899031001 3408.5014887770562
47737.96375260409 3469.5261504960245
48373.20870393776 3364.755048666357
48827.52284356917 3545.6858603686233
49246.32516460952 3581.1976789596724
49767.98540981879 3478.3397547907443
50296.80826353894 3471.1771462798442
