0.0 0.0
39.091750838141486 1000.0
790.3185200148544 2000.0
1480.6662555605799 2309.6522644542392
2135.4663709716333 2654.8521490431845
2813.3836661619807 2976.934853852861
3443.7873792753157 3346.5311407395225
4095.00239178224 3695.316128232571
4782.288284647191 4008.0302353675947
5417.965303825099 4364.32298082206
6075.208433747713 4342.756870077362
6713.19483839611 4362.0135953515855
7440.873045555953 4272.321792840133
8415.826641324831 4025.0464042311137
9175.65370939887 4240.172931925933
9860.995359690734 4314.658349708092
10568.653883063944 4292.341476626734
11170.50700289825 4398.146880165688
11739.78609733164 4430.720905566622
12336.733220314645 4403.052877017006
12915.28916667488 4421.444053639755
13506.654270538324 4408.63489613655
14821.381563876004 3685.272706662287
15942.733440245356 3563.9208302929183
16525.46032804813 3981.193942490163
17115.37875903599 4391.275511502305
17668.207065397517 4447.171693638477
18222.863051666543 4445.344013730946
18817.131551500534 4405.73150016599
19427.568801219077 4389.562750281453
19975.676770886785 4451.892030332314
20393.135206653744 4582.541564233037
20668.94186391914 4724.193342734588
20841.89266049062 4827.049203428527
21730.98292595615 4110.909734534436
22500.677638514153 4230.305287442001
23271.056013838403 4229.621624675729
24046.11084011085 4224.945173727523
24776.05166857958 4270.059171531237
25557.69787400764 4218.35379457193
26206.49028309578 4351.20759091187
26551.67095493815 4654.819328157637
26774.679966985237 4776.990987952909
26978.35620993962 4796.323757045644
27522.198261689235 4456.157948250375
28557.6404875106 3964.557774178642
29470.88178440778 4051.3164772814716
30278.024306434316 4192.857477973446
31110.557132909053 4167.467173525252
31955.893073390056 4154.664059518975
32798.30797987917 4157.585093510874
33658.74014818296 4139.567831696233
33993.67464970736 4665.065498475594
34175.47891437513 4818.195735332229
34373.61157997337 4801.867334401742
34611.035615156215 4762.575964817135
34900.99362766959 4710.041987486615
35196.431734899335 4704.561892770221
35509.28522151548 4687.146513383859
35967.968762726334 4541.316458789141
36606.057691718415 4361.911071007915
38930.754840808586 2675.302850909805
40097.40457762006 2508.6531140983357
40638.30005588508 2967.7576358333235
41103.239852776016 3502.817838942371
41557.06886141499 4048.988830303357
42016.280340995945 4540.788520419036
42515.82671288184 4500.453628114084
43170.982269996646 4344.84444288519
43785.78102051862 4385.201249478033
44358.1384028776 4427.642617641041
44929.05918198996 4429.079220887616
45993.87231175317 3935.186870236775
47011.18536729392 3917.873814696047
47586.78445314063 4342.274728849369
48154.794061662455 4431.990391478178
48793.46091851076 4361.333143151716
49262.25440161335 4531.206516897444
49753.15847133604 4509.095930277314
50335.7198214742 4417.438649861837
50921.681461512766 4414.038359961423
51747.31796100388 4174.363500508865
52399.12845950394 4348.189501499926
53766.8857922143 3632.242667289636
54641.47108475596 3757.6573747479783
