0.0 0.0
29.18404228297551 1000.0
741.5680047369204 2000.0
1343.3844975300412 2398.183507206879
1929.3305863330695 2812.2374184038877
2481.324687549827 3260.243317187125
3090.791162451168 3650.776842285759
3773.1801551869094 3968.3878495499716
4404.253049478689 4337.314955258187
5026.650617442622 4714.917387294265
5646.278771876887 5095.28923285993
6280.425768838056 5461.142235898769
6939.664219523697 5801.9037852132315
7572.443609982463 6169.12439475457
8685.9803073745 5886.463302607984
10060.762208680939 5511.681401301516
11146.763122937089 5425.680487045353
11848.381927816456 5724.061682165941
12889.471012760088 5682.972597222329
13505.488359063507 6066.9552509189525
14153.068683598513 6352.41967546506
14758.675707536962 6394.392976061601
15368.238790816653 6390.436916720354
15934.074624990202 6434.164165826451
16430.485129269473 6503.58949572074
18040.679307286202 5389.805821983251
18967.338314473483 5463.1468147959795
19348.685002376213 6081.800126893231
19746.377346543646 6602.307655832554
20188.929242192444 6557.448104351229
20607.117760625104 6581.811481567314
21006.28770519786 6600.83005542723
21428.949958044574 6577.337747153245
21882.733593160876 6546.216364883696
22354.908241827914 6527.825351332999
22832.748749441445 6522.1594923864905
23593.52330629458 6239.225443146898
24490.782790757854 6102.740515536762
25586.33394815036 5904.448842607524
26355.195124179954 6135.58766657795
26997.724203916252 6357.470920263732
27599.463976028353 6398.2602278879185
28192.871279068477 6406.592696959896
28721.130768139472 6471.740510928977
29283.841492611322 6437.28927552812
29976.07837686715 6307.763115744169
30660.812669489143 6315.265707378045
31396.67885324834 6264.133816240748
32216.0604079567 6180.618445291557
32907.18254727842 6308.877860678304
33509.62836954447 6397.554177733914
34106.35539676834 6403.27297277616
34765.538496742 6340.816900026323
35414.60293475689 6350.935561985119
37192.33353636238 5222.269398394485
38344.57146518401 5070.031469572836
39395.82566619294 5018.7772685638865
40445.98664523532 4968.616289521473
41341.92181956335 5072.681115193454
42158.31932229276 5256.28361246406
42929.900042809626 5484.702891947153
43635.7133285091 5778.889606247602
44308.01829166765 6106.584643089016
44892.27234666707 6415.745945000594
45596.20195705357 6296.070389613489
46598.37105203725 5997.830905016303
47416.27769418186 6179.9242628717575
48126.99996938689 6289.277724795005
48832.977859517356 6294.0221098695065
49242.81710056162 6590.160758955719
49490.31260118304 6752.504499378533
49663.84255919824 6826.470041984822
49873.79990975128 6790.04264944697
50117.282202675095 6756.517707076225
50349.92027669631 6767.361925978885
50607.842107288234 6742.078169408035
51732.86132991213 5874.980777376019
52868.08937865619 5739.752728631856
54001.13262835253 5606.709478935608
55282.43732440196 5325.40478288619
56491.39486287908 5116.447244409075
57529.75288178302 5078.089225505118
58428.033912337014 5179.808194951185
59517.38630696908 5090.455800319167
60531.48397371743 5076.3581335708095
61276.842735169725 5330.999372118568
61939.268365083844 5668.573742204521
62622.03783595698 5985.804271331429
63308.11170795374 6299.730399334694
63989.624361990405 6318.487345963325
64694.098639439595 6295.52572255078
65367.97820499615 6326.120434443406
66111.04165861427 6256.9365463818585
66805.02894587115 6306.012712743195
67855.4071657906 5949.621780080544
68877.83667012899 5927.192275742096
