0.0 0.0
21.001912864231443 1000.0
665.4026487391043 2000.0
1345.4180608993538 2319.98458783976
2068.547078157266 2596.8555705818408
2769.0032446195682 2896.3994041195074
3379.5353549780357 3285.8672937610136
4017.3310925442784 3362.204262433735
4791.378190849864 3225.9529016944016
5674.818424047115 3116.5597668027467
8088.015604794502 1586.8028192526135
9300.204223016299 1374.6142010308097
9867.80661446404 1807.0118095830746
10379.657986395407 2295.1604376517134
10859.295778040849 2815.5226460062613
11363.868954210979 3310.949469836128
11897.323663034467 3466.5452911765005
12518.515209309353 3378.808453725108
13198.950640507188 3319.564568802167
13840.2256274588 3358.7250130483917
14448.765812003767 3391.4598154549926
15380.280184970648 3068.4856270330897
16433.69147985131 2946.5887051193376
17080.426821059642 3299.853363911028
17625.780185461368 3454.6466355982943
18236.47284093185 3389.3073445295418
18760.95235014597 3475.5204907859134
19140.25642989955 3620.695920246443
19689.62753088083 3450.6288990187386
20229.63264932879 3459.994881552019
20936.80116134644 3292.831487982328
21640.08425704248 3296.716904303953
22958.80288643771 2681.2813706047573
23839.38367168128 2800.7005853611827
24564.75992294134 3075.3243341011234
25158.378898946863 3406.381023994502
25656.167263502055 3502.2116354448544
26221.297813194382 3434.8694503077045
26763.973263608106 3457.3245495862807
27228.91413827839 3535.059125329694
27723.80229316543 3505.111845112947
28209.507811880678 3514.294481284734
28651.797602600665 3557.7102092799787
29998.866466048872 2652.9311365517997
31035.64859988386 2616.1490027168
31822.814292383373 2828.983310217249
32504.443530071076 3147.3540725295393
33171.8650008357 3332.5785292353853
33790.11896143136 3381.7460394043414
34356.03463643533 3434.0843249960312
34925.80822028202 3430.2264161533326
36453.26914012968 2472.5390801523536
37406.63932124971 2519.1688990323264
37887.2583086537 3038.54991162834
38354.99598600417 3532.2623226495552
38798.112643375236 3556.8833426289652
39263.04379559213 3535.0688477830618
39766.07293530662 3496.9708602855076
40226.396768701656 3539.676166604995
40699.13553754306 3527.261231158583
41181.29333515396 3517.8422023891176
41838.069513654154 3343.2238214998188
43014.45853803316 2823.610975620998
44279.13322641393 2558.9362872402207
44967.80357070893 2870.2659429451837
45964.11796749131 2873.951546162778
46675.59695313256 3162.4725605215635
47322.929285135346 3352.667667997227
47952.26613069662 3370.6631544387164
48551.90154034093 3400.364590355702
49140.002410892244 3411.8991294487223
49669.71817376235 3470.284237129926
50920.25064249604 2749.4675312663085
52248.65135045518 2421.066823307167
52646.50956753775 3023.2086062246453
53061.76809980223 3584.7414677355705
53511.84567687192 3549.9224229303372
53950.35106413526 3561.4946127366743
54363.527447762586 3586.8236163726815
54780.26879078683 3583.2586569757746
