0.0 0.0
36.56454062972387 1000.0
708.9818935627699 2000.0
1596.7229996741992 2112.2588938885697
2356.633186042909 2352.348707519869
2947.159015387703 2761.8228781750713
3434.66466767193 3274.317225890859
3936.7884451720984 3772.1934483907025
4449.790989672456 4259.190903890358
4995.328942931123 4713.652950631706
5532.1369489208455 5176.84494464196
6158.355971348665 5373.780977572189
6749.790916832546 5408.565054516091
7226.688876090468 5523.102040742061
7755.2800495552565 5471.408826535229
8381.173472313205 5374.106577242068
9051.545848565285 5329.62762374791
10354.810076162383 4696.7357724028625
11070.910590150314 4980.635258414917
11699.569151931748 5351.976696633513
12262.16597238049 5437.403179551272
12800.405990371273 5461.759982009164
13340.560087215363 5459.845903155903
13847.969843776955 5492.590243438436
14325.765917740304 5522.20392603667
14905.324857047079 5420.441060693232
15422.780198140876 5482.5446589062285
16004.436138386163 5418.344059754734
17354.92724112929 4649.508897256846
19329.175309173792 3675.2608292123787
20241.789496047106 3762.6466423390452
20734.338665937135 4270.097472448979
21218.79706109192 4785.639077294162
21705.149369334085 5299.286769051938
22116.131984953347 5589.017384380711
22433.583318867088 5682.54866608625
22735.68914195366 5697.894176913494
23150.795135681026 5584.894006272611
23541.61307142224 5609.182064258786
23923.24897042679 5618.364100995442
24404.864192398523 5518.3847780282385
25739.776679185117 4665.087513213385
27058.971550776045 4345.892641622435
28114.672716027595 4290.191476370884
28764.898917888942 4639.965274509517
29074.13257107681 5330.731621321622
29392.21584390523 5681.916727171525
29708.14994667293 5684.065897232346
29989.596462235906 5718.553484437019
30278.459869806095 5711.136592429804
30580.74810334247 5697.71176646364
30951.68997186204 5629.05813148042
31596.320213369945 5355.369758492091
32183.053628311867 5413.266585058092
32729.134704077005 5453.9189242349075
33533.868558216884 5195.2661458601615
34184.18739530581 5349.681162911098
34866.963953471626 5317.223441834175
35587.014587065896 5279.949366405729
37010.85997812023 4576.154608945658
37664.66801193415 4922.346575131793
38468.4073352023 5118.607251863632
39097.369785261886 5371.0375499403535
39769.697498046284 5327.672287215576
40461.26140051083 5308.436097535446
41220.03304970541 5241.228350805502
41991.86144355007 5228.171606155431
42781.0324845219 5210.8289590282175
43590.18664763698 5190.845836884881
44303.3265699973 5286.8600776396215
45703.1675083313 4600.159061666021
46402.15543253104 4901.171137466279
47205.166258938254 5098.160311059085
47968.60745001477 5236.558808923551
48606.344376454996 5362.263073559798
49275.295023333754 5331.049353121172
49930.91421371359 5344.380809620103
50598.506791159096 5332.407422554492
51268.42511695057 5330.081674208531
51921.104532700614 5347.3205842499965
53382.97798488166 4538.126547818976
55049.05861916605 3872.045913534584
56173.88424165859 3747.2202910420083
57274.8308062476 3646.2737264529674
58557.483834689236 3363.6206980113416
59420.165391849914 3500.9391408506935
59811.30595628088 4109.798576419748
60224.491162751525 4696.613369949146
60526.552448676346 5394.552084024207
60851.055710379536 5675.4967382966925
