0.0 0.0
65.54712124699898 1000.0
831.6940940868794 2000.0
1731.121606867718 2100.572487219183
2097.1481459309857 2734.5459481559346
2281.0804641972245 3550.613629889644
2479.160315986237 3801.9201482109593
2675.6716241340646 3803.488691852185
2853.882657550663 3821.7889665833986
3049.3325403462354 3804.550117204419
3248.490969665437 3800.8415706807928
3476.3739552768848 3772.1170143885633
3748.160752730274 3728.213202546627
4156.385041960971 3591.7757107693183
5433.202157045049 2723.1828849159474
7389.402441873857 1766.9826000871474
8164.765501487743 1991.619540473243
8761.349587482888 2395.0354544780967
9290.054059150816 2866.330982810152
9804.099050090375 3352.2859918705785
10378.836995537913 3425.2620545524746
11047.80219992281 3331.034795615082
11774.064420239389 3273.7377796834294
12364.339690674136 3409.7247295653065
12913.272018577616 3451.0676720965603
13473.360363471042 3439.9116551066063
14322.906544502284 3150.453818968788
15259.934529119733 3062.972015382573
16629.43252996229 2630.5019991574586
17085.68434531825 3174.2501838015173
17517.42277436499 3568.2615709532306
17985.450821992377 3531.971952372595
18543.755697394718 3441.695124597676
19165.05871120224 3378.696986192495
19711.17510235407 3453.883608848177
20223.076204969246 3488.0988973847966
20763.240308300996 3459.8358966682435
21462.204870696158 3301.0354376048576
22085.08760627302 3377.1172644231538
23206.43033745019 2878.6572688228316
24414.802442478085 2670.285163794954
25458.099728612015 2626.987877661045
25970.425216847292 3114.662389425783
26472.65794855999 3497.767268287299
27001.329350213917 3471.328598346069
27594.27156059415 3407.0577896197738
28162.363855080388 3431.907705513752
28752.56272587789 3409.801129202511
29292.067272085485 3460.495453792386
29795.284250517638 3496.7830215678155
30302.413318813105 3492.8709317045095
32051.892902601077 2250.520416212019
32752.67699149555 2549.736327317547
33228.60200471589 3073.8113140972328
33658.173394793695 3570.428609922236
34045.00897775103 3613.164417042686
34489.656923330906 3555.35205442009
34936.54228792336 3553.1146354075568
35371.86863930567 3564.6736486177015
35838.793992270956 3533.0746470347067
36294.338644802025 3544.455347468954
37117.36603650806 3176.972608293981
38248.93645271309 2868.429583794994
39375.92397003937 2741.4420664686936
40019.62296183994 3097.7430746680975
40924.838878499024 3094.784083340905
41595.63082416989 3329.2080543291545
42238.237762738565 3357.3930614313476
42820.411995598355 3417.825767140195
43433.89204913026 3386.5199464681173
43984.79891898737 3449.0931301429296
44498.656895368484 3486.1420236188965
46586.68342654043 1911.9734688280614
47033.671956483275 2464.98493888522
47442.84901258568 3055.8078827828867
47872.85966035373 3569.9893522320076
48324.95248852675 3547.9071718269943
48752.012653844606 3572.939834682168
49170.05133780126 3581.961316043355
49598.69138980337 3571.359947997922
