0.0 0.0
38.175900251040616 1000.0
740.5942639180693 2000.0
1786.9671258145927 1953.6271381034653
2473.7651463495386 2266.8291175685276
3047.970468545762 2692.6237953722966
3536.448478103544 3204.145785814525
4040.8867199257497 3699.7075439923174
4578.98061811866 4161.613645799407
5135.809271590662 4604.784992327422
5678.5276628365455 5062.06660108155
6312.831843764148 5365.695819072421
6924.115517666462 5388.71632609765
7404.103624876145 5520.011892790286
7950.106307923624 5453.997316952552
8545.098921878487 5405.007386045157
9218.52098621749 5326.577935660991
10547.807738500145 4670.713247717311
11250.73879505405 4967.782191163387
11877.285048122762 5341.235938094704
12421.890297676913 5455.394750445862
12951.582253286637 5470.308044390241
13523.253291062523 5428.328962224133
14019.265973316033 5503.987317746529
14499.353228295451 5519.912745020608
15069.169356182718 5430.183872112754
15580.4154112164 5488.7539449663445
16175.65935975897 5404.7560514574425
17585.371289456565 4590.2880703023875
19494.15662709608 3681.5027326629133
20428.387663361238 3747.2716963977377
20893.677496314594 4281.981863444367
21356.68377366008 4818.975586098877
21838.31865262549 5337.340707133474
22229.62057534586 5608.698077279606
22547.50813234424 5682.11244300164
22850.63067347725 5696.87745886704
23259.018889977244 5591.611783499989
23635.639514900027 5623.379375077211
24019.297915551822 5616.341599348216
24509.31551268808 5509.982402863718
25943.042152805436 4566.273359882631
27288.994103367815 4220.321409320247
28284.133997949328 4225.181514738728
28901.422344410512 4607.893168277538
29226.368295852673 5282.947216835358
29551.215015185968 5675.15328066667
29870.337301610263 5680.87771357575
30163.606126522584 5706.731175087681
30472.456157019504 5691.149969503107
30790.890777495 5681.565379524507
31168.093206184316 5622.797571310656
32002.26212939448 5165.831076789829
34661.67368193315 3340.5884474613003
36313.591836875035 2688.670292519422
37776.407973999834 2225.8541553946434
39108.54218850012 1893.7199408943425
40233.11494938974 1769.1471800047277
41164.578878153574 1837.6832512408978
41985.00152900122 2017.2606003932417
42940.379395322365 2061.8827340720936
44345.66056648473 1656.601562909727
45016.85492932421 1985.407200070236
45667.64387443584 2334.6182549585765
46356.940548963816 2645.321580430582
47035.24880048038 2967.013328913986
47723.72184215812 3278.5402872362392
48309.998734504974 3692.2633948893967
48560.011878072735 4442.250251321628
48811.05440875576 5191.207720638594
49082.39392147168 5728.660487284088
49421.68137182865 5660.712549643064
49756.54375489949 5665.13761692915
49988.86782078346 5767.675934116023
50254.11800027575 5734.749820507738
50821.93855666342 5432.179443612298
51391.22357709186 5430.714979571529
52092.38115492127 5298.842422170557
52893.79664091264 5198.5845140086
53566.11427509454 5327.682365818047
54209.56822577373 5356.5460493208275
54992.12837196562 5217.439853808129
55782.402896289335 5209.725475676266
56581.897295875584 5200.5056004136995
58445.92623452498 4135.971061350585
59349.651136061315 4232.24615981426
60210.49602204631 4371.401273829288
61073.77143040547 4508.125865470121
61704.99556412379 4876.9017317518
62340.146019126085 5241.751276749448
