0.0 0.0
68.15707402411755 1000.0
867.9236343806315 2000.0
1787.088066250568 2080.8355681300854
2107.357444799715 2760.566189580961
2289.689881733351 3578.2337526472766
2464.9948803271236 4402.928754053473
2657.5006645360777 5210.422969844547
2858.1360033163746 5799.364661219729
3051.936877196479 5806.199126119902
3255.316395314707 5796.62048188175
3466.751434040727 5788.564961273985
3730.019565082709 5736.73186895804
4069.3374209494746 5660.682144133245
4629.739707688439 5439.597713260998
5392.082128450572 5237.657579237903
7051.384334022674 4340.697794427956
8871.056394169835 3521.025734280767
9633.455503928122 3758.62662452245
10186.662267079024 4205.419861371526
10710.899607197602 4681.1825212529475
11230.455638938485 5161.6264895119975
11841.431914419576 5389.023724518884
12560.189677832012 5281.242236587511
13368.049765183554 5192.1399126484785
13963.845562323379 5404.204202860245
14571.061970916318 5392.783591407119
15167.672901084008 5403.389069832363
16149.65946123171 5018.01343985233
17172.375423265436 4977.284037966336
18560.918841188584 4588.740620043251
19076.707809937794 5072.951651294083
19536.719310523244 5539.988499414529
20013.249661864174 5523.46964865908
20563.982388478853 5449.2672733853215
21212.363663074146 5351.618725404704
21768.551028136364 5443.812634937833
22292.293588540746 5476.257439595603
22836.771268555938 5455.522319984758
23558.799430303134 5277.971838252813
24181.891306889425 5376.908123413716
25399.74686900888 4782.144437880583
26666.420924461327 4515.4703824282005
27571.747530607605 4610.143776281924
28073.954869821177 5107.936437068299
28596.851182474267 5477.103687346883
29149.400716709613 5447.450465764618
29804.184338650033 5345.216378059528
30408.918471586796 5395.265867063196
31052.980283072062 5355.938188514741
31626.664524701948 5426.315758370076
32132.753503467524 5493.911021234421
32658.786687610387 5473.966815857122
32897.44660012171 5761.340087488686
33662.52443818795 5234.922161933736
35048.57343472902 4613.95100345893
36194.097453703514 4468.426984484415
37263.14104643604 4399.383391751863
38322.80750632038 4339.716931867491
39261.06275884601 4401.461679341857
40121.63930789721 4540.885130290655
40919.60862900323 4742.91580918464
41671.32157869797 4991.202859489918
42605.92218813596 5056.602250051863
43686.18957126382 4919.732616872118
44344.65188550888 5261.270302627087
44978.458644997794 5366.19324051107
45635.85684378382 5342.601801213944
46235.3404424338 5400.516401350024
46807.47522201644 5427.865220417333
47409.442600453294 5398.032621563151
47991.32545825044 5418.117142202875
48601.423476849704 5389.901981400773
49954.16487755445 4647.2585992952245
50978.70902255624 4622.714454293418
51555.810174596176 5045.613302253447
52102.959837750466 5452.850336845726
52638.10478653043 5464.855051220052
53166.71250132325 5471.392285207237
53731.41484632519 5435.297654998079
54286.901439797686 5444.513406527521
54796.62241159905 5490.279028198695
55163.51292179855 5633.109489800512
55386.523962092135 5776.988959706406
56052.19654706894 5334.3274150231855
56865.55183617566 5186.644710893266
57587.91545750009 5277.636378675591
58328.509419637805 5259.406037862306
59059.04213302638 5269.467286611455
59774.63752712966 5284.404605896805
