0.0 0.0
26.840433504047184 1000.0
732.8390459065591 2000.0
1349.6729944642718 2383.1660514422874
1929.3347313140166 2803.504314592579
2508.3773060718154 3224.4617398347846
3124.4708140177463 3608.368231888821
3821.7530994015833 3911.0859465049493
4464.79201130799 4268.047034598554
5088.992923373735 4643.84612253281
5683.127471154889 5049.711574751575
6293.921817632421 5438.917228274033
6943.149359756107 5789.689686150455
7561.065073871767 6171.773972034897
8705.8613886522 5855.20368521959
10082.152350616823 5478.912723254942
11153.88662725604 5407.178446615713
11878.59768069088 5682.46739318084
12905.66429906811 5655.400774803627
13541.33511288922 6019.729960982553
14189.306380313956 6352.028732575321
14781.153812413106 6408.152567900897
15365.827995896785 6415.325816516362
15937.749051260647 6428.07894463614
16442.365157643686 6495.383893616971
18026.41296011512 5415.952197528519
18998.450827727305 5443.914329916342
19377.005623194265 6065.359534449366
19774.048463016483 6602.957160177776
20210.2214776345 6563.826985382008
20629.57502250552 6580.646455128953
21045.013665344504 6584.561357161001
21485.4025730368 6559.611092307668
21957.032698691637 6528.3698743451605
22438.95063992057 6518.082058771105
22959.38204284915 6479.568597071429
23731.83534501589 6227.546697833307
24623.164404232575 6108.670940783341
25695.744663065056 5927.419741167565
26479.866052999263 6143.2983512333785
27103.463347561767 6376.402705437539
27701.680360812075 6401.7829867496785
28274.242158998903 6427.438201813187
28784.594803884094 6489.647355114769
29321.945791545884 6462.649012338177
29996.935730493617 6325.010061052258
30630.750291658504 6366.185438835147
31316.91790888228 6313.832382776166
32066.292822495685 6250.625086386491
32728.850425190936 6337.442397304714
33330.11651187247 6398.733913318477
33939.8845694347 6390.231942437783
34597.82781520275 6342.056754231953
35222.08081965948 6375.746995543251
37003.18369508704 5218.897124572435
38145.25689288575 5076.823926773665
39350.04633134893 4872.03448831041
40391.677183503605 4830.403636155731
41261.452809944385 4960.628009714941
42086.22471027998 5135.856109379321
42878.95442234059 5343.126397318691
43698.696844253485 5523.383975405766
44487.70371025208 5734.377109407129
45108.07714585888 6114.003673800317
45733.30943216882 6374.767713690049
46983.12312842073 5750.1863037481235
47604.43331368341 6128.876118485447
48245.38615024752 6359.047163435891
48898.32267932617 6347.063470921414
49513.233673981886 6385.089005344313
50104.90876487069 6408.3249091111875
50657.33589686625 6447.572868004465
51229.046206788706 6428.2896900776095
51827.286323607375 6401.7598831814375
52431.0342562999 6396.252067307509
53072.32713461001 6358.7071216898685
53998.01779231134 6074.309342298677
54741.13871477787 6256.8790775334055
55255.67227047977 6485.466444297982
55592.157658314776 6663.514612164958
55777.57644535417 6814.581212960618
55976.889846281134 6800.686599073088
56182.19872368907 6794.691122592146
56410.683109010475 6771.515614678575
56758.29789597532 6652.385213035167
57183.68233398471 6574.615561990617
58111.398884059476 6072.283449925232
59466.17676466276 5645.222119396682
60921.257048784115 5190.141835275321
62501.151157150445 4610.2477269089995
63817.635642633475 4293.763241425987
64938.02485398782 4173.374030071642
65870.53618739406 4240.862696665386
66863.61817447856 4247.780709580869
67956.78935344757 4154.609530611842
68842.91712083615 4268.481763223264
