0.0 0.0
44.3258514719051 1000.0
788.4124796919689 2000.0
1485.9231508462913 2302.489328845648
2173.3077157476127 2615.1047639443545
2887.7589590822463 2900.65352060975
3665.4340887452818 3122.9783909466682
4469.00265673576 3196.431432009511
5242.700247104525 3226.3024096312206
5984.6613944586325 3258.038852645911
6704.116388059772 3280.545006398881
7623.378149055739 3080.738239003994
9003.306368173295 2620.0717808824115
9734.283534350023 2889.0946147056475
10461.71898187909 3161.659167176572
11190.122474779002 3271.596507100071
11920.141023593147 3269.981451185833
12320.282847421471 3599.858176171696
12605.276922721036 3715.00592470045
12925.195925174981 3680.080997546034
13198.8325183257 3726.3634068492693
13388.107999692003 3810.724518633678
13591.106974773842 3797.001024918142
14072.274767433275 3518.832207340523
14525.274620885406 3547.0001465478613
15056.216521221308 3469.058099664084
15662.253591884377 3393.962929336891
16237.276105314935 3424.977486569441
16822.391296027796 3414.884809287139
17534.35964808316 3288.0316479446556
18266.4135465214 3267.946101561787
19030.527193200793 3235.8863533206036
20849.352698798957 2181.1744944018337
21706.389047212484 2324.138145988297
22470.118749577967 2560.408443622803
23361.305221642004 2669.221971558764
23984.519225069354 3046.0079681313982
24607.410682165413 3377.108542903956
25194.355875736233 3413.054806429199
25672.850945618226 3521.504930118001
26141.924790407997 3530.926155210197
26708.865376708833 3433.059413699155
28108.267276195984 2600.598100512866
29275.00188616775 2433.8634905410972
29991.13152927847 2717.7338474303606
30540.04370807893 3168.8216686299033
31147.067296295296 3392.976411783643
31676.02979860472 3471.0374976905823
32200.302320785573 3475.7274778191404
32836.6189438342 3363.6833769513996
33572.9811382396 3263.637805594621
33917.89348363287 3655.087654606741
34120.01198204803 3797.8815015848577
34369.16770026138 3750.844281786611
34696.11795180718 3673.049748454185
35073.8483263099 3622.2696254972675
35432.50996488907 3641.338361420797
35847.12561640508 3585.3843484839817
36403.33003554563 3443.7955808594515
37061.60535415746 3341.7246813881657
39288.12742441898 1773.4779297384862
40526.069973634476 1535.535380522983
41074.09964797557 1987.505706181898
41535.34081646318 2526.26453769429
41955.748678398624 3105.856675758794
42395.68308633953 3560.0655920590875
42881.22523451031 3514.4578518292124
43493.77710443335 3387.448130076953
44121.09420917166 3372.682895261697
44706.58920771026 3414.5050014614053
45272.06355960474 3434.5256481054803
46211.69892544406 3060.3646341606577
47225.22018025012 2986.4787451939455
47803.81086507789 3407.88806036619
48332.511004078304 3471.2998609995966
48943.94124943809 3388.5697546402503
49411.40114513196 3532.5401043061547
49873.065419436025 3538.335725695953
50429.53142517471 3443.5339942613277
50991.11485292317 3438.416572251521
