0.0 0.0
28.966274561600848 1000.0
715.2941570578773 2000.0
1310.790741172214 2404.5034158856715
1864.6069898004525 2850.68716725747
2424.9314113830537 3290.362745674881
3041.2135310727726 3383.7178803102515
3664.6500584770383 3376.5634725957443
4270.445065318709 3394.2049931583338
4888.0017340873255 3382.443331231375
5515.0867771537205 3372.9149569336178
6567.781936682436 2947.3048404713
7882.652132924074 2632.43464422967
9024.618783217704 2490.467993936044
9702.477337648434 2812.6094395052833
10712.811350550817 2802.2754266028655
11373.559740521016 3141.527036632707
12014.911548989536 3358.6481915314926
12635.70023596324 3379.2113130262846
13246.047984530613 3389.652251432646
13806.331625769037 3439.716358761615
14282.1480786514 3524.1835471176396
15676.476381548358 2605.6716971030182
16807.356039483304 2474.79203916808
17197.984266634376 3084.163812017079
17605.448202953343 3592.5360636810938
18032.407016221016 3573.0411867323423
18466.891967540094 3565.5150486809403
18877.032736997236 3589.8592305428597
19307.49589697647 3569.5368400207817
19755.0456433987 3552.450253577804
20217.56586353049 3537.4797798682166
20703.611963716765 3513.9538998137227
21400.506655208494 3303.1053085082917
22306.78098192808 3093.725673280458
23384.37716581322 2922.403816114902
24197.82034017438 3108.9606417537325
24829.250559672597 3368.569780501773
25426.486332920576 3402.7642267520177
26025.630884387294 3400.8554485332893
26534.07492494322 3491.5559594440697
27059.083026105392 3474.9918988378063
27729.34447615457 3329.7385499507964
28353.88686796531 3375.457608189234
29017.252391309987 3336.634476655305
29757.39048798736 3259.861903322616
30413.51269947599 3343.8777885113877
31004.76183104257 3408.750868433447
31616.072598633255 3388.68923240932
32257.366298904293 3358.7062997289786
32895.85262546167 3361.513673442643
33316.188743105085 3579.663882356605
33582.4112743258 3733.77746877932
35957.89861503252 1624.5126592932816
36378.73534855571 2203.6759257701133
36805.16983354861 2777.241440777217
37202.77813728922 3379.6331370366106
37585.98200514708 3616.796132142145
37938.62566335301 3647.3563417940686
38333.02574451935 3605.599918833635
38740.486770099495 3592.5389744198474
39176.5164582281 3563.970311871392
39603.15583090317 3573.3606273249507
40086.95619791034 3516.19963299284
41528.274258895086 2558.6819390152655
43516.93387524792 1570.022322662437
44314.99103380247 1771.965164107882
44893.61302886367 2193.343169046686
45438.641920646936 2648.314277263401
45964.2991122156 3122.6570856947355
46536.48174557045 3427.8173666451626
47223.53892463047 3312.9428209399634
47993.77719845998 3229.76172617049
48634.519017322804 3359.258181137229
49222.290111137125 3412.228906185704
49820.986122865295 3401.3039882718454
50711.15575733231 3109.8303655330087
51769.08337712164 2942.072380210667
53203.41861753428 2507.7371397980514
53689.05577472153 3022.0999826108045
