0.0 0.0
37.45823658570971 1000.0
766.3067627714416 2000.0
1427.541640204432 2338.765122567002
2125.351778829254 2640.9549839421834
2901.4825117723485 2864.8242509990823
3541.146088947873 3225.1606738235632
4159.309748240488 3606.997014530955
4782.2077394640155 3984.099023307427
5424.9951598161515 4341.311602955306
6099.901777083876 4325.093382732302
6740.134124653885 4359.7676524299695
7468.540317327032 4271.593807326819
8458.780667063775 4009.7596502632127
9318.501785099748 4140.27888196399
10077.939369449245 4240.562415650496
10857.39273531217 4220.546634137084
11272.084546888518 4585.30818842365
11516.33740472963 4755.747142158888
11699.000007874349 4817.337396855312
11916.503380405955 4782.496627468379
12150.487201957245 4766.01617844875
12389.496996028423 4760.990205928858
12886.734607013306 4502.7623890150935
13955.699627765573 3931.034979247676
15068.710676090459 3818.023930922738
16174.614761139743 3712.1198458734702
17448.260062664413 3438.474544348799
18616.671033549505 3270.0635734637367
19601.868939838594 3284.8656671746567
20485.456741302543 3401.277865710697
21368.193727053367 3518.54087995988
22492.164843005463 3394.5697640077724
23284.242430719703 3602.492176293531
23962.110975445386 3924.623631567859
24665.86782796929 4220.866779043959
25352.823248528995 4313.044579440271
26102.69602644454 4250.127222084462
26873.11495840627 4229.581068038327
27564.2312321358 4308.883726270467
28269.006636903316 4295.224595232484
28877.43505867514 4391.57157822816
29959.548946589333 3917.8861120858246
30827.29492351545 4050.140135159676
31520.168741018606 4307.126182496834
32280.197231924514 4239.9715090941145
33082.76124750294 4197.43598442158
33751.55061304207 4331.210634460879
34152.43836715335 4599.112245888728
34467.82994191976 4684.6084252335895
34813.185161115325 4654.644780804457
35158.19794685604 4654.987214259319
35422.32806016895 4735.869886687109
35579.24913920047 4843.07892096848
35761.55103572048 4817.698103479967
36003.892093458046 4757.658942262413
36318.09301743507 4685.799076022964
36657.542645583126 4660.550371851918
37053.126712665224 4604.415932917904
37615.09507999081 4438.03163267442
38368.529127547634 4246.565952443168
40781.39856720828 2587.1305603393325
41893.655284541506 2474.873843006114
42454.78083594408 2913.7482916035506
42947.03913480525 3421.489992742368
43390.05793047795 3978.4711970696358
43861.52093186327 4507.008195684317
44399.3391804878 4462.181751375472
45044.3426249228 4354.996555564999
45685.17797529199 4359.164649630811
46289.031760266975 4396.146215025035
46867.96796979671 4421.0637904702535
47800.51790765626 4067.4500621404186
48793.74275101249 4006.7751566437873
49371.87539431598 4421.867356696504
49897.44127452985 4474.434119786132
50549.98292031241 4347.45835421745
51012.25541387015 4537.727506442294
51439.207023566814 4573.048390303366
51974.23574289451 4464.971280672321
52542.84862560104 4431.3871172934605
53291.057028255 4251.791597346019
53933.215066786004 4357.841961468993
55293.11740636049 3640.097660425513
56137.47577019475 3795.7392965912522
