13 0.8086439299354256 0.7324507185847084 0 1
14 1.2244898009136609 0.5545564411705592 1 1
15 1.205715735774059 0.5719943555605238 2 1
16 1.2511105741921424 0.5305078179114983 2 1
17 1.3694138372739646 0.4769804138672051 3 2
18 1.4614720311180394 0.37666816799843517 3 2
19 1.8276243097552731 0.060243130137847836 3 1
20 1.861086046749656 0.0242607235090767 3 1
21 1.3168436562887882 0.5585676709617579 3 2
22 1.8004817401954876 0.11374228929488508 3 1
23 1.7086606983789192 0.19063771396769436 3 1
24 1.7049534436904779 0.20765796648313767 3 1
25 1.4936735764941034 0.2867504670664574 3 1
26 0.8494684792383778 0.7339037641924822 3 2
27 0.9758291509694716 0.6982677777331334 3 2
28 0.8820129908581222 0.6513629473476894 3 2
29 1.8297476786236917 0.06735287415733694 3 1
30 2.1812829024313816 -0.003578718753765989 3 2
31 1.696560811308892 0.15112270729939692 3 1
32 1.6266779614763127 0.2907362708375621 3 1
33 1.4302866078280205 0.46242630981825256 3 1
34 1.218363923412202 0.4554693552409615 3 2
35 1.386225778122296 0.26494691664819425 3 2
36 1.0451632341802473 0.6240411427935887 3 2
37 1.5506102464715488 0.3731179231510079 3 1
38 0.8191475843944875 0.6876432199870466 3 2
39 1.1835243456942877 0.5919256348571977 3 1
40 0.944283667145358 0.8550977245594417 3 1
41 1.189106743399198 0.7332202910003687 3 1
42 1.1307085310493994 0.7435043146392539 3 1
43 1.485212750183142 0.5425311116532554 3 2
44 3.196199569397587 0.3103335796464206 3 2
45 2.187517366854644 -0.1200955703365673 3 1
46 2.3059323570087793 -0.10175124596095812 3 1
47 2.283716904707732 -0.052756781268737715 3 2
48 2.5672465645058553 -0.08208213783447864 3 2
49 1.859684539202644 0.1244631709376236 3 1
50 1.7155455287255563 0.18777664430618649 3 1
51 1.0549740376485621 0.42446137612847545 3 2
52 1.4077170194695316 0.22222952921777336 3 2
53 1.4516594892141814 0.3704118545284747 3 1
54 1.5570215315676394 0.31158549622279225 3 1
55 1.458514509904841 0.3379128353474442 3 1
56 1.436873132441269 0.2858592115268403 3 1
57 1.8423548382337183 -0.05602317330435901 3 1
58 1.995387198115404 -0.2707760970443591 3 1
59 1.8684111897397235 -0.17526440307638705 3 1
60 1.9206179186233685 -0.004590325914951316 3 2
61 1.812987308909169 0.17920089499102357 3 2
62 1.8526282002473806 0.007101268501695545 3 1
63 1.826788886171637 0.03657419914865245 3 1
64 1.690216323307582 0.19877566440852998 3 1
65 1.6130404172270438 0.07126706395558152 3 1
66 3.8557148697553387 -0.2845638404596296 3 2
67 3.457483875571503 -0.39257217850229814 3 2
68 2.714397682758243 -0.08843860300564166 3 2
69 2.1278240455103115 -0.42607652898910564 3 1
70 2.957145402269865 -0.36110856767174027 3 2
71 1.3215387438432318 0.12329190691788187 3 1
72 0.8372142686389328 0.6021826088514505 3 2
73 0.8540289041108924 0.7095072414414425 3 2
74 1.1622540881346364 0.5592676991669884 3 2
75 1.5886707859075857 0.20042089785847836 3 1
76 1.8270936175438877 -0.018890714228962567 3 1
77 1.7247891517719411 0.1745755411814102 3 1
78 1.4557878489634435 0.44119282860063064 3 1
79 1.3862901099074634 0.3094280500459587 3 2
80 1.2990982152878843 0.6421985848959596 3 1
81 0.9322138820390711 0.74672101641058 3 2
82 0.8099535336776533 0.765348210764558 3 2
83 1.8471613863119547 0.3442544411192796 3 2
84 3.149557387663659 0.037264542158454185 3 2
85 1.906015310064662 -0.056007799218743444 3 1
86 1.7836992113201102 0.03484009092842788 3 1
87 1.2997241948759024 0.3878353911618013 3 1
88 0.9277314264820511 0.7407248094184745 3 2
89 0.8193862303945103 0.7528408516345634 3 2
90 1.5304081777408767 0.4013792173907704 3 1
91 1.1902781021436128 0.5673286462650495 3 2
92 0.7743749227761176 0.7535149397872395 2 2
93 0.8046041308093672 0.821712619129711 2 1
94 0.7488058687082528 0.8811083253267821 2 1
95 0.667706823859259 0.8412552875270198 1 1
