2 1.7678674875947529 0.34062376405015954 0 1
3 1.4297929447801723 0.1854036190588721 1 1
4 2.2988031587706175 -0.17706468524974672 2 1
5 2.4350149248784465 -0.2556538217100081 2 1
6 3.9978659677117774 -0.2926345417928888 3 2
7 2.3752840210556894 -0.09768867723667864 3 2
8 1.4261625430711913 0.29570247003237654 3 2
9 1.8423615450718938 0.08251540907388338 4 2
10 2.6380991529950686 -0.026137260311464842 4 2
11 2.279130494445429 -0.03146656951873193 4 2
12 2.5327751868615014 -0.16096130671987333 4 2
13 2.871457364223361 -0.2982383240002751 4 2
14 2.288388989725667 -0.048920252710562794 4 2
15 2.2284841728148512 -0.005852853620403972 4 2
16 1.6436969420224106 0.20376028466198118 4 2
17 1.6954318497183838 0.15532406171959715 4 2
18 2.3942988162087806 -0.1134858036630204 4 2
19 1.7334235275251677 0.21427535777102796 4 2
20 1.4306920810423005 0.29724335126034296 4 2
21 1.7344340553043889 0.16965390420853502 4 2
22 1.1231952973634742 0.6085889857031541 4 2
23 1.5502958355405436 0.31328342974148665 4 2
24 1.5554723259536534 0.36522663468868 4 2
25 1.7391067991697833 0.24789118859450163 4 2
26 1.0499755778021278 0.5903814176664288 4 2
27 0.931079962949668 0.7060077826672446 4 2
28 0.9380442121074895 0.6847722526863763 4 2
29 0.8181651131083365 0.7173223571372601 4 2
30 1.2862931551604042 0.5914066557508204 4 2
31 2.3903937507065205 0.18088736697140026 4 2
32 1.7588641715199724 0.19436789722305675 4 2
33 1.5824468695668887 0.24381398626427492 4 2
34 1.3795592831396277 0.3740268630367978 4 2
35 1.915591289417895 0.33681301342951714 4 2
36 2.554628912196021 0.05127707837014909 4 2
37 1.372218009832154 0.3086359637766202 4 2
38 1.115633512061617 0.4930607514226677 4 2
39 0.6543661175390616 0.8932227989094117 4 2
40 0.5274588321244851 0.9240478422294371 4 2
41 0.578863949165421 0.8946631996252841 4 2
42 0.8358464461347674 0.8084907105958721 4 2
43 1.639971018948815 0.28974147860579724 4 2
44 3.0738371558720363 -0.22163258503289912 4 2
45 2.6027841908732565 -0.02325103738318699 4 2
46 0.9869552781475086 0.6868397998102508 4 2
47 1.2007513060036947 0.7341777252100482 4 2
48 2.4105296288641096 0.17436886347811978 4 2
49 2.170369155939478 0.10142286911147794 4 2
50 1.4763456599840898 0.21314134307948918 4 2
51 1.4178406105893089 0.35607941599201837 4 2
52 1.678177849396655 0.18120199840319717 4 2
53 2.03858972148047 -0.015560276874715093 4 2
54 1.7319534521063629 0.11283975539215733 4 2
55 1.6299606435807217 0.213274876478147 4 2
56 1.434040485573524 0.2920575840544684 4 2
57 1.8997503565084104 0.3485857912203511 4 2
58 2.5822797353966758 0.18858137535686423 4 2
59 3.75243319738232 -0.011674573974355661 4 2
60 4.135519109763158 -0.08521462813078741 4 2
61 3.630227723894203 0.010067743741882039 4 2
62 1.292854125140133 0.6045703094261204 4 2
63 0.988046286805865 0.7044832347607876 4 2
64 1.362655021290898 0.4921538315924355 4 2
65 1.1746465410934857 0.6649946843940512 4 2
66 2.42360510361977 0.1237773099836281 4 2
67 2.226621559760339 -0.0600791315204381 4 2
68 1.9261391805233474 -0.0533344826562476 4 2
69 2.6305356988003723 -0.14470212983668485 4 2
70 3.61264673458766 -0.23335721643401575 4 2
71 2.7598057019833906 0.06200767297573007 4 2
72 2.0315776561920407 0.21270436508896223 4 2
73 2.911252097604093 -0.3351701462672044 4 2
74 2.83941754369782 -0.25723433228755743 4 2
75 3.3229853593170606 -0.2965050082513812 4 2
76 2.5075325170867435 -0.08303429423353574 4 2
77 1.3668901003566294 0.37821029311700477 4 2
78 1.3118369593530481 0.4422485466223364 4 2
79 1.5337562633115365 0.3130736265036948 4 2
80 1.359787343869427 0.4305712527063179 4 2
81 1.063611285515928 0.6184362189378617 4 2
82 1.9550826051878376 0.21871210025294224 4 2
83 2.6632983373258643 -0.026478399017969854 4 2
84 0.5126190757796678 0.9101063546798462 4 2
85 0.8750237040091271 0.6424101963337785 4 2
86 1.3670220318882293 0.4384470566469545 4 2
87 0.7210673307764175 0.8075136198447204 4 2
88 0.4235657053848394 0.944934158612647 4 2
89 0.7888340183093696 0.7739399079026678 4 2
90 1.8606841125270135 0.3768600156933348 4 2
91 1.6147853303394823 0.6114898296846327 4 2
92 0.8176880650057159 0.7484637966748598 4 2
93 0.8951412266793088 0.8627485107384408 4 1
94 1.0173596728966183 0.6706208849471293 4 1
95 0.9185737219487349 0.729044540484843 4 1
