8 2.689529135207102 -0.1133887488723367 0 1
9 2.0500553567949096 -0.05216549828658888 1 1
10 1.939420007353334 0.013473235186453186 2 1
11 1.5138063042533414 0.3130674459344854 2 1
12 1.3429681468222174 0.39254939073700795 3 2
13 1.721298453216889 0.2614297191504768 3 2
14 1.1578167496254723 0.5054310306065963 3 2
15 1.2037306411437596 0.3353285670965031 4 2
16 1.4791109658892374 0.22252359764770943 4 2
17 1.3614766827442102 0.3382371735985146 4 2
18 1.4415217993916158 0.42330120510101327 4 2
19 1.442644018681488 0.32582996664159486 4 2
20 1.5753305434838163 0.2125521644068854 4 2
21 1.1200652980905543 0.6020177967583673 4 2
22 1.071048625450656 0.6363204453956522 4 2
23 1.077662883621283 0.6130298499943587 4 2
24 0.9939077809348893 0.6604529084660479 4 2
25 0.934685829247103 0.7004483313871888 4 2
26 0.8354290470888666 0.7719771376320045 4 2
27 0.7622282331767734 0.8245666589538662 4 2
28 0.6987501747394163 0.8529540718069062 4 2
29 0.7270480146212579 0.8379148044734814 4 2
30 1.235778218795386 0.5930005685385875 4 2
31 3.3892015330829377 0.3508237780994408 4 2
32 3.947427773355992 -0.04461288110614443 4 2
33 3.260079666739749 -0.03197977187070347 4 2
34 2.834053294947976 0.1550611143792824 4 2
35 2.8272898550792336 0.1338690767567295 4 2
36 2.457129404689539 0.20257636656403763 4 2
37 1.8267299878944518 0.26752883705929376 4 2
38 2.134949942152761 0.08520759665118009 4 2
39 2.1322916750065675 0.1049695028865413 4 2
40 2.069755054025536 0.21529459216902577 4 2
41 1.1461638455053755 0.6377148639948486 4 2
42 1.2022799946868599 0.5972517897829869 4 2
43 1.162629766423831 0.632044666756062 4 2
44 1.0797564173971912 0.6821767308311004 4 2
45 0.9925944840633356 0.7222715945195837 4 2
46 0.9446223453971578 0.7352540500735496 4 2
47 0.7629875900324903 0.8406149696455748 4 2
48 0.7567175252656897 0.8427116323713387 4 2
49 0.7312395974165984 0.8473430833625513 4 2
50 0.8278346902360898 0.6943755640714362 4 2
51 2.195741302505671 0.0790688057926653 4 2
52 1.9584336067732977 0.0868379780366938 4 2
53 1.0706861940303956 0.49532420151063566 4 2
54 1.1561515283505859 0.4919024852635333 4 2
55 1.2275466385746867 0.46046942967948634 4 2
56 0.9557570509257634 0.6672421644829994 4 2
57 1.4823099530926376 0.4664887749969673 4 2
58 2.382697594567153 0.16269180422598828 4 2
59 1.2936807443953562 0.6055890493088829 4 2
60 1.0078801497741727 0.7414013264881315 4 2
61 0.9424708564863629 0.7424582402376882 3 2
62 0.8930129474656887 0.7419847872792151 3 2
63 1.1896102783637712 0.5850838276317314 3 2
64 1.3920760069079607 0.587495792360518 3 2
65 0.9636154611102734 0.725812025287315 3 2
66 1.5551183922331901 0.22275811106320573 3 2
67 1.0090797883433078 0.5545654924025258 3 2
68 0.8637515362984001 0.7735429878076201 3 2
69 1.5653738991936352 0.40525157638835385 3 2
70 2.1543468670621104 0.1417085142666964 3 2
71 3.371044150664874 -0.4223592085083068 3 2
72 3.581719178666809 -0.39910790612686786 4 2
73 3.4233769194473034 -0.1791042168901415 4 2
74 2.415294504159098 0.08011057176481018 4 2
75 2.603504073028457 0.06517319203045858 4 2
76 1.6813541901231934 0.3843230914272289 4 2
77 1.7303520456004042 0.1666647716737312 4 2
78 1.3590099271651281 0.4664622780507899 4 2
79 1.2805352441271243 0.49202357920821466 4 2
80 1.1335194159809596 0.631371547167393 4 2
81 0.9597071143253828 0.7463002778587272 4 2
82 0.8159897374684464 0.8138233522360694 4 2
83 1.0601381195000883 0.617090575653065 4 2
84 1.2051421544512717 0.5657529633138959 4 2
85 0.9802520801923515 0.683057640698922 4 2
86 0.9974957750339053 0.6797826706737646 4 2
87 1.0064771449534566 0.6846800847900709 4 2
88 0.9137222417293849 0.7211019384380828 4 2
89 0.6265522062592179 0.8630067401331635 4 2
90 0.3949451049689321 0.9368315499000378 4 2
91 0.9167132723343654 0.7363767128780122 4 2
92 0.9218384353884241 0.7270823009950425 4 2
93 0.9027611531321149 0.825408363193909 4 1
94 0.9083013166693821 0.8406786141042195 4 1
95 0.8984104182277113 0.8522622939011933 4 1
