13 0.7736014630751722 0.7285405483455405 0 1
14 1.2899595051228472 0.4461680280960286 1 1
15 1.6073438127753956 0.26629318344063807 2 1
16 1.518841192290286 0.2350500508709887 2 2
17 1.6865902927456258 0.17661693499213243 2 2
18 1.6717774405833108 0.14061481158183076 3 2
19 1.4936655385302853 0.26179128376956645 3 2
20 1.9025451748771882 0.06776753466952483 3 2
21 1.875636389039534 0.07872116027064072 3 2
22 1.9297490595773414 0.07725233932254873 3 1
23 0.8375703713537321 0.7606606162821047 3 2
24 0.4734308806224661 0.9296210683447421 3 2
25 1.62040082215416 0.1213151751776669 3 1
26 1.6108438892322985 0.01763183333200274 3 1
27 1.709221006701056 0.18399862276972095 3 1
28 1.7362610676273809 0.21578891149625717 3 1
29 1.6517052531926044 0.20136763405953234 3 2
30 1.2976669695141814 0.35217839833078207 3 2
31 1.4685260177930823 0.4348763782180783 3 1
32 0.6419050045180494 0.8268396609300629 3 2
33 1.9085980148461932 0.3287681149708246 3 2
34 2.0726838015826896 0.2691048246438632 3 2
35 1.6317642713065803 0.2344669608894847 3 1
36 1.9920435372040313 -0.01780811304620935 3 1
37 1.769252665098362 0.39382788449630163 3 2
38 0.9686723107279835 0.7302125054198265 3 2
39 0.6588175474923625 0.8728336372530643 3 2
40 0.5620181523699843 0.8755442297463994 3 2
41 1.0001902094612536 0.7040614201950813 3 2
42 1.1589398017773789 0.5445015254604301 3 2
43 1.4113271340552407 0.4829011489868954 3 2
44 0.8412614098640647 0.7167056972818985 3 2
45 1.7063073893996288 0.12523867035034736 3 2
46 2.4105907248140293 -0.12196407673193513 3 2
47 2.1821443975645805 -0.03814972016528206 3 2
48 2.8604911964285638 -0.11630339161241081 3 2
49 1.8777424777560832 0.07051122347951466 3 1
50 1.2074210464397908 0.4382699200083983 3 2
51 1.0730968779116674 0.655605037873769 3 2
52 0.8904830898865601 0.7392601645041309 3 2
53 1.0296270189972594 0.7659892690269554 3 1
54 0.612895033869786 0.8509926002516314 3 2
55 0.8310325798258784 0.7191783703543836 3 2
56 0.6354230173387085 0.803118185551277 3 2
57 0.9876332208191325 0.7584507707058299 3 1
58 0.8812521882847264 0.7645807298541835 3 1
59 1.7483471223405305 0.11596348058404495 3 2
60 2.3805412465593845 -0.06098561977670826 3 2
61 2.6665535525435455 -0.12434400439732116 3 2
62 2.4655335030255197 -0.057879430714275475 3 2
63 2.278189357841577 -0.013286551388830666 3 2
64 1.4848621137665114 0.340321758165439 3 2
65 1.3944753396230203 0.32957325449484665 3 2
66 1.4012517125093682 0.31845366699334604 3 2
67 1.4422660361232449 0.3376104058288163 3 2
68 1.3381688224748816 0.41846292005024915 3 2
69 1.067535903152276 0.7410865304216734 3 1
70 0.9195813222540119 0.8526818467628862 3 1
71 0.827485629202326 0.800838267313388 3 2
72 0.7217767430897828 0.8421319109911684 3 2
73 0.677220817582465 0.8110119303686795 2 2
74 0.6382868335787899 0.8441873502173691 2 2
75 0.6396736539551915 0.8551970416524073 2 2
76 0.4774685994310266 0.9360880291689401 3 2
77 1.6453966131660378 0.5330642534803597 3 2
78 1.6372391829805908 0.15321226235871124 3 2
79 2.1187931392298784 0.0022859709549954035 3 2
80 2.015569963530041 0.009922392028401186 3 1
81 2.030939683377049 -0.002245814895790002 3 1
82 1.6735857646933168 0.12127675859632282 3 2
83 1.0894761635249752 0.5818879985974573 3 2
84 1.2973776877746692 0.4467819495123517 3 2
85 1.6495838926130943 0.2654217733785456 3 1
86 1.5777308146675004 0.2969231526327015 3 1
87 0.9900921166389747 0.5946296526421718 3 2
88 0.8914040842025255 0.6554452569767809 3 2
89 0.3414721640574827 0.9457785159148426 3 2
90 0.9770181798717088 0.8136138252726622 3 1
91 0.8988465527615022 0.8608651774764134 3 1
92 0.4039876265709985 0.9395490461693208 3 2
93 0.8252717105295897 0.8939339704242909 3 1
94 0.8070274212376471 0.8947346231347649 3 1
95 0.7987942309119118 0.8917016752058847 3 1
