8 1.4652019994241572 0.36957202534817774 0 1
9 2.294600703076571 0.001924040294444285 1 1
10 2.2562792383360346 -0.09675367554938122 2 1
11 2.36442347662061 -0.15589412264165592 2 1
12 1.878250830071864 0.04375873796620809 2 2
13 2.151256098915324 -0.029847986891337937 3 2
14 1.807930412236411 0.12492797102548124 3 2
15 1.6221799975755964 0.17285761289442947 3 2
16 1.4105697246062894 0.26026611172373115 3 2
17 1.5318518736016156 0.24597202577152122 4 2
18 1.1805607723714386 0.5622746926294145 4 2
19 1.2483606392354432 0.5179931290830782 4 2
20 1.3640204057180885 0.4377709961001559 4 2
21 1.3402753116894504 0.4908228884578364 4 2
22 1.2463105845916909 0.5482604317975245 4 2
23 1.238661398163444 0.5770862534689165 4 2
24 0.9503758789620278 0.670685546438971 4 2
25 1.0043147450731338 0.6444835018049709 4 2
26 0.9076321538356709 0.697824801383116 4 2
27 0.857425675047117 0.7682792447455644 4 2
28 0.9691589162101151 0.7052886525425212 4 2
29 1.096213401175051 0.6367582264332664 4 2
30 0.9685748846207556 0.6652954323958074 4 2
31 2.2718037771727912 0.1897056504847642 4 2
32 2.402578465886151 0.09613249228532722 4 2
33 2.0011017697992424 0.12454282846776253 4 2
34 1.586640331331746 0.31224860663559606 4 2
35 1.5423131756589274 0.31541588881520854 4 2
36 2.06239176118825 0.16483510334777826 4 2
37 1.2788715263823898 0.5148158225417239 4 2
38 0.8984316799486143 0.690906327649471 4 2
39 0.535359034698411 0.9050697950132186 4 2
40 0.5234002625012151 0.877962727616243 4 2
41 0.8961090336219195 0.7089136340671537 4 2
42 1.6895801239807566 0.30431690678635426 4 2
43 0.8058919398993023 0.7886946358986747 4 2
44 1.005922175182815 0.7283923294659658 4 2
45 1.2631761521343607 0.6818353712110136 4 2
46 0.6751933145098468 0.8367321338425904 4 2
47 0.8106046372853761 0.8005810115306442 4 2
48 1.7899516387514884 0.42640281387189255 4 2
49 0.6573275975297097 0.8438601434348549 4 2
50 0.5420709931363632 0.8914571405057224 4 2
51 0.8186391425178501 0.7196329118697831 4 2
52 0.9992107442146523 0.6086007782188368 4 2
53 1.1742649210718863 0.4415592169275848 4 2
54 1.5596499934365227 0.191748696161755 4 2
55 1.6264813503353759 0.16462630391789027 4 2
56 1.5179241526604406 0.21198942878524837 4 2
57 1.3859409740663544 0.2855761982439843 4 2
58 1.2016582112968006 0.40557426566921084 4 2
59 1.0309849210006972 0.5847170681824735 4 2
60 0.6481786649687704 0.8688713372205873 4 2
61 0.7321597146159275 0.7562044853649477 4 2
62 1.1729387791211083 0.48652504123590934 4 2
63 0.6804648107820235 0.8258262623408776 4 2
64 1.1963618803757754 0.5381169889731188 4 2
65 2.0601220006981267 0.15084598970607588 4 2
66 2.6584149957966483 -0.08765101486107121 4 2
67 2.8596765520783958 -0.11923245236868672 4 2
68 3.5484134624613866 -0.24550393980197538 4 2
69 4.222380400905945 -0.22971706050406004 4 2
70 3.1898496531281344 -0.19346337438183675 4 2
71 2.663799238871083 -0.12844424665398124 4 2
72 2.132998207513789 0.06429057504757091 4 2
73 1.79369232980748 0.2554540388711787 4 2
74 1.6567490794488977 0.24564322026919191 4 2
75 1.7751239185805323 0.2251135619084642 4 2
76 1.6569001620422092 0.283413820545663 4 2
77 1.4787018721416514 0.34523392369831146 4 2
78 1.3114338612361083 0.44653835173731454 4 2
79 1.2658385920632131 0.48151210031273495 4 2
80 1.0332366110117022 0.6514084985051702 4 2
81 0.7875253502579218 0.7868335407399045 3 2
82 0.8376368535284415 0.7710065466037627 4 2
83 0.8711623148808165 0.7338851040652629 4 2
84 1.1132363631199045 0.5842705947502548 4 2
85 1.1219454065774652 0.5666546155341438 4 2
86 1.0314225362516165 0.613887973534737 4 2
87 0.9434142036472961 0.6745745104699935 4 2
88 0.773251427678515 0.7601746907415566 4 2
89 0.6424757491916147 0.8161038607964742 4 2
90 0.514057307859173 0.8787287222244257 4 2
91 0.547271810336821 0.8721431430350035 4 2
92 0.5182409959347245 0.883770550435015 4 2
93 0.9558838311872808 0.8264764535009734 4 1
94 0.944554643493051 0.8297155020172929 4 1
95 0.9379179454206907 0.8316766021549161 4 1
