8 1.1056539088891197 0.6007602552432646 0 1
9 1.744935801446628 0.13013117063485616 1 1
10 1.7996957830526306 0.1530895913431567 2 1
11 1.6891202247018606 0.13948206371958757 2 1
12 1.6050754717393954 0.1542360313496421 2 2
13 2.1108597137109584 -0.055974314792153514 3 2
14 2.2475607271135436 -0.03950433103668863 3 2
15 2.2001302615543885 -0.035337618247563984 3 2
16 1.9034044706190238 0.03939252411622155 4 2
17 1.521784276158459 0.1530609437399283 4 2
18 1.5545298674895536 0.14967078808934234 4 2
19 0.5591946071533069 0.7425147264790647 4 2
20 1.8973091549629597 -0.01038683728986908 4 2
21 1.8579093469309402 -0.01479973427566778 4 2
22 1.687639922701221 0.04190125351788879 4 2
23 1.466370567808747 0.17250327483677028 4 2
24 1.4979998583180398 0.27761433575689154 4 2
25 1.346515398360804 0.41869767093584237 4 2
26 0.7837158887984845 0.8022894603660525 4 2
27 1.2188343515515783 0.5119026934335522 4 2
28 1.5012713132635014 0.28422481436212454 4 2
29 1.107181092741894 0.5315532672001126 4 2
30 1.3904347404949844 0.34581194246605135 4 2
31 1.3986836187759337 0.35953830004767257 4 2
32 1.409760010338088 0.3580965255506638 4 2
33 1.7666527462190107 0.22450227760413474 4 2
34 2.584124155844032 -0.01800638078518397 4 2
35 2.688018236662203 -0.12922122985680634 4 2
36 1.8517529683376015 0.15681018497880667 4 2
37 1.5476074198513041 0.20240354255855816 4 2
38 1.9877498216818834 0.05274018094645117 4 2
39 3.198364529943338 -0.17953083939612788 4 2
40 3.4222008132228012 -0.15427476027461717 4 2
41 3.1507521650508856 -0.05113418802649874 4 2
42 1.1855443893954707 0.43534595339836885 4 2
43 1.5802593947554602 0.1419761140222181 4 2
44 1.5752098544814812 0.1543444992262097 4 2
45 1.8273676450392715 0.11669782656480661 4 2
46 1.8359936059557214 0.152041516462794 4 2
47 2.1389967025306866 0.06280017676091185 4 2
48 3.0258697666522094 -0.11718095308188044 4 2
49 1.8880869713637685 0.20459891749256834 4 2
50 1.131137441741843 0.6240419374892259 4 2
51 0.8522904232601327 0.7745939129086449 4 2
52 1.0070017889927527 0.5454508570305312 4 2
53 1.8667557576112284 0.024870486308997963 4 2
54 1.5397442628868978 0.23757885040523985 4 2
55 1.4173425437051286 0.27256319222559944 4 2
56 1.4339367091458852 0.20108689682197872 4 2
57 1.5896696377156259 0.14048926009237278 4 2
58 1.3286912775243858 0.3075573467889925 4 2
59 0.9986075901641698 0.675968340963735 4 2
60 1.101492248627598 0.6491293552319728 4 2
61 1.0483645837737727 0.6295472604606313 4 2
62 1.4385907811435423 0.24423911773108747 4 2
63 1.9237341405361308 0.11239360252265387 4 2
64 1.7544898414033279 0.03238085742867929 4 2
65 1.9047260423410348 -0.038069316359026696 4 2
66 2.140358483763915 -0.03688677855370285 4 2
67 3.2926802145903284 -0.21173983493694515 4 2
68 2.2125675298152707 -0.11646555592395846 4 2
69 1.9263301032803524 -0.02165691346890325 4 2
70 1.9045181886711688 0.02755522285786249 4 2
71 1.3245808059565132 0.3538041951407679 4 2
72 0.8551710529765337 0.7034818912157081 4 2
73 1.1814079690157469 0.29238317172155737 4 2
74 1.729811200746619 0.07422429133060604 4 2
75 1.781339054779444 0.10667873444008899 4 2
76 1.620441203961433 0.10848202002993822 4 2
77 1.7722448936159063 0.016946044124038988 4 2
78 2.103255382346366 -0.06472241454967625 4 2
79 1.9066185254024486 0.047413868628645224 4 2
80 1.1828472425293288 0.5299777544626906 4 2
81 0.9298794065716836 0.7230984357476243 4 2
82 0.7370649270553518 0.8327967999935204 4 2
83 0.730479448968782 0.8481030777954547 4 2
84 0.7162098669779846 0.8637008307408615 4 2
85 0.6467549742155887 0.8803347785361814 4 2
86 0.5561782209222033 0.9152270215947199 4 2
87 0.6037798232722134 0.865301271848675 4 2
88 0.5433910095633596 0.8850090810117851 4 2
89 0.8255222975506884 0.7853373751822097 4 2
90 0.7071678557789554 0.8349898046729232 4 2
91 0.5012652541657898 0.8783015877848657 4 2
92 0.47764738813735264 0.8883570612778815 4 2
93 0.8477876228818007 0.8833652203534347 4 1
94 0.8203621464094111 0.8831767020429937 4 1
95 0.8595712651503344 0.8360154949581958 4 1
