18 0.678498167149451 0.8244715306943748 0 1
19 1.0540067392924772 0.5441685935207149 1 1
20 1.612276888236189 0.009172686083749423 2 1
21 1.4467194180844407 0.10450112983408075 2 1
22 1.9093934189208879 0.0032770645158696717 2 1
23 1.9631521680015132 0.028710231969486633 2 1
24 1.8192823073194129 0.13669122542562553 2 1
25 1.4498242551688492 0.4238161332661073 2 1
26 0.9321989946353151 0.856775752875283 2 1
27 0.900439849681514 0.8756532926412213 2 1
28 0.8357203588946298 0.8876166950692556 2 1
29 0.9747043508362649 0.5857506053775868 2 1
30 1.7900361170071095 -0.012357966451776172 2 1
31 1.9441065349371343 0.008976694030112621 2 1
32 1.919433600961412 -0.02956082824272346 2 1
33 2.071122952800808 -0.06852135923506421 2 1
34 1.5924770692110322 0.2550161012691355 2 1
35 1.6552505974481573 0.16339907870373552 2 1
36 1.9746921595585532 0.03429272493742656 2 1
37 1.878888464142383 0.09210127631007149 2 1
38 1.8814260879129883 0.11684726700983758 2 1
39 1.294823987138229 0.5513073269422274 2 1
40 1.0846936590025118 0.6989006589903728 2 1
41 1.2949068764111207 0.5535420571751376 2 1
42 1.3479264881445117 0.5422799381756784 2 1
43 1.2472017584870931 0.6017580744466904 2 1
44 1.1073266822059438 0.6739819728613273 2 1
45 0.7679313190465198 0.8743781340756478 2 1
46 0.7974676603699011 0.8970722376640864 2 1
47 0.7874989817395743 0.8946998689641121 2 1
48 0.8331865208912586 0.836037246977395 2 1
49 0.7377443670891548 0.8934438234481709 2 1
50 0.7075184186762531 0.9011883857715992 2 1
51 0.9783548915555933 0.6632129013317897 2 1
52 1.3602108513191435 0.36088392152448207 2 1
53 1.9524447679342494 0.0040915757093810306 2 1
54 2.176399461979507 -0.06013513546688181 2 1
55 2.1925838931110846 -0.03710777270522291 2 1
56 1.8267497533436714 0.11789958722545665 2 1
57 1.1798133402865307 0.5613520534202361 2 1
58 0.7038247506750963 0.9036380884753803 2 1
59 1.1882644248029797 0.4356899863899313 2 1
60 1.6636976805296193 0.11060280141673902 2 1
61 1.7188621884431665 0.09496387557791808 2 1
62 0.6588815082910822 0.7867882251764043 2 1
63 1.408410157991046 0.26390667824122227 2 1
64 2.0183348173295794 -0.10590965197565817 2 1
65 2.19637659254753 -0.20380010082372324 2 1
66 2.0089186677182447 -0.0212038022716763 2 1
67 1.8985510943205837 0.12834902770405934 2 1
68 1.8437320387611411 0.0852090497971468 2 1
69 1.822869687623915 -0.01758751647127118 2 1
70 1.4970864856519928 0.17070756935738013 1 1
71 1.6072806124476262 0.1154346245607592 2 1
72 1.399155243046362 0.3887432231866687 2 1
73 1.2580488165438126 0.3997409724288562 2 1
74 1.7096384250572498 0.039375468475327094 2 1
75 2.1456605374182756 0.010420800649992358 2 1
76 2.328552854835144 -0.07469905563690851 2 1
77 2.1579933645151304 -0.02284528711109424 2 1
78 1.3049124897260205 0.48981426835124703 2 1
79 1.11579118229057 0.5224293942059013 2 1
80 1.6535776609855422 0.24390057681705848 2 1
81 1.6925070491533685 0.211944913913854 2 1
82 0.8755104713641488 0.7259549991767816 1 1
83 0.6387280161703321 0.854197807944359 1 1
84 0.9055002658828979 0.6851511843069129 2 1
85 1.35784939100368 0.3613830111490259 2 1
86 1.7983317345283103 0.11642783406147952 2 1
87 1.7819200567249052 0.1445044575845431 2 1
88 1.4072466718430228 0.3863560183453177 2 1
89 0.8883684178772899 0.7868614844454167 2 1
90 0.7589924059147632 0.8836167039169517 2 1
91 0.7624546793081439 0.8876795565025521 2 1
92 0.7674963783110185 0.8883245513028036 2 1
93 0.7336801646805284 0.8961373650391825 2 1
94 0.7196604914206173 0.8913902876178602 2 1
95 0.6944938884209595 0.9050025900090922 2 1
