13 1.387809020536352 0.4553384705926213 0 1
14 1.5238900721758935 0.24588050389503058 1 1
15 1.6385983601838854 0.1992234054668527 2 1
16 1.3337060215002365 0.5217537120855297 2 1
17 0.7012756332599626 0.809593219737927 2 2
18 0.6778961009021236 0.8291711489866782 3 2
19 0.5886121907998456 0.886216146625261 3 2
20 0.8131694337928002 0.7467256775821451 3 2
21 1.1007174496877248 0.42970506367495925 3 2
22 2.0301295678742957 -0.03498533950340152 3 1
23 1.8147617072289215 0.05774846406606046 3 1
24 1.6048682796067952 0.28612489168013944 3 1
25 1.3987356218319729 0.45230183797017515 3 1
26 1.2707849031789342 0.5642213639810442 3 1
27 1.293598032331344 0.5521521315834412 3 1
28 1.2403122566502356 0.5950481499129614 3 1
29 0.6351452686915984 0.832779099010075 3 2
30 0.38666183360105855 0.9256107435712069 3 2
31 1.2765394169207518 0.4440599257761599 3 1
32 4.738516161423763 -0.02001501304153803 3 2
33 4.5389851484511645 0.02220954797773195 3 2
34 2.709486463470319 0.15571515718448628 3 2
35 1.7120825071196295 0.2539023362891956 3 1
36 1.5571534173130912 0.2581878433372995 3 1
37 1.0021342526050674 0.6881124232962692 3 2
38 0.8436288254420861 0.779563055760111 3 2
39 0.840046449982359 0.8080420628841597 3 2
40 0.742492676820838 0.8329043129517213 3 2
41 0.7163681463091853 0.8650570449768228 3 2
42 1.1829465063653313 0.6562411509588617 3 2
43 1.3703082122100314 0.6076956046619593 3 2
44 0.943582912524243 0.7412525210449696 3 2
45 0.900947107878161 0.7179617453167189 3 2
46 0.8521905380785473 0.7786593569495298 3 2
47 0.8323618329593314 0.7886512351196461 3 2
48 0.42001994719344804 0.9092804098220334 3 2
49 1.1873303238438169 0.7255568214035483 3 1
50 0.5477295854401625 0.8993201297683469 3 2
51 0.6529464657334731 0.8703865396573518 3 2
52 0.460413354302176 0.9342623914675399 3 2
53 1.104310453462392 0.7370921343553096 3 1
54 0.7900769997245689 0.8152299898047104 3 2
55 1.680136354633981 0.4894064830039553 3 2
56 0.9800101151924334 0.5188112118229965 3 2
57 1.7966686726768346 0.03641614145254247 3 1
58 1.932737133543963 0.06244287013780444 3 1
59 1.8412922843439192 0.061421704870279696 3 2
60 2.0832849302211223 -0.018329963337529346 3 2
61 2.0768864262726154 -0.02190818364661682 3 2
62 1.5302268778914971 0.33977884388976537 3 1
63 1.6058012228489202 0.3295179098919997 3 2
64 1.3593626741054923 0.5001904927729677 3 2
65 1.743947584662794 0.2817873085294998 3 2
66 1.5140143994414013 0.4872550246477646 3 2
67 1.1676114979021488 0.6287279844201986 3 2
68 1.815301131609087 0.30668549924558003 3 2
69 1.7230038849258342 0.15865867334962822 3 1
70 1.7831098424410277 0.11130026601902501 3 1
71 1.3827033924210577 0.5190267163168302 3 2
72 1.56941271721446 0.4695501450563306 3 2
73 1.5574539791908357 0.36178910722362595 2 2
74 1.3689876526932956 0.43495355962564247 2 2
75 1.330154090922715 0.4774118857615923 2 2
76 1.60635700818609 0.30183794529613645 3 2
77 1.7665785783221093 -0.026804219635508896 3 1
78 1.8459521106298915 -0.05102018081697485 3 2
79 2.836588395698218 -0.04643153279050985 3 2
80 2.1257327929397016 -0.18950007605195213 3 1
81 1.9351656294873054 -0.08241309229260951 3 1
82 2.309017921052739 -0.09427246333445961 3 2
83 2.175980082663509 -0.05334681090638226 3 2
84 1.6468714515369989 0.14058349248503718 3 2
85 0.8072537587720774 0.5834073697442972 3 1
86 1.4952777607777685 0.33555635000480216 3 1
87 1.1479947693216683 0.5168262892024653 3 2
88 1.3050282587772424 0.3870730194779545 3 2
89 1.0477118891927812 0.6374941790393241 3 2
90 1.5453107341751986 0.3202538244185611 3 1
91 0.9249532616440499 0.8551977073788495 3 1
92 0.4717038220516576 0.9402213081264456 3 2
93 0.9140506618140538 0.8531121816195268 3 1
94 0.9224795007743651 0.8070797888310681 3 1
95 1.0841786579059844 0.6842495758709054 3 1
