8 1.6768341654499492 0.28675725909090377 0 1
9 1.8312377598121845 -0.2724744249757773 1 1
10 1.9878963627530295 -0.45318708359431314 2 1
11 0.9754852363428492 0.6340208277016804 2 2
12 1.501592177056259 0.3002693309480682 2 2
13 1.9708872133471464 0.04754321701374383 3 2
14 1.590810183757534 0.31162450406018666 3 2
15 1.2565882153968584 0.50031723162649 4 2
16 1.1996112869111393 0.515191758239759 4 2
17 1.507919687144974 0.27818434452453494 4 2
18 1.3193564338615849 0.45655332023741174 4 2
19 1.1950723377282548 0.5078308762936441 4 2
20 1.1907422828280776 0.49388233594299363 4 2
21 0.6081825230882947 0.7786534038224336 4 2
22 1.4595563380410486 0.10712961871211607 4 2
23 2.026371940361682 0.06827404069396971 4 2
24 2.4183175243949346 0.0007292959822111014 4 2
25 2.1772891126702154 0.036415374286407856 4 2
26 1.750137301786327 0.004837342107345851 4 2
27 1.6356507395415658 0.13638260910954828 4 2
28 1.6474475504415569 0.10364022679622484 4 2
29 1.4052724346485883 0.2326750259404326 4 2
30 2.4481368317112944 -0.10427481534925878 4 2
31 1.4721353190848179 0.20342518381767713 4 2
32 3.049135485634908 -0.13749160848058864 4 2
33 3.1411181807839954 -0.2542869595179992 4 2
34 2.733079357044648 -0.0057895167415702225 4 2
35 2.617435143301849 -0.053147811216921755 4 2
36 1.7821260559388543 0.2611783388130453 3 2
37 1.4345117715827023 0.18076818797431513 3 2
38 1.7267787832348098 0.08646225795368118 4 2
39 1.030907041255749 0.49914018279977307 4 2
40 0.726857181780252 0.8333630484608984 4 2
41 1.2965001127549662 0.5334330163335019 4 2
42 1.9986174615757166 0.07297909039211697 4 2
43 2.426644040323551 -0.10692182543964761 4 2
44 2.0378077910388592 -0.01223353453630388 4 2
45 1.8223875020165732 0.04783593443642066 4 2
46 1.267997671151992 0.3682285404317419 4 2
47 1.0259413204979655 0.6564264686906903 4 2
48 1.3289668451402026 0.377168496467683 4 2
49 1.97974797860714 0.07604262480709063 4 2
50 1.8339035930761245 0.08881743024830405 4 2
51 1.6301711734043778 0.13590685197488686 4 2
52 0.9627328350956628 0.6112747901229629 4 2
53 0.7755019956757616 0.7587754793840452 4 2
54 1.7892803510210893 0.04479969106421185 4 2
55 1.9739667593966441 0.02030607191126467 4 2
56 1.6266615447620651 0.14370226460082847 4 2
57 1.6675216953134502 0.1341043879013133 4 2
58 2.353921656323797 -0.04568742092025095 4 2
59 2.110274216512966 0.029787461613805383 4 2
60 2.2130358835699173 0.17463869594611464 4 2
61 3.5149989258611445 -0.30283105521063186 4 2
62 3.7646775191682194 -0.36734051691443287 4 2
63 2.2982307424793227 0.22438444475165215 4 2
64 1.0658168934408732 0.5185835088972146 4 2
65 0.8033945226696142 0.7560409817383109 4 2
66 1.3013724488259255 0.5354691730570993 4 2
67 2.2565048597359283 -0.07190162506820545 4 2
68 2.4824838925109542 -0.09315254719017632 4 2
69 2.4870442280570755 0.11061942703010579 4 2
70 2.0469718965788113 -0.01626188639257921 4 2
71 2.0438794393879016 -0.023952347940365274 4 2
72 1.8333103551712373 0.04345056117765677 4 2
73 1.4843032778086238 0.24131255984172803 4 2
74 1.3984442067818703 0.28597493238763516 4 2
75 1.5831979445619204 0.20514733855218528 4 2
76 1.7216488790467626 0.04136387421193194 4 2
77 1.6650981406400174 0.027643780831123736 4 2
78 1.7068752757221777 0.14062744684668585 4 2
79 1.7044100241672249 0.19231935756011262 4 2
80 1.2269103209200845 0.42167504062393585 4 2
81 1.4036190078066664 0.42151344987051426 4 2
82 1.7648437214586181 0.2994222082678962 4 2
83 2.5814566429297745 0.14710660479674578 4 2
84 2.194807652327415 0.3203539999514734 4 2
85 1.9069191025525045 0.3969615007728774 4 2
86 0.8158757634912552 0.7728191444570808 4 2
87 1.2259828603949252 0.39911273987511214 4 2
88 2.07349541888712 0.008851770650195314 3 2
89 1.9179807465710077 0.0146803769308928 3 2
90 1.2954731996689857 0.23110969703492057 3 2
91 0.860189778929497 0.6644093272936169 2 2
92 1.0045357155348285 0.6103732808992005 3 2
93 1.6943274421530532 0.19394011190863658 3 1
94 1.7612915459774072 0.18844310303957343 4 1
95 1.809509211162693 0.12705231930797733 4 1
