18 1.2140627019256467 0.5417417310965902 0 1
19 0.5345606446020934 0.8425040691257077 1 1
20 1.5235982073011538 0.16420792081961771 2 1
21 1.9422577214611776 0.004343305127635013 2 1
22 1.7553306969740392 0.007145634188115048 2 1
23 1.7741019304070003 0.03164739695414604 2 1
24 1.5831132499144296 0.21271000994335695 2 1
25 1.8959685277514309 0.042709055410498596 2 1
26 1.739314412632888 0.027655216593947596 2 1
27 1.1029920465285699 0.6522654914568159 2 1
28 0.7940495562807754 0.7881923989573564 2 1
29 1.4125329979641847 0.4535336159083099 2 1
30 0.7599494831678841 0.7484527000917891 2 1
31 1.3476056312644094 0.4757163648036555 2 1
32 1.4232878309413968 0.37598107669368996 2 1
33 1.4199986069516362 0.32867163214616363 2 1
34 1.2894343124959304 0.434214478322841 2 1
35 1.607897488824455 0.06280219160707658 2 1
36 1.8760393492502292 -0.04425093916022587 2 1
37 2.12954828033649 -0.00797184660853727 2 1
38 1.6965587376821194 0.1794604323411839 2 1
39 1.3077317539218285 0.5785159528694364 2 1
40 1.0177112418892413 0.7810399088718886 2 1
41 1.4194350355380339 0.42947937313240886 2 1
42 1.6698892073977438 0.14703589313460408 2 1
43 1.0222285366016388 0.597202599474793 2 1
44 1.5977553369479516 0.20579615251647582 2 1
45 2.0495161790284593 -0.054545777223949106 2 1
46 2.010905064033386 -0.032275068993174526 2 1
47 1.8696829768388268 -0.10782721737561521 2 1
48 1.5288947460570297 0.14659482364927673 2 1
49 1.6845962185737742 0.25726150869889713 2 1
50 1.4248339532478633 0.32010659564496624 2 1
51 1.5835954235787462 0.04195842784414464 2 1
52 1.9331733566168126 -0.2656668876129845 2 1
53 1.2439686411708646 0.2655077889025352 2 1
54 1.4500452523896952 0.2839499023122108 2 1
55 1.3254472010095766 0.3770912273489158 2 1
56 1.2893271936947368 0.44049353033596816 2 1
57 1.831460787542735 0.010505869080195494 2 1
58 1.7891736355489432 0.06923781746151683 2 1
59 1.8087077731069803 0.12294442896244824 2 1
60 1.4551895998134539 0.3687910541032865 2 1
61 1.160313129994627 0.5107450022822582 2 1
62 1.3863599166543503 0.3753078978183156 2 1
63 1.8686508264370207 0.10981044820545245 2 1
64 1.6938125209960848 0.24295385596343072 2 1
65 0.7884572771621938 0.7953604549241992 2 1
66 1.3923454792746623 0.47086728910023784 2 1
67 1.6956151338707466 -0.046756432230377336 2 1
68 1.9797165782044752 -0.21488189677218666 2 1
69 1.9923127458771894 -0.017655041137967217 2 1
70 1.9434275438409356 0.027402163189029844 2 1
71 1.84314281338622 -0.024221709917861885 2 1
72 1.4575565706866813 0.20035244494162108 2 1
73 1.6253108621658452 0.19635140635236853 2 1
74 0.9020867117728244 0.7146127195751509 2 1
75 1.6014349285856575 0.2234177652856279 2 1
76 1.6080350601525497 0.270213446587517 2 1
77 1.1219329881137101 0.5970332991483597 1 1
78 1.0995792340233326 0.7015498831984249 1 1
79 0.8983217603297664 0.8472888405105293 1 1
80 1.1325645432770255 0.7338081272977656 2 1
81 1.2212981625065034 0.651625392514907 2 1
82 1.3255776606674914 0.5356177199447926 2 1
83 0.8199464804342664 0.8485585395360246 2 1
84 0.9009360384243568 0.7158059461683507 2 1
85 1.4472695022082736 0.38025021365518963 2 1
86 1.1218597042249971 0.5661895327334175 2 1
87 1.3659042982918077 0.46912587817813345 2 1
88 0.98612583818531 0.7138135095639028 2 1
89 0.9030036717549512 0.813069152589276 2 1
90 0.6843921552979468 0.8852532322015132 2 1
91 0.989158491978352 0.697086211837984 2 1
92 0.613524111570861 0.9139339268782978 2 1
93 0.6163796231790375 0.9213317724546211 2 1
94 0.9434691635532628 0.6611805172568067 2 1
95 1.0044229164592684 0.6359823433186043 2 1
