2 1.9754981113581955 0.23238360358139903 0 1
3 1.60330361779401 0.3305229601083885 1 1
4 0.7025246997997012 0.7821413970450615 2 1
5 1.7425911944095631 0.10117437573685704 2 1
6 3.8010102612127463 -0.4073465656274478 3 2
7 3.664132579783325 -0.3559787778337224 3 2
8 3.3649184623629127 -0.3051734232767346 3 2
9 1.5507874064818843 0.18395957252613787 3 2
10 2.2512756283706246 -0.05392497831582909 3 2
11 2.1912544707095893 0.02220913472579038 3 2
12 1.5011359358690672 0.24650800356636718 4 2
13 1.2105992785323663 0.4326530423248552 4 2
14 1.6102424101290849 0.23262239160074613 4 2
15 1.9270592419054795 -0.02341416108110381 4 2
16 2.4826018195649295 -0.1682457455620589 4 2
17 1.4759472027495137 0.28655843834831346 4 2
18 0.9035423952511081 0.7020138753977858 4 2
19 0.9676729074233368 0.7315428472020138 4 2
20 1.368348115886187 0.4732290561526939 4 2
21 1.1328199064985087 0.5987378326088845 4 2
22 1.0460444215609215 0.5601435898963775 4 2
23 1.448012848642275 0.21362139640409225 4 2
24 1.8013599752101657 0.1302454204191745 4 2
25 2.545902386838872 -0.0901051942649225 4 2
26 2.431150341939494 -0.09730430005456522 4 2
27 2.405924716026198 -0.0741829878506105 4 2
28 2.0923463072511055 0.04049687133393077 4 2
29 1.0974860917689782 0.4762374878658971 4 2
30 0.7189053029602608 0.7748177784849769 4 2
31 1.6682556017081165 0.17008751133078837 4 2
32 2.2622091991595408 -0.03085287187577219 4 2
33 1.9486661535603886 0.08581222378608033 4 2
34 1.1176231163562393 0.5543444702449614 4 2
35 1.1978468922855585 0.5544988815772766 4 2
36 1.3145066756910841 0.5692629187113735 4 2
37 1.6893401023945165 0.22125652483162167 4 2
38 1.7295245629372227 0.09930389184558366 4 2
39 1.8115470510085485 0.06006286662810892 4 2
40 2.079917025497438 -0.018708832850908956 4 2
41 2.378246483812572 -0.06634018085855527 4 2
42 2.1514828356952886 -0.02823784479101534 4 2
43 1.9799187053427003 0.03930015130953557 4 2
44 2.096128125562225 0.01818204400543111 4 2
45 1.8268028483057588 0.11816021237831927 4 2
46 1.5950263660091197 0.25872960180349464 4 2
47 1.434773807157077 0.2940591927880553 4 2
48 1.5320313160632963 0.2241753002083624 4 2
49 1.5086489813619153 0.28466629429712653 4 2
50 1.6532082638683487 0.1931971680845158 4 2
51 1.6755638162901763 0.16095190517300087 4 2
52 1.6171350876942086 0.20355543953601218 4 2
53 1.6112346456307751 0.21232091266720984 4 2
54 1.1450491034561168 0.5316306004762591 4 2
55 0.8879438939912907 0.7441603667646773 4 2
56 0.8396453897848604 0.7650691357377503 4 2
57 1.03526821812188 0.6965548320080491 4 2
58 1.0819079741710258 0.676639948200591 4 2
59 1.0583450545868685 0.625751525895275 4 2
60 1.7388278984751553 0.20152119339211363 4 2
61 2.2259503386331367 0.018878941832200537 4 2
62 2.216105811867939 -0.013525199708911948 4 2
63 2.5101952218964296 -0.07432121913790296 4 2
64 2.403152614379694 -0.06296808226009933 4 2
65 2.1855432995423554 -0.07801314615986049 4 2
66 2.8521545286838244 -0.18934302630451 4 2
67 2.8855241438378387 -0.29885296643223597 4 2
68 2.7384213697682824 -0.2970283497526127 4 2
69 2.5760445578481654 -0.21185399345014722 4 2
70 2.2227108804920643 -0.06356405025190016 4 2
71 1.3569658734180274 0.40038864775208244 4 2
72 1.4814224509776048 0.49033823012083605 4 2
73 2.7747063179626084 -0.08869726697559209 4 2
74 2.6094982432599823 -0.08311990362584275 4 2
75 2.8248490693008916 -0.1819187422491157 4 2
76 2.7695102644264313 -0.10689858581504426 4 2
77 2.448110913020651 -0.059708001641600075 4 2
78 2.128771419008788 0.05439603357561319 4 2
79 1.5777393318398838 0.260003849279086 4 2
80 1.4051740809343398 0.43919502319855575 4 2
81 1.3185889068648153 0.5490521909980361 4 2
82 0.9312367973987952 0.7478250305644514 4 2
83 0.9029691406396294 0.7599756854945506 4 2
84 0.8969263805862866 0.768294160789934 4 2
85 1.0178196697397528 0.6551693284281913 4 2
86 0.9731366612120409 0.6815868889501107 4 2
87 0.9905056924484361 0.6367301243254389 4 2
88 0.9581266071370047 0.6263854019349165 4 2
89 0.8611791752361713 0.6940650987060519 4 2
90 0.6228802624656788 0.8360188629340377 4 2
91 0.4584798913499206 0.9083686599769113 4 2
92 0.4586431251928733 0.9139451180773305 4 2
93 0.9579468372570759 0.829698186641547 4 1
94 0.9430259098299585 0.8324466540460258 4 1
95 0.9196429869940355 0.8384732341173798 4 1
