8 1.6830347329621054 0.2815017765184012 0 1
9 1.7369387629007011 0.12297421463815703 1 1
10 1.6834316113576913 0.17809066888811365 1 1
11 1.5978680086444426 0.41655724245216763 2 2
12 1.5821812150727617 0.3840981297278826 2 2
13 1.734469308721959 0.2186695050320135 3 2
14 1.5384294418451896 0.25709233068436504 3 2
15 1.5219713344043484 0.19295633539621432 4 2
16 1.334096524068637 0.3515748533606277 4 2
17 1.4035315909902755 0.26608640880628764 4 2
18 1.6815604697005417 0.252854259770449 4 2
19 1.6311187487322547 0.22206218229333932 4 2
20 1.2525116674488368 0.492695067181269 4 2
21 1.000930004333414 0.6527602799634545 4 2
22 1.4052598004841776 0.3765975537052308 4 2
23 1.254349441984064 0.5354752811494939 4 2
24 1.108577252803161 0.5483279168134059 4 2
25 1.3282836264460052 0.4336838417089069 4 2
26 1.5507941109506334 0.3278596081230662 4 2
27 0.6322805923823553 0.8603776592132488 4 2
28 0.8443921714594014 0.7638921020999235 4 2
29 0.8113980440804447 0.7673498013822905 4 2
30 1.2406806664550238 0.43178891820787213 4 2
31 1.7191216219969991 0.2153838536106719 4 2
32 2.3275895023346225 0.14062130620551797 4 2
33 1.9500983799797051 0.3366582902415305 4 2
34 1.2323054285007133 0.4710272397414785 4 2
35 2.7539239320203555 -0.1508663464696611 4 2
36 2.0248760318394377 -0.06302215096866223 3 2
37 1.1538856289616009 0.4025969580302152 3 2
38 1.002361960232398 0.6120829710876763 4 2
39 0.8983165527544381 0.7649288403160438 4 2
40 0.5088592812890544 0.7035282988445171 4 2
41 1.0550596681417268 0.4027007396822571 4 2
42 2.2075669238479874 -0.0026876947871765553 4 2
43 2.2156922480583434 -0.16707254720149084 4 2
44 1.881183272849194 0.04967177551146506 4 2
45 1.4875438015621407 0.19379204664406935 4 2
46 1.7678168628990054 0.11008224917601125 4 2
47 0.8694412669770903 0.7121368083667042 4 2
48 1.3111694204783184 0.43815084113625696 4 2
49 0.6944790194906956 0.838999663909385 4 2
50 0.7826853239981331 0.7641424802633789 4 2
51 1.5370459142511166 0.30635961513693055 4 2
52 1.2172548660284903 0.5241800807499841 4 2
53 1.5674327244347612 0.22665619960413047 4 2
54 1.5541661639736528 0.20944083656229714 4 2
55 1.6160699860204772 0.15834983121080562 4 2
56 1.1155239658511125 0.4334944778944899 4 2
57 1.4419776430347069 0.43853083949903543 4 2
58 1.5907033239129316 0.5040392316393145 4 2
59 3.0422082677868723 -0.09405214889279105 4 2
60 4.328363318303756 -0.2894313046105154 4 2
61 3.3420340544048743 -0.12591648460981972 4 2
62 2.9257792503850526 0.08606732286711238 4 2
63 1.9036505150218819 0.4303941214259235 4 2
64 1.1724063328187748 0.669393195089172 4 2
65 1.5166376015795482 0.4312522630146804 4 2
66 2.2244533006656377 0.045047141151207046 4 2
67 3.012335167358752 -0.31772472959563725 4 2
68 3.219660010762957 -0.36132669500147785 4 2
69 4.103608543908673 -0.4116618579216201 4 2
70 4.209270111356488 -0.27208878493685 4 2
71 3.248219102129017 -0.3617690394402292 4 2
72 1.6723603274280743 0.07721265189713131 4 2
73 1.8197229291628432 0.03401185092899466 4 2
74 1.8332146981588897 0.14027904702431832 4 2
75 2.0653154977722883 0.114809259930143 4 2
76 1.7581324657031532 0.20950234910334742 4 2
77 2.0604326867388636 0.033289875822916544 4 2
78 2.322655381212841 -0.04082801813308184 4 2
79 1.257703966484656 0.36922136887371076 4 2
80 1.1246668070678094 0.6151778627599819 4 2
81 1.0909175189189826 0.6353835074378652 4 2
82 0.8766433091511114 0.7517664563961365 4 2
83 0.9197472853503497 0.7129100226354431 4 2
84 0.9041664996365562 0.7475645783908654 4 2
85 0.6856668956211038 0.8480105914634491 4 2
86 0.6085949723232673 0.8866051907543246 4 2
87 0.54771216937589 0.9166515111062992 4 2
88 0.40319672230063475 0.9488261413560869 3 2
89 0.36126646798764117 0.9463708791071159 3 2
90 1.3177434667013292 0.8068088237061245 3 2
91 1.8323539546194523 0.5633434093010514 2 2
92 0.8170891703265095 0.6701556336508595 3 2
93 0.8348863426732835 0.7281214309704384 3 1
94 1.5469726744251995 0.19771041886314292 4 1
95 2.1320136760187864 -0.20893540387047335 4 1
