8 1.6984557707642693 0.3522273874184343 0 1
9 1.2510044729902239 0.5077977348116265 1 1
10 1.1369865853395034 0.6066259095164342 2 1
11 0.8151175467990166 0.820659929032158 2 1
12 0.7576079537012728 0.8014398254132384 3 2
13 0.9850746152400998 0.6448536017515251 4 2
14 1.7718687410102865 0.06539958139790833 4 2
15 2.265498178370744 -0.09967686452246591 4 2
16 2.065725196907895 -0.072363670809526 4 2
17 2.134631220545634 -0.0023248464977974814 4 2
18 1.6019966786587716 0.17702911721147183 4 2
19 1.270773843288426 0.45752923147622426 4 2
20 1.1415870706548592 0.5469732369874536 4 2
21 0.7245922217297842 0.4122719486935502 4 2
22 1.4528041638653777 0.2516731302797939 4 2
23 1.8422703572395251 0.07230222996240479 4 2
24 1.8342351419592102 0.08012759520187937 3 2
25 1.952587904632523 0.013150307468597577 3 2
26 1.7433208959165905 0.13376792221100867 4 2
27 1.0228880170814119 0.6311404955101211 4 2
28 0.911851686132346 0.7594301325965643 4 2
29 1.0552534289591184 0.6448319562744493 4 2
30 1.0280334221346594 0.6532334506757035 4 2
31 0.8273367045167106 0.7366410551091735 4 2
32 1.1452360908444073 0.604646000040115 4 2
33 1.2917609710541882 0.6067351342164264 4 2
34 0.6582059035286827 0.8433349375719467 4 2
35 0.6055073309045982 0.875062672303743 4 2
36 0.6869525046062979 0.830469038354904 4 2
37 0.8515947156983952 0.7025414837291252 4 2
38 0.9688183434420381 0.6745914024510448 4 2
39 1.0769475398244293 0.6227728289934524 4 2
40 0.8551657751230444 0.7284310422106937 4 2
41 0.830367831934014 0.7829713539447957 4 2
42 0.9669854549034422 0.722203002969269 4 2
43 0.9678810086453096 0.7261720478374643 4 2
44 0.9160732625156118 0.740848627181507 4 2
45 0.9056749280169321 0.7446833360936093 4 2
46 0.5849219865701079 0.8651790500362707 4 2
47 1.1072485043745743 0.6651440169231491 4 2
48 0.8725371993654383 0.7421212093831402 4 2
49 0.7236974051146898 0.7974965196369347 4 2
50 0.5172403032982889 0.9098372370890916 4 2
51 0.5607661855348205 0.8217709020039614 4 2
52 1.3881819257559505 0.4103069347885298 4 2
53 1.5236576462284894 0.26108566963818913 4 2
54 0.9492068507558908 0.5637534757383136 4 2
55 0.7756463771087923 0.7475668564939395 4 2
56 0.7017317252426309 0.7345001661338819 4 2
57 0.82853948487615 0.692780682776047 4 2
58 0.5444747379103321 0.8795743638209876 4 2
59 0.515269738782469 0.9191410232455316 4 2
60 0.6884174371482921 0.7836395751715745 3 2
61 0.6353630705259876 0.8615133702737436 2 2
62 0.6210948746885512 0.8620887895214946 2 2
63 0.6665576091798124 0.8534927398659529 3 2
64 0.7941746400209535 0.803694707700936 3 2
65 0.732517554654069 0.8304638746068612 4 2
66 0.5833096198435053 0.8792894746367982 4 2
67 0.4922419361761836 0.9176724523035198 4 2
68 0.6336607732220942 0.8438116080328114 4 2
69 0.44306057056360526 0.9389430576257116 4 2
70 0.5075437771184248 0.8631405245209386 4 2
71 0.5824247687876305 0.8148945109624901 4 2
72 0.6114797487177945 0.8967366486832598 3 2
73 1.4429612132469058 0.6362332885563858 3 2
74 2.1224907179179517 0.3024439505909144 2 2
75 1.199189702186242 0.5541423282202533 2 2
76 0.4990755627695771 0.9269342719104416 2 2
77 0.8070193205246072 0.8109408409067621 2 2
78 0.6213739950190265 0.8636651797797669 2 2
79 0.42802746526784574 0.9342534754728942 2 2
80 0.41025699659719805 0.9304799992591807 2 2
81 0.6051079244367461 0.8123339736293558 2 2
82 0.6997767067929255 0.7616707207228086 2 2
83 0.6497478147866227 0.792488289744317 3 2
84 1.1160396023881098 0.5008495394666868 3 2
85 2.203383831682615 0.3329329200940872 4 2
86 3.604568243751933 0.538982986976229 4 2
87 2.724358645830935 0.5922943137325384 4 2
88 0.6276311760171858 0.8753790585918744 4 2
89 0.424444580783935 0.9255202651554656 4 2
90 0.8166673230286552 0.6982311438649932 4 2
91 0.8088474780403363 0.7107437661110872 4 2
92 0.7065161645033164 0.7776009309020148 4 2
93 1.1323361767939577 0.7557132255337625 4 1
94 0.9736724882083534 0.8234248850683251 4 1
95 0.8926429735615518 0.8560491909888109 4 1
