2 1.695710048428971 0.3653564404912153 0 1
3 1.37516736712828 0.4779116174571215 1 1
4 1.391543872633366 0.47279638046662553 2 1
5 0.6893173705159796 0.811052333632982 2 2
6 0.7342000689022985 0.8021087520770989 2 2
7 0.7447711283020535 0.7692225784641816 2 2
8 0.7778035217670816 0.7837993768149828 3 2
9 0.7336526336409257 0.8341092992051937 3 2
10 0.5900274173485016 0.8449448757923724 3 2
11 1.7914475898435205 0.1035210634096151 4 2
12 2.0054009713856704 0.006538751645256692 4 2
13 1.6040611440992452 0.11523241733679047 4 2
14 1.9241377016389105 0.0055962332411038 4 2
15 1.7107579694233488 0.10415199885693419 4 2
16 1.4159744502026044 0.29022182356468246 4 2
17 0.5036741047691455 0.8747919346477004 4 2
18 1.416366838370954 0.16036278769994614 4 2
19 1.213922500137425 0.27717707230811983 4 2
20 1.3627390288374208 0.2824991083050136 4 2
21 1.4571126469174045 0.35574468125729136 4 2
22 2.1435177845958506 0.003032397174117029 4 2
23 1.99776413894738 0.03719047249452537 4 2
24 2.0927735471888678 0.006402666653394023 4 2
25 1.6555824286245917 0.22574987797294024 4 2
26 1.3345354947877954 0.4396467228639291 4 2
27 1.1142433847942286 0.5924264102074039 4 2
28 0.9827045832550727 0.660574737697254 4 2
29 1.3446700394012367 0.5045787930232496 4 2
30 1.3709547225508514 0.4892712075233528 4 2
31 1.5297939554526891 0.3779058422780557 4 2
32 1.53781250734992 0.35836164570533213 4 2
33 1.6217289106560138 0.3177629382297569 4 2
34 1.3129030557259629 0.5133844269076089 4 2
35 1.506228910277315 0.32439651596584196 4 2
36 1.9973786095374964 -0.022232340802366177 4 2
37 2.0086914655572787 0.013231811002942942 4 2
38 1.9829126421529013 0.030828233898043605 4 2
39 1.6273043855767853 0.15890286567419015 4 2
40 1.7540885985526504 0.12925293517561579 4 2
41 1.1685988397303575 0.42633740538653503 4 2
42 0.885893041308984 0.7378018330211034 3 2
43 1.0902179020632898 0.5819131522945656 3 2
44 0.7985035020204592 0.8061462728612139 3 2
45 0.7209768893884592 0.843483422213418 3 2
46 0.7982345215034616 0.799227868867221 4 2
47 1.1137748196796187 0.6627273565383772 4 2
48 0.887954633432023 0.7547564475337557 4 2
49 0.6484359350401316 0.8694650406328926 4 2
50 0.9689563695827275 0.612912246191616 4 2
51 1.5367726441139933 0.3276013311124457 4 2
52 1.9038657538618464 0.2858145481017145 4 2
53 1.1840478432361907 0.6082648723001096 4 2
54 1.203070799319887 0.4182002061230027 4 2
55 1.269334617278302 0.4235204621385602 4 2
56 1.86910472988379 0.21786194403188372 4 2
57 2.3391040090592474 0.19563207963716095 4 2
58 2.6465781036574665 0.15802724401454216 4 2
59 1.9921918611437146 0.28195373289166736 4 2
60 1.6860254631818226 0.43010409609756667 4 2
61 0.614686000634932 0.8492067819859029 4 2
62 1.7911428104806362 0.11025264844010255 4 2
63 0.9777171612214319 0.4680272568171397 4 2
64 0.8293689390868142 0.7168601542170887 4 2
65 1.6012603561897247 0.2653429165307697 4 2
66 2.4152987073882395 -0.01180470542167838 4 2
67 2.834348742102909 -0.11560388141195985 4 2
68 3.0614936601836584 -0.1593087037684978 4 2
69 3.287454435001493 -0.2884985393203124 4 2
70 3.485002358166799 -0.24535914854312665 4 2
71 3.093227090293828 -0.17352907064015782 4 2
72 2.2088321605252847 0.11666203932461429 4 2
73 1.974123571723215 0.11319526333453933 4 2
74 1.8620558623551364 0.2187347029647349 4 2
75 1.7151827477096875 0.30413058058265946 4 2
76 1.3765001597736912 0.4696491355845942 4 2
77 1.1668675855280215 0.5999352888487646 4 2
78 1.243427448148573 0.552153883758277 4 2
79 1.2289513698614245 0.5898413094229662 4 2
80 1.1816617117466075 0.5931679873268173 4 2
81 0.9408262684180109 0.7205592746003703 4 2
82 0.9102352867512744 0.6837807809577447 4 2
83 1.114656604077533 0.5601706325516616 4 2
84 1.1014978425296986 0.5818304411077881 4 2
85 1.1608504529884973 0.5737787686604857 4 2
86 1.0416316295310315 0.6356419978816117 4 2
87 0.9801550260826071 0.6670474785700408 4 2
88 0.8816420696479765 0.7040420039724091 4 2
89 0.5847576426845968 0.8405357755136396 4 2
90 0.3857685194878391 0.9432855962412005 4 2
91 0.5673779540798254 0.8596036771685758 4 2
92 0.6623645288413984 0.8276597873028241 4 2
93 0.9045003473355369 0.850625363711212 4 1
94 0.8942460810099009 0.8516183843306707 4 1
95 0.8792442561566727 0.8554425838917452 4 1
