13 0.4590655944949589 0.8250637446683456 0 1
14 1.472776883599856 0.26903073482735296 1 1
15 1.9011761706650026 0.09225462930611972 2 1
16 1.6204606937652475 0.1625000448890069 2 2
17 0.846098299794817 0.7427395748132818 2 2
18 1.5183718196830265 0.18491659730234314 3 2
19 2.358704567127865 -0.05398591276752142 3 2
20 2.258011729583149 -0.06478373951141474 3 2
21 2.6858400383115058 -0.16701776250707354 3 2
22 1.8074953778964726 0.062735423596543 3 1
23 0.9709087610156484 0.5110064588803763 3 2
24 1.4148439668405137 0.08557712670961308 3 2
25 1.6472074941337027 0.2947918116844418 3 1
26 1.7073236972378911 0.26191760111635737 3 1
27 1.8932910836482328 0.048425270281407085 3 1
28 1.440128560712064 0.16444577211751357 3 1
29 0.8032474296640668 0.6790118600620731 3 2
30 1.179646789353832 0.5263927819640204 3 2
31 2.5537382288699053 0.02993094606397003 3 2
32 3.1076013690816637 -0.16217260200445305 3 2
33 3.0332610495234196 -0.025104325358269702 3 2
34 2.554083704214129 0.11452600658822794 3 2
35 1.6710778250222198 0.08205999103898991 3 1
36 2.052984875154304 -0.07218630550350491 3 2
37 2.786981163967707 -0.3800451641699412 3 2
38 2.155602957018231 -0.24307398950270562 3 2
39 1.344665187007994 0.4406041568445397 3 1
40 1.6569367056673254 0.22432689394600477 3 1
41 1.781879476276905 0.13294242236825465 3 1
42 1.6627611098175752 0.11804200766683595 3 2
43 1.4887402459849879 0.2619949906611691 3 2
44 2.4319185993790624 0.03876807209484654 3 2
45 1.379450574331785 0.4529378536598772 3 1
46 1.6339650942332256 0.2673506546105767 3 2
47 1.6883075101713034 0.1658339635767476 3 2
48 2.0578452607581585 -0.009583157206725116 3 2
49 1.3475246185785466 0.3958000842515562 3 2
50 1.2702053527379569 0.4879574649445908 3 2
51 1.2475228016119093 0.4794821356929497 3 2
52 1.1185817247248675 0.5772062788243301 3 2
53 0.9807993333364182 0.7848815099593438 3 1
54 1.0773527880991534 0.7379803745080901 3 1
55 1.978640389470705 0.20764356174055473 3 2
56 1.6965403367396572 0.1465639289768548 3 2
57 1.6580571209670625 0.10130172799096016 3 1
58 3.406910115916233 -0.10886748220530741 3 2
59 2.4354457585812774 0.05638484103624967 3 2
60 1.237222769530442 0.6125809884928107 3 2
61 1.814541261758328 0.11720253771488044 3 2
62 2.181870854304962 0.10267038299805101 3 2
63 2.0118160488894317 0.05590780213744775 3 2
64 2.3688412927724185 -0.06596067073750152 3 2
65 2.5511081521440495 0.02266732537442123 3 2
66 2.974842354988434 0.011860993423873702 3 2
67 3.1692194035591603 -0.0016878111887998583 3 2
68 2.2028292941202148 0.055634182331664374 3 2
69 1.8342652563801458 -0.23097696011169833 3 1
70 2.604088649633514 -0.4073341279798345 3 2
71 2.565578364441211 -0.3219532735248242 3 2
72 2.1301503334471494 -0.09069011465770663 3 2
73 1.8328307197226028 0.021875700386879294 2 2
74 1.8015694240780658 -0.03150899689368241 2 2
75 2.210308982619283 -0.1568756479138855 3 2
76 1.9817602026859502 0.003688428737433721 3 2
77 2.5955754588395035 -0.1691129671650458 3 2
78 0.6473052965324424 0.8049740595835152 3 2
79 1.2230867545573574 0.43284512721782936 3 2
80 1.5622397923397982 0.3737681116697234 3 1
81 1.6705433319211949 0.2584131357268726 3 1
82 1.8784973681055526 0.2363840378985603 3 2
83 1.6751433879115938 0.3776667617746595 3 2
84 0.6461458722734692 0.7878843097687634 3 2
85 1.0749207087533916 0.7092512202643537 3 1
86 1.0103015626910894 0.7816155948513236 3 1
87 0.6967204995117324 0.8157772130795709 3 2
88 0.6370329740649776 0.8548842038082092 3 2
89 0.34988248659998966 0.9440828876339986 3 2
90 0.4423465806685263 0.9341111236697718 3 2
91 1.6799069397284585 0.5614387227143636 3 2
92 1.5348233256203283 0.616574736221468 3 2
93 1.2168392491341233 0.5875933589585239 3 1
94 0.985888605233086 0.7149475930658316 3 1
95 0.8422339703179418 0.8293368837636305 3 1
