13 1.8519962237591736 0.2361581514690646 0 1
14 1.6714662038642656 0.25486766348500417 1 1
15 1.6062871943413013 0.2894501779569896 2 1
16 1.4097450599944557 0.5034140964052972 2 1
17 1.1465643378898962 0.5007523329911432 2 2
18 1.1786654566640546 0.5172660220592998 3 2
19 1.3084765951035262 0.4582654557634237 3 2
20 1.48663300754375 0.398338310417916 3 1
21 1.266766427551297 0.3714506417205336 3 2
22 1.4132798125271249 0.40402808141178387 3 1
23 2.10412681095744 -0.03158541115874819 2 2
24 1.8004947985594324 0.08765576358197763 2 2
25 1.4597738812251029 0.3142599079742536 2 2
26 1.4745931583900935 0.3202324987320507 3 2
27 1.363152477232644 0.49191844579876637 3 1
28 1.145521035708314 0.6804711307690834 3 1
29 1.1058305784435207 0.7201962777640463 3 1
30 1.0540589368588726 0.7510731477534347 3 1
31 1.029866324713419 0.7595635808457688 3 1
32 1.0023506401677507 0.7687961876278466 3 1
33 0.9754081998842707 0.779658213110391 3 1
34 0.9605111487474689 0.7771563537123617 3 1
35 1.003515574563374 0.7229398420420371 3 1
36 1.0645482104575255 0.67007565676824 3 1
37 1.0503319713651793 0.6809544235744613 3 1
38 0.9162440827053944 0.7583858472273476 3 1
39 0.698728049515787 0.9220333533339998 3 1
40 0.7440564214404777 0.887080841118719 3 1
41 0.9049378751116004 0.7974894826007399 3 1
42 0.9798331728316461 0.6755567954071571 3 1
43 1.3570059071730434 0.4442367373143009 3 1
44 1.9038320838200677 0.2379830369832869 3 2
45 1.2688455169305648 0.5320421376125404 3 1
46 1.3190818996397002 0.5405545663048593 3 2
47 1.124590702396528 0.6440888234156638 3 1
48 1.0249664960225653 0.6665440234685057 3 2
49 1.074475356611618 0.701112446441184 3 1
50 1.0522825486286145 0.7121406723914899 3 1
51 1.0587977877991728 0.7078309703540616 3 1
52 1.0230422726186177 0.7254788061328099 3 1
53 0.7673556368129555 0.8642656059422483 3 1
54 0.9264445378737873 0.7093339794914212 3 1
55 1.2243532038885983 0.48633003886334036 3 1
56 1.6556067491688955 0.3324259934945367 3 2
57 1.4269085741802847 0.38311868278531036 3 1
58 1.0991450772952671 0.5219576582438901 3 2
59 1.0762475194752659 0.6499309003286509 3 1
60 1.2194645086242755 0.6150724326956786 3 1
61 1.3497465300058185 0.5489799973701389 3 2
62 0.9424991423348619 0.7849327383463539 3 1
63 0.8404182013156003 0.8823930786437348 3 1
64 0.4704711974143265 0.9161777732256644 3 2
65 0.5321981518590029 0.8993140408195939 2 2
66 0.6167084373676976 0.8767821964787188 1 1
67 0.4909046512363977 0.8856507767808788 2 2
68 0.4475559910834548 0.9229097352160212 2 2
69 0.5544318073453729 0.8884299254051296 3 2
70 0.8893928773731723 0.806084709499458 3 1
71 0.9307663198297007 0.7765574768257755 3 1
72 1.0006608979382294 0.7376413999035875 3 1
73 0.6649028669631489 0.8020307052163745 3 2
74 1.0334688529567346 0.7901433122808236 3 2
75 1.3262537195403317 0.48041989314298367 3 1
76 2.546492830439168 0.26905823219124864 3 2
77 2.357762853337392 0.24820946871806804 2 2
78 1.2057555977664318 0.5689033086959474 2 2
79 0.893459609318425 0.8189776469769441 1 1
80 0.8483973070260307 0.8761574503229929 1 1
81 0.8193005256282895 0.8914563482362403 1 1
82 0.6937296025863589 0.9169721854726539 1 1
83 0.6862521501295262 0.8142265244259553 0 1
84 0.6765237240206163 0.8957992666148747 1 1
85 0.6376797814443522 0.9044646225342907 1 1
86 0.5812225716771984 0.9077432864909917 1 1
87 0.6460640597961458 0.8729870405181186 1 1
88 0.5178928873998014 0.873226398630978 2 2
89 0.458956470636668 0.8978097174084168 2 2
90 0.4586681861990094 0.8978258859946658 3 2
91 0.5187424651013144 0.9043091469593882 3 2
92 0.4239885944989803 0.9099137156603275 3 2
93 0.7864689013040334 0.8828647047675637 3 1
94 0.7694792712872065 0.890949158032468 3 1
95 0.7611040466678816 0.8945920889849016 3 1
