17 0
18 0.49206349206349204
19 0.8434343434343434
20 0.27205882352941174
21 0.15217391304347827
22 0.11450381679389313
23 0.10526315789473684
24 0.0
25 0.0
26 0.0
27 0.15476190476190477
28 0.3373493975903614
29 0.35714285714285715
30 0.40384615384615385
31 0.5060240963855421
32 0.6063829787234043
33 0.5169491525423728
34 0.3469387755102041
35 0.3137254901960784
36 0.4319526627218935
37 0.4051724137931034
38 0.5693430656934306
39 0.3728813559322034
40 0.42105263157894735
41 0.5132743362831859
42 0.6260162601626016
43 0.46099290780141844
44 0.1774193548387097
45 0.0
46 0.04597701149425287
47 0.12295081967213115
48 0.0625
49 0.08411214953271028
50 0.0
51 0.04819277108433735
52 0.4112903225806452
53 0.5909090909090909
54 0.35714285714285715
55 0.4791666666666667
56 0.6176470588235294
57 0.631578947368421
58 0.6235294117647059
59 0.6847826086956522
60 0.5862068965517241
61 0.6440677966101694
62 0.5632911392405063
63 0.256
64 0.15789473684210525
65 0.16
66 0.2605042016806723
67 0.1746031746031746
68 0.30625
69 0.19658119658119658
70 0.1391304347826087
71 0.41935483870967744
72 0.5294117647058824
73 0.2875
74 0.05263157894736842
75 0.16363636363636364
76 0.4772727272727273
77 0.4444444444444444
78 0.3602941176470588
79 0.4666666666666667
80 0.6511627906976745
81 0.7142857142857143
82 0.75
83 0.6790123456790124
84 0.65
85 0.7073170731707317
86 0.7349397590361446
87 0.6436781609195402
88 0.5698924731182796
89 0.53125
90 0.5675675675675675
91 0.6847826086956522
92 0.6707317073170732
93 0.6931818181818182
94 0.6818181818181818
95 0.6095238095238096
