15 0
16 1.2070490360260009
17 0.7060269284248352
18 1.083992886543274
19 0.43783931493759154
20 1.4066816759109497
21 1.8038226318359376
22 1.6509636640548706
23 1.3482720613479615
24 0.716773509979248
25 0.8322615027427673
26 0.7888550162315369
27 0.7476857304573059
28 1.8212333869934083
29 2.1508652210235595
30 2.4910921096801757
31 3.3803298568725584
32 3.5062472724914553
33 2.169379949569702
34 -0.01693749099969864
35 -0.5683350443840027
36 -0.5677884554862976
37 0.12858120918273927
38 1.2435920310020447
39 1.5216255140304566
40 2.099908399581909
41 3.0033466815948486
42 3.1391693592071532
43 2.983553171157837
44 3.0733002376556398
45 3.5026800632476807
46 3.806501340866089
47 3.7112531757354734
48 1.1455126702785492
49 0.7214583176374435
50 0.9644255948066711
51 3.5141506671905516
52 3.921793670654297
53 3.461932497024536
54 2.9375990772247316
55 2.829474678039551
56 3.2737169742584227
57 3.242694492340088
58 0.5376198549568653
59 -0.3282825309038162
60 -0.1121498304605484
61 1.817497389316559
62 0.7048155955970288
63 0.6700989097356796
64 -0.3095237910747528
65 -0.32831538677215577
66 0.29489392042160034
67 0.2253417819738388
68 0.2591186463832855
69 0.2567855417728424
70 0.2588788866996765
71 0.7138356542587281
72 0.9532672715187073
73 0.4171029555797577
74 3.290894069671631
75 2.170038423538208
76 1.2023488521575927
77 0.12305370569229127
78 0.0037445372343063357
79 2.611412081718445
80 2.900582399368286
81 2.4452292919158936
82 3.2200238037109377
83 3.3547809314727783
84 3.4179488468170165
85 3.471428394317627
86 3.21093505859375
87 2.9924563789367675
88 2.227019786834717
89 2.3961638450622558
90 3.6822579669952393
91 3.817222709655762
92 3.1376208591461183
93 2.915002679824829
94 3.290783405303955
95 2.551642656326294
