11 0
12 -0.18220705829560757
13 0.10530656814575196
14 0.47231656312942505
15 1.6154813289642334
16 0.25591684728860853
17 -0.1936023062467575
18 0.600486314855516
19 0.6142700140178203
20 0.18039417296648025
21 0.34225776195526125
22 0.5258774250745774
23 0.18660062551498413
24 0.5320357561111451
25 0.9355707228183746
26 0.44558982372283934
27 0.9606975317001343
28 0.668341338634491
29 0.7755751776695251
30 3.1162249755859377
31 2.8037037658691406
32 2.4240683269500733
33 2.2427453804016113
34 2.0412892961502074
35 0.9231382900476456
36 -0.33205302119255065
37 -0.10995853841304778
38 0.8161060976982116
39 1.2617965459823608
40 1.196311912536621
41 1.6955445051193236
42 0.23212591126561166
43 -0.08959516569972038
44 0.0835495363175869
45 -0.0950912082195282
46 0.22396540641784668
47 0.12599122524261475
48 2.0505909061431886
49 2.1628178691864015
50 2.2361085414886475
51 2.1686576271057127
52 2.417783327102661
53 3.2299930381774904
54 2.319275016784668
55 0.26545778155326843
56 -0.020340330675244333
57 0.0023468998074531555
58 -0.026950893998146055
59 2.3606473112106325
60 0.3373539447784424
61 0.3355558717250824
62 0.4874064254760742
63 1.1213814067840575
64 0.1248074734210968
65 0.4977438747882843
66 0.5466992664337158
67 2.610530376434326
68 3.3262874984741213
69 1.8813039994239806
70 0.07529279165901244
71 0.030138043202459813
72 -0.0953144983202219
73 0.6135903863608837
74 0.5670341002941132
75 -0.2293353683128953
76 -0.5417046308517456
77 -0.2558658105134964
78 1.0470720529556274
79 1.3435581895709037
80 2.221042432785034
81 2.290825843811035
82 2.3407880878448486
83 3.164974946975708
84 2.948202724456787
85 2.893263578414917
86 3.1846818256378175
87 3.3783098697662353
88 1.6910196018218995
89 1.279666543006897
90 3.432346611022949
91 3.632352342605591
92 3.425558567047119
93 3.5257952213287354
94 3.6028890132904055
95 3.3099074363708496
