7 0
8 -0.7089264154434204
9 0.26659159421920775
10 0.6292758309841155
11 0.6204822397232056
12 0.806131682395935
13 1.2685165977478028
14 1.439694881439209
15 1.344653935432434
16 1.0269978189468383
17 0.5327090728282928
18 0.19304951608181
19 2.0864853727817536
20 0.08312324203550815
21 -0.18037220686674119
22 -0.14673523008823394
23 0.0014717313647270203
24 0.3047888833284378
25 1.6742371320724487
26 1.088041944503784
27 0.14221027135849
28 0.9849132299423218
29 1.987678461074829
30 2.682682056427002
31 2.71909610748291
32 2.74956374168396
33 1.8881739807128906
34 0.6643710067868233
35 -0.09970443189144135
36 0.08280499666929245
37 0.14523355424404144
38 0.337160542011261
39 0.6245287370681762
40 1.5691957235336305
41 1.0505198192596437
42 0.9271071302890778
43 0.8898108792304993
44 0.5945519042015076
45 0.28860678017139435
46 0.1069714629650116
47 -0.19671635568141937
48 -0.1468041306734085
49 0.8433552289009094
50 1.4667285680770874
51 1.4320275163650513
52 1.348627471923828
53 1.554483871459961
54 1.3065147399902344
55 1.1356750059127807
56 0.8550594639778137
57 0.6689741039276123
58 2.490818567276001
59 2.7766355514526366
60 3.3795571327209473
61 2.1265837383270263
62 2.0649622428417205
63 -0.11207954809069634
64 -0.2611151361465454
65 -0.2324952894449234
66 0.14604251444339753
67 -0.37911436676979066
68 0.11102368265390396
69 0.13315804690122604
70 0.9402828812599182
71 2.181417169570923
72 2.441404700279236
73 0.7438871347904206
74 0.0015358571708202363
75 -0.023124823272228243
76 0.08801671355962754
77 0.5811250960826874
78 0.4033603981137276
79 2.6893771743774413
80 2.7577866554260253
81 3.4254820346832275
82 3.316275053024292
83 2.9405409908294677
84 3.32849666595459
85 3.1926802253723143
86 3.254060745239258
87 3.1009465980529787
88 3.2145176410675047
89 2.697758674621582
90 2.962078113555908
91 3.0360687828063964
92 3.383218593597412
93 3.4792721939086912
94 3.300875635147095
95 3.376495485305786
