7 0
8 0.4696846532821655
9 0.04083084911108017
10 -0.0009868023544549942
11 1.487746844291687
12 1.829653434753418
13 1.3867128849029542
14 1.166366536617279
15 0.6837405443191529
16 0.43486618995666504
17 0.4463607108592987
18 0.9431687021255493
19 2.2393448829650877
20 0.44348313570022585
21 0.19031810700893403
22 0.07003085255622864
23 -0.016462528705596925
24 0.024341618716716765
25 0.3558351397514343
26 1.8074790668487548
27 2.3142999744415285
28 2.9405983543395995
29 2.741053466796875
30 2.473301582336426
31 1.6221139001846314
32 1.1866572380065918
33 2.122624464035034
34 3.12406063079834
35 2.34980366230011
36 -0.049416652023792265
37 -0.16677428781986237
38 -0.13426509499549866
39 -0.05021103471517563
40 0.98694171667099
41 2.6262569427490234
42 2.579270839691162
43 2.551410675048828
44 2.498958110809326
45 2.601670980453491
46 2.7585086822509766
47 2.8606531620025635
48 2.975979919433594
49 2.663869285583496
50 2.600788116455078
51 2.644131898880005
52 2.616339044570923
53 1.2841546022891999
54 0.28818161368370054
55 0.1756016281247139
56 -0.004943848298862577
57 0.09585774928331375
58 1.8575042438507081
59 0.7533202743530274
60 0.41986982196569445
61 -0.027788597345352172
62 -0.3110839170217514
63 -0.47128325939178467
64 -0.5984566307067871
65 -0.8895150375366211
66 -0.9538020253181457
67 -0.8689218068122864
68 -0.6801549553871155
69 -0.40519954085350035
70 0.6947923994064331
71 1.7446124267578125
72 1.703199872970581
73 1.5674863815307618
74 1.6361759901046753
75 2.3097846508026123
76 3.3575408267974853
77 3.3256654739379883
78 3.1933724880218506
79 3.4027206897735596
80 3.551809787750244
81 3.5490498542785645
82 3.5219812202453613
83 3.5495188236236572
84 3.553927421569824
85 3.532351016998291
86 3.5148398876190186
87 3.508775930404663
88 3.3464760780334473
89 3.2383681964874267
90 3.3355977058410646
91 3.4273813915252687
92 2.696387300491333
93 1.8165016794204711
94 1.922539358139038
95 2.0408605766296386
