15 0
16 -0.36378013610839843
17 -0.4123880696296692
18 -0.16514856576919557
19 1.6437812441587447
20 0.27985242784023284
21 0.5465340614318848
22 0.7212249195575714
23 1.0604432916641235
24 0.3008894246816635
25 -0.22963120460510253
26 0.6575255060195923
27 3.1377779483795165
28 2.787696590423584
29 1.0170431423187256
30 2.035699118375778
31 0.9961852598190307
32 -0.04945380628108978
33 1.6130633449554443
34 0.26810798346996306
35 -0.40670929968357084
36 -0.3737667489051819
37 -0.26057633459568025
38 0.6910541009902954
39 2.788804473876953
40 3.034224262237549
41 1.2388174891471864
42 0.6224552398920059
43 1.9264976239204408
44 0.0009346269071102142
45 -0.04810718864202499
46 -0.28964439749717713
47 0.4354101398587227
48 0.46685442507267
49 0.5526745641231536
50 0.4850835287570953
51 1.2383977150917054
52 0.2862152016162872
53 0.24179717022925615
54 0.5412507057189941
55 1.1136130428314208
56 0.17432404667139054
57 0.41023226737976076
58 2.538527946472168
59 1.4322781562805176
60 0.9660881996154785
61 0.7806420278549194
62 1.1600384092330933
63 1.0787834429740906
64 1.957123041152954
65 3.474331283569336
66 3.8381703376770018
67 1.0510386943817138
68 -0.26806210160255434
69 -0.205430805683136
70 -0.5145314335823059
71 -0.3719931149482727
72 0.7030423259735108
73 0.9246243476867676
74 2.7007245874404906
75 1.2895231413841248
76 1.7213967323303223
77 2.630527334213257
78 1.5424636602401733
79 1.153563113808632
80 3.0725767040252685
81 3.20689697265625
82 3.5781319618225096
83 3.681411123275757
84 3.254420528411865
85 0.9947431230545044
86 2.0757288670539857
87 2.7593190670013428
88 2.5888062477111817
89 3.568342504501343
90 3.6982759380340577
91 3.4244974040985108
92 3.408611707687378
93 3.657527265548706
94 1.76009432554245
95 2.43811598777771
