7 0
8 -0.5297658205032348
9 -0.29678345084190366
10 0.12318905591964721
11 1.050596158504486
12 1.3138118171691895
13 1.1183058500289917
14 0.8401512813568115
15 1.448601212501526
16 1.0603307008743286
17 1.0840564060211182
18 0.3069250476360321
19 0.40294966101646423
20 1.0366850900650024
21 1.100495457649231
22 1.2477048063278198
23 1.4693803024291991
24 1.3083381938934326
25 1.8250091075897217
26 2.0467448234558105
27 2.2111870288848876
28 2.479680461883545
29 3.113960313796997
30 3.2183274745941164
31 2.3415868639945985
32 0.3868174946308136
33 0.2541282284259796
34 0.4098202753067017
35 0.2371225166320801
36 -0.112176513671875
37 0.21872271597385406
38 0.22691769897937775
39 0.18527910113334656
40 0.18335402011871338
41 0.8154259759187699
42 1.9012311697006226
43 1.871134877204895
44 1.88417387008667
45 1.9160304069519043
46 2.7616156101226808
47 2.528393259048462
48 2.903373956680298
49 3.0869615268707276
50 3.011144075393677
51 1.6603066444396972
52 0.8757386827468872
53 1.328163959980011
54 1.4757840394973756
55 2.0085599422454834
56 3.0948872566223145
57 2.796412510871887
58 1.8555978202819825
59 2.665789556503296
60 2.8751144409179688
61 2.948878049850464
62 2.48520866394043
63 2.248459577560425
64 2.369507074356079
65 2.335428009033203
66 0.8666511464118958
67 2.5478762722015382
68 1.6143756365776063
69 0.23010314166545867
70 -0.08316824316978455
71 -0.5867868161201477
72 -0.6068687438964844
73 -0.6465602207183838
74 -0.6767802834510803
75 -0.6100167548656463
76 -0.30220927238464357
77 0.7590100049972535
78 1.6105539560317994
79 1.7666279554367066
80 1.8112551689147949
81 1.9351009130477905
82 2.6589847469329833
83 3.079748106002808
84 3.1841810131073
85 3.298590726852417
86 3.1737410545349123
87 3.4150898456573486
88 3.4172840118408203
89 3.4004125595092773
90 3.326871042251587
91 3.5165964126586915
92 3.5858168601989746
93 3.560478754043579
94 3.159979610443115
95 3.29046368598938
