7 0
8 1.1725261211395264
9 1.7394308376312255
10 2.6120824241638183
11 3.2273971366882326
12 2.691829662322998
13 1.6326375389099121
14 -0.06562982186675072
15 -0.36887043714523315
16 -0.3083862805366516
17 -0.2000873076915741
18 0.055020589381456375
19 1.7628207063674928
20 1.2139523649215698
21 1.6092749404907227
22 0.8602249479293823
23 0.6997373461723327
24 0.6427248811721802
25 1.2760124254226684
26 2.092549886703491
27 1.4365999698638916
28 0.8744211125373841
29 0.9881234765052795
30 2.2261269092559814
31 3.098253927230835
32 2.597790451049805
33 2.879086036682129
34 3.2116022872924805
35 3.2223881530761718
36 2.5029804611206057
37 2.257576513290405
38 2.7152667236328125
39 3.2505804824829103
40 3.2115072345733644
41 2.837589740753174
42 2.690628490447998
43 3.316964626312256
44 3.2646665573120117
45 3.2514126300811768
46 3.089664058685303
47 2.965649366378784
48 2.50028244972229
49 2.633040428161621
50 3.081676950454712
51 2.703871250152588
52 1.338086040019989
53 0.5527555608749389
54 1.1210289359092713
55 2.6010915279388427
56 2.8429665088653566
57 2.6731758594512938
58 3.1808495044708254
59 3.1474709510803223
60 3.251269760131836
61 3.3051257133483887
62 3.3480653762817383
63 3.528205633163452
64 3.4065353870391846
65 3.4156858921051025
66 3.3675978565216065
67 3.3057593441009523
68 2.804663324356079
69 3.349699630737305
70 3.030581817626953
71 2.8781814193725586
72 3.4563762378692626
73 2.863111972808838
74 1.9571462869644165
75 3.506770315170288
76 3.4241254329681396
77 3.3763675689697266
78 3.7057018280029297
79 3.782289743423462
80 3.7244315433502195
81 2.6108015155792237
82 2.54502272605896
83 2.5407065296173097
84 1.2286904621124268
85 1.178043348789215
86 3.169443817138672
87 3.3481189441680907
88 3.6355441856384276
89 2.9877375030517577
90 2.7141048908233643
91 3.0733039379119873
92 3.1442556381225586
93 3.3291311264038086
94 3.3588029861450197
95 3.3668065071105957
