1 0
2 0.5135135135135135
3 0.4294117647058823
4 0.7396449704142012
5 0.5302013422818792
6 0.06086956521739131
7 0.0
8 0.0
9 0.008620689655172414
10 0.061224489795918366
11 0.3090909090909091
12 0.38738738738738737
13 0.34545454545454546
14 0.296
15 0.25742574257425743
16 0.4608695652173913
17 0.3902439024390244
18 0.27927927927927926
19 0.36607142857142855
20 0.3706896551724138
21 0.2692307692307692
22 0.32075471698113206
23 0.43902439024390244
24 0.5035971223021583
25 0.41228070175438597
26 0.3302752293577982
27 0.34545454545454546
28 0.3492063492063492
29 0.10091743119266056
30 0.2677165354330709
31 0.46153846153846156
32 0.5689655172413793
33 0.5876288659793815
34 0.5729166666666666
35 0.5578947368421052
36 0.5578947368421052
37 0.5555555555555556
38 0.5727272727272728
39 0.45794392523364486
40 0.2558139534883721
41 0.1958762886597938
42 0.15217391304347827
43 0.1717171717171717
44 0.3018867924528302
45 0.3490566037735849
46 0.2459016393442623
47 0.0
48 0.1865671641791045
49 0.8640350877192983
50 0.13592233009708737
51 0.2358490566037736
52 0.17757009345794392
53 0.0963855421686747
54 0.30392156862745096
55 0.3595505617977528
56 0.45555555555555555
57 0.47058823529411764
58 0.5888888888888889
59 0.5813953488372093
60 0.5882352941176471
61 0.6046511627906976
62 0.5384615384615384
63 0.5
64 0.4603174603174603
65 0.38392857142857145
66 0.4375
67 0.41216216216216217
68 0.36585365853658536
69 0.4853801169590643
70 0.4143646408839779
71 0.32941176470588235
72 0.2708333333333333
73 0.2558139534883721
74 0.32142857142857145
75 0.37662337662337664
76 0.3669064748201439
77 0.4260869565217391
78 0.5242718446601942
79 0.5338983050847458
80 0.53
81 0.42718446601941745
82 0.41836734693877553
83 0.4519230769230769
84 0.3584905660377358
85 0.38738738738738737
86 0.3917525773195876
87 0.422680412371134
88 0.44329896907216493
89 0.46875
90 0.5980392156862745
91 0.7475728155339806
92 0.78125
93 0.6707317073170732
94 0.6193548387096774
95 0.6647058823529411
