12 0
13 0.4311377245508982
14 0.3805309734513274
15 0.4435483870967742
16 0.5333333333333333
17 0.6134453781512605
18 0.5116279069767442
19 0.5658914728682171
20 0.6892655367231638
21 0.2413793103448276
22 0.12244897959183673
23 0.15294117647058825
24 0.14285714285714285
25 0.024096385542168676
26 0.012195121951219513
27 0.10638297872340426
28 0.023255813953488372
29 0.0
30 0.06976744186046512
31 0.3253012048192771
32 0.4326923076923077
33 0.43137254901960786
34 0.6267605633802817
35 0.48299319727891155
36 0.30952380952380953
37 0.2
38 0.08695652173913043
39 0.10857142857142857
40 0.1
41 0.05844155844155844
42 0.06293706293706294
43 0.09333333333333334
44 0.009708737864077669
45 0.0
46 0.0
47 0.0
48 0.0
49 0.0379746835443038
50 0.1038961038961039
51 0.16883116883116883
52 0.21518987341772153
53 0.2866666666666667
54 0.3349282296650718
55 0.21468926553672316
56 0.30177514792899407
57 0.3402777777777778
58 0.38461538461538464
59 0.32857142857142857
60 0.40939597315436244
61 0.2578616352201258
62 0.06666666666666667
63 0.1568627450980392
64 0.3172043010752688
65 0.33532934131736525
66 0.27564102564102566
67 0.556910569105691
68 0.3283582089552239
69 0.17355371900826447
70 0.3173076923076923
71 0.8159509202453987
72 0.5284552845528455
73 0.24770642201834864
74 0.2857142857142857
75 0.24183006535947713
76 0.2733333333333333
77 0.3106060606060606
78 0.34306569343065696
79 0.3870967741935484
80 0.5164835164835165
81 0.5283018867924528
82 0.5
83 0.39805825242718446
84 0.5204081632653061
85 0.5196078431372549
86 0.5384615384615384
87 0.5333333333333333
88 0.5729166666666666
89 0.7333333333333333
90 0.7204301075268817
91 0.7634408602150538
92 0.7934782608695652
93 0.6666666666666666
94 0.38235294117647056
95 0.19642857142857142
