11 0
12 -0.14014257460832596
13 -0.38703346252441406
14 -0.32617392897605896
15 0.6290806937217712
16 1.9964341926574707
17 1.2653700113296509
18 1.5720914316177368
19 2.589334726333618
20 3.0535284519195556
21 2.602619180679321
22 1.2559945344924928
23 0.4606893312931061
24 0.34603068232536316
25 0.9070812273025513
26 2.5894272327423096
27 3.4220263957977295
28 3.3473923587799073
29 3.3717222213745117
30 3.380793809890747
31 3.4073801040649414
32 3.3628084659576416
33 3.3984928131103516
34 3.4257559776306152
35 3.0343190479278563
36 2.605598211288452
37 2.431307077407837
38 2.8680330085754395
39 3.476457395553589
40 3.167443323135376
41 2.7799098110198974
42 2.6172649002075197
43 1.871720314025879
44 2.3245995235443115
45 2.469498176574707
46 3.0633983612060547
47 3.382520914077759
48 3.3836166858673096
49 3.3915300369262695
50 3.40372371673584
51 3.4125730991363525
52 3.4136550426483154
53 3.412610492706299
54 2.4504200077056884
55 1.559948582649231
56 1.1532087993621827
57 1.0221529006958008
58 1.8511042594909668
59 2.934591007232666
60 3.4700424671173096
61 3.13735032081604
62 3.5566205883026125
63 3.5531399059295654
64 3.5528993606567383
65 3.516160488128662
66 3.5375686931610106
67 3.603006362915039
68 3.603832244873047
69 3.574268341064453
70 3.3980586338043213
71 3.511617298126221
72 3.5544753074645996
73 3.5510900020599365
74 3.5983872604370117
75 3.3734106063842773
76 2.1737393856048586
77 2.3275929260253907
78 2.024354934692383
79 2.3094951009750364
80 2.701829671859741
81 2.8670248222351074
82 3.1568562984466553
83 3.3156408309936523
84 3.421110153198242
85 3.4502910804748534
86 3.4141435623168945
87 3.438746929168701
88 3.765092611312866
89 3.784604787826538
90 3.5561506748199463
91 3.4435698986053467
92 3.428896427154541
93 3.462944507598877
94 3.4712157249450684
95 3.5111019611358643
