12 0
13 2.8256084060668947
14 1.1667032146453857
15 0.5237337565422058
16 0.02904431164264679
17 -0.2587877702713013
18 -0.24762650966644287
19 -0.27499600291252135
20 -0.1394548684358597
21 0.1441499888896942
22 0.617633581161499
23 0.9679571270942688
24 0.8551100540161133
25 0.40269086480140687
26 0.6309215357899666
27 1.566663498878479
28 1.4354380798339843
29 1.3198511600494385
30 1.664336986541748
31 2.011442308425903
32 3.1023653316497803
33 1.9215340995788575
34 0.6069903397560119
35 0.3037141613662243
36 -0.12480976011604071
37 0.36086002737283707
38 1.6882585930824279
39 2.061526508331299
40 1.331372241973877
41 1.2896857261657715
42 2.0912985467910765
43 2.2216506004333496
44 3.331283588409424
45 0.9372777378559113
46 0.07483900636434555
47 0.08331629676744341
48 0.017228670231997967
49 2.1880625915527343
50 2.716187629699707
51 3.066379041671753
52 3.5281167030334473
53 3.4439639186859132
54 3.3039000034332275
55 3.4215160369873048
56 3.4195828437805176
57 2.965538568496704
58 2.726346287727356
59 0.12887789726257323
60 -0.21737260103225708
61 -0.2572052478790283
62 -0.2446221560239792
63 1.4134959125518798
64 2.6058781147003174
65 3.3321089553833008
66 3.234813413619995
67 3.272653102874756
68 3.356022834777832
69 3.002691421508789
70 3.4378536891937257
71 3.275153188705444
72 3.201653480529785
73 3.35790904045105
74 3.4993233680725098
75 3.208284521102905
76 3.4549000549316404
77 2.6862665462493895
78 0.34113716304302216
79 -0.0996258008480072
80 -0.11514331847429275
81 0.2421250522136688
82 1.7811861896514893
83 2.6778102254867555
84 1.4077462339401245
85 1.3162761688232423
86 2.494400978088379
87 2.89693021774292
88 3.5978667736053467
89 3.599576473236084
90 3.5955737113952635
91 3.4909894466400146
92 3.363435745239258
93 3.4760653972625732
94 3.519848585128784
95 3.6057781887054445
