17 0
18 0.07692307692307693
19 0.5882352941176471
20 0.5378787878787878
21 0.4854368932038835
22 0.4925373134328358
23 0.46258503401360546
24 0.3776223776223776
25 0.22580645161290322
26 0.4444444444444444
27 0.696078431372549
28 0.59375
29 0.4117647058823529
30 0.5569620253164557
31 0.525
32 0.4636363636363636
33 0.5405405405405406
34 0.379746835443038
35 0.28654970760233917
36 0.17647058823529413
37 0.11627906976744186
38 0.27
39 0.5490196078431373
40 0.4745762711864407
41 0.39344262295081966
42 0.32653061224489793
43 0.4110429447852761
44 0.18181818181818182
45 0.0
46 0.0
47 0.056338028169014086
48 0.029411764705882353
49 0.0
50 0.14754098360655737
51 0.2
52 0.1566265060240964
53 0.45348837209302323
54 0.6178861788617886
55 0.6230769230769231
56 0.5072463768115942
57 0.5
58 0.432
59 0.40869565217391307
60 0.421875
61 0.45323741007194246
62 0.35514018691588783
63 0.2773109243697479
64 0.24074074074074073
65 0.31297709923664124
66 0.32075471698113206
67 0.33532934131736525
68 0.28104575163398693
69 0.28104575163398693
70 0.25170068027210885
71 0.28289473684210525
72 0.37267080745341613
73 0.36065573770491804
74 0.5056179775280899
75 0.42424242424242425
76 0.42063492063492064
77 0.46601941747572817
78 0.3229166666666667
79 0.4528301886792453
80 0.4222222222222222
81 0.4444444444444444
82 0.5196078431372549
83 0.5922330097087378
84 0.5590551181102362
85 0.36082474226804123
86 0.4247787610619469
87 0.5050505050505051
88 0.5643564356435643
89 0.673469387755102
90 0.6846846846846847
91 0.6764705882352942
92 0.7524752475247525
93 0.5760869565217391
94 0.44
95 0.506578947368421
