17 0
18 0.48148148148148145
19 0.3783783783783784
20 0.37272727272727274
21 0.43243243243243246
22 0.4247787610619469
23 0.43243243243243246
24 0.44144144144144143
25 0.43478260869565216
26 0.45454545454545453
27 0.46788990825688076
28 0.45794392523364486
29 0.45614035087719296
30 0.45871559633027525
31 0.5944055944055944
32 0.7701149425287356
33 0.6949152542372882
34 0.42276422764227645
35 0.1276595744680851
36 0.27472527472527475
37 0.6065573770491803
38 0.8041237113402062
39 0.7831325301204819
40 0.7901234567901234
41 0.8024691358024691
42 0.7948717948717948
43 0.7840909090909091
44 0.8023255813953488
45 0.8023255813953488
46 0.7901234567901234
47 0.8227848101265823
48 0.7631578947368421
49 0.5934065934065934
50 0.6559139784946236
51 0.8247422680412371
52 0.8571428571428571
53 0.7627118644067796
54 0.4897959183673469
55 0.4090909090909091
56 0.638095238095238
57 0.75
58 0.6790123456790124
59 0.7375
60 0.7777777777777778
61 0.7654320987654321
62 0.7625
63 0.7777777777777778
64 0.7777777777777778
65 0.7441860465116279
66 0.7311827956989247
67 0.6060606060606061
68 0.5436893203883495
69 0.7522935779816514
70 0.7586206896551724
71 0.3106796116504854
72 0.3584905660377358
73 0.42727272727272725
74 0.4074074074074074
75 0.5645161290322581
76 0.520618556701031
77 0.313953488372093
78 0.3273809523809524
79 0.4701492537313433
80 0.5964912280701754
81 0.5740740740740741
82 0.5304347826086957
83 0.44660194174757284
84 0.4090909090909091
85 0.40540540540540543
86 0.425
87 0.3826086956521739
88 0.45132743362831856
89 0.46
90 0.5714285714285714
91 0.7380952380952381
92 0.7831325301204819
93 0.6774193548387096
94 0.8647058823529412
95 0.43548387096774194
