7 0
8 0.5684210526315789
9 0.66
10 0.7368421052631579
11 0.776595744680851
12 0.0
13 0.3870967741935484
14 0.2523364485981308
15 0.10619469026548672
16 0.417910447761194
17 0.5583333333333333
18 0.5425531914893617
19 0.5619047619047619
20 0.5340909090909091
21 0.5882352941176471
22 0.47572815533980584
23 0.35714285714285715
24 0.7266187050359713
25 0.7814569536423841
26 0.2222222222222222
27 0.058823529411764705
28 0.012987012987012988
29 0.03896103896103896
30 0.1728395061728395
31 0.14814814814814814
32 0.27
33 0.3258426966292135
34 0.34065934065934067
35 0.4
36 0.4606741573033708
37 0.46511627906976744
38 0.4943820224719101
39 0.5681818181818182
40 0.5473684210526316
41 0.5368421052631579
42 0.5360824742268041
43 0.6228070175438597
44 0.5803571428571429
45 0.34782608695652173
46 0.024096385542168676
47 0.0
48 0.0
49 0.0
50 0.061855670103092786
51 0.21359223300970873
52 0.19540229885057472
53 0.2808988764044944
54 0.3333333333333333
55 0.2875
56 0.42168674698795183
57 0.5625
58 0.65
59 0.6309523809523809
60 0.6666666666666666
61 0.6746987951807228
62 0.7037037037037037
63 0.6741573033707865
64 0.5679012345679012
65 0.5584415584415584
66 0.5517241379310345
67 0.4807692307692308
68 0.4631578947368421
69 0.425531914893617
70 0.45348837209302323
71 0.4367816091954023
72 0.5148514851485149
73 0.5760869565217391
74 0.5833333333333334
75 0.5833333333333334
76 0.5795454545454546
77 0.61
78 0.625
79 0.6265060240963856
80 0.6352941176470588
81 0.5903614457831325
82 0.573170731707317
83 0.5952380952380952
84 0.5747126436781609
85 0.6153846153846154
86 0.6666666666666666
87 0.7142857142857143
88 0.7435897435897436
89 0.7625
90 0.803030303030303
91 0.6902654867256637
92 0.7804878048780488
93 0.7976190476190477
94 0.6728971962616822
95 0.3543307086614173
