7 0
8 0.33121019108280253
9 0.5804878048780487
10 0.4266666666666667
11 0.16901408450704225
12 0.10606060606060606
13 0.1487603305785124
14 0.0743801652892562
15 0.0967741935483871
16 0.02142857142857143
17 0.06521739130434782
18 0.0
19 0.0
20 0.0
21 0.0
22 0.06993006993006994
23 0.19402985074626866
24 0.26153846153846155
25 0.21014492753623187
26 0.2033898305084746
27 0.22641509433962265
28 0.23636363636363636
29 0.35833333333333334
30 0.2734375
31 0.08737864077669903
32 0.0
33 0.1308411214953271
34 0.28205128205128205
35 0.34615384615384615
36 0.33962264150943394
37 0.5148514851485149
38 0.5565217391304348
39 0.4444444444444444
40 0.3942307692307692
41 0.3333333333333333
42 0.37383177570093457
43 0.34285714285714286
44 0.4230769230769231
45 0.45714285714285713
46 0.504950495049505
47 0.46788990825688076
48 0.4090909090909091
49 0.3
50 0.24691358024691357
51 0.3448275862068966
52 0.3875
53 0.4268292682926829
54 0.4235294117647059
55 0.379746835443038
56 0.4166666666666667
57 0.44761904761904764
58 0.5339805825242718
59 0.55
60 0.6018518518518519
61 0.48936170212765956
62 0.42696629213483145
63 0.3333333333333333
64 0.29591836734693877
65 0.352
66 0.3270440251572327
67 0.2356687898089172
68 0.17687074829931973
69 0.2532467532467532
70 0.3006535947712418
71 0.48936170212765956
72 0.552
73 0.44715447154471544
74 0.4420289855072464
75 0.44776119402985076
76 0.3983050847457627
77 0.43478260869565216
78 0.4224137931034483
79 0.2736842105263158
80 0.3522727272727273
81 0.3372093023255814
82 0.4387755102040816
83 0.5306122448979592
84 0.5473684210526316
85 0.3953488372093023
86 0.38271604938271603
87 0.43037974683544306
88 0.5316455696202531
89 0.6363636363636364
90 0.6923076923076923
91 0.7051282051282052
92 0.7468354430379747
93 0.7468354430379747
94 0.7468354430379747
95 0.759493670886076
