2 0
3 0.43599706813693045
4 2.400498085021973
5 0.4872916114330292
6 -0.2902840542793274
7 -0.35935925245285033
8 -0.3817343521118164
9 1.0645500354468822
10 0.46453838735818864
11 0.22186537846922874
12 0.28127158284187315
13 0.8732710599899292
14 -0.1087764821946621
15 -0.5951881587505341
16 -0.12485295325517655
17 0.48843368589878083
18 0.5517979347705841
19 -0.0035954094491899014
20 0.11718307435512543
21 0.5314500546455383
22 0.29949434131383895
23 1.026514039039612
24 1.0489475107192994
25 0.6249559855461121
26 0.9278807640075684
27 0.91542649269104
28 1.0244521617889404
29 1.9259917259216308
30 2.3058692836761474
31 0.5061408185958862
32 0.11686346054077149
33 0.5725975656509399
34 1.8341788625717164
35 1.4439504337310791
36 2.655442476272583
37 1.6759134435653686
38 1.1526094579696655
39 0.6749748063087463
40 0.36587182998657225
41 0.24725969672203063
42 0.11012520641088486
43 0.16464711725711823
44 0.43474916577339173
45 1.459577341079712
46 1.9007177543640137
47 1.3735520029067994
48 0.6069634079933166
49 0.25379664421081544
50 0.20285937190055847
51 0.49199551463127134
52 0.5243054628372192
53 1.0874261045455933
54 2.724278688430786
55 3.070660400390625
56 3.374586343765259
57 3.8062135410308837
58 3.7348844718933107
59 2.689493818283081
60 0.9976777648925781
61 0.35993674516677854
62 0.2567659020423889
63 0.3504271709918976
64 0.3740877497196198
65 0.23413323737680913
66 0.3528581774234772
67 -0.17210971355438232
68 -0.36163330078125
69 -0.2909323930740356
70 0.25638109564781186
71 2.020664668083191
72 2.194997401237488
73 0.9720099258422852
74 0.8875525069236755
75 0.8982055902481079
76 0.28202444314956665
77 0.24152891248464584
78 0.3924576860666275
79 0.9151222324371338
80 1.1482088804244994
81 1.8572906923294068
82 2.1868309783935547
83 1.679831337928772
84 1.6540770864486694
85 1.3999542951583863
86 1.6271816492080688
87 1.7447506189346313
88 1.831151008605957
89 2.102635145187378
90 2.8084208965301514
91 3.1809942722320557
92 3.1448378562927246
93 3.146851062774658
94 3.151902914047241
95 3.172429323196411
