15 0
16 0.648356395214796
17 -0.41856428265571594
18 -0.45848617553710935
19 -0.40267752766609194
20 0.994078872203827
21 1.6690734434127807
22 1.4412582635879516
23 0.911170044541359
24 -0.11799311339855194
25 0.1419067272543907
26 0.6985682082176209
27 -0.35276438772678376
28 0.6341208863258362
29 2.1139355850219728
30 0.391858971118927
31 1.1875296878814696
32 3.8914577198028564
33 3.08096022605896
34 0.6098511528968811
35 -0.33522385835647583
36 -0.15129847347736358
37 0.472199569940567
38 0.28289309799671175
39 -0.13408468842506407
40 0.2699587643146515
41 3.3200702762603758
42 3.2512953662872315
43 1.8708024311065674
44 -0.08192399501800537
45 -0.35737992882728575
46 -0.2421385794878006
47 -0.25626534342765805
48 1.000703325867653
49 2.1578682804107667
50 1.9709432554244994
51 0.8121445655822754
52 -0.043843481540679935
53 -0.08467352017760277
54 0.527258324623108
55 2.4352356433868407
56 2.0978688907623293
57 0.7002103549242019
58 -0.10655685007572174
59 -0.2637225478887558
60 -0.4868789315223694
61 -0.4316258776187897
62 -0.4091855466365814
63 -0.1902182072401047
64 0.9879760110378265
65 -0.4314690470695496
66 -0.28064217656850815
67 0.26305384874343873
68 0.28288717806339264
69 0.13607125520706176
70 0.42644198417663576
71 2.1202242279052737
72 2.3463873958587644
73 -0.02817260444164276
74 -0.29236786425113676
75 -0.41415153980255126
76 -0.3914665114879608
77 -0.28092689037323
78 0.1056150421500206
79 1.7014778232574463
80 0.31846818447113034
81 0.49022449970245363
82 0.5191269254684449
83 1.1332327699661255
84 2.4436476039886474
85 2.8646568202972413
86 2.7307095909118653
87 1.950542163848877
88 2.6067356491088867
89 2.432748374938965
90 1.2279653525352479
91 1.2721846103668213
92 2.931668691635132
93 2.0093544864654542
94 0.5319784736633301
95 0.6552135181427002
