7 0
8 0.0168412446975708
9 0.3430572711676359
10 0.4236029326915741
11 0.7516661286354065
12 0.8505545401573181
13 0.9743271684646606
14 1.2297191047668456
15 1.4649727582931518
16 1.1626821041107178
17 0.9931094717979431
18 0.4665452218055725
19 0.38554985642433165
20 0.876373736858368
21 1.019975221157074
22 0.732192485332489
23 0.9275682926177978
24 1.048264377117157
25 0.3389606297016144
26 0.4153183424472809
27 2.7723475456237794
28 2.8765276527404784
29 2.817324466705322
30 1.366861572265625
31 0.9429469013214111
32 1.765196304321289
33 1.9793966388702393
34 2.0666777819395064
35 -0.08190036797896028
36 0.2229021030664444
37 0.7651353645324707
38 1.223218448162079
39 0.39570494651794436
40 1.4266546964645386
41 0.7973776696622372
42 -0.12456518054008484
43 -0.07587787628173828
44 -0.11365580350160599
45 0.1435636129975319
46 -0.04773404359817505
47 0.7984159815311432
48 1.8511522463709116
49 0.6510683369636535
50 0.7859187364578247
51 2.08967661857605
52 1.7822489166259765
53 2.6639209842681884
54 1.429057240486145
55 2.4828078746795654
56 3.0761436367034913
57 3.685425901412964
58 1.4448634469509125
59 -0.21015831232070922
60 -0.3975407111644745
61 0.19878007769584655
62 0.6110943555831909
63 1.2497606468200684
64 1.0320734786987305
65 0.3951189596951008
66 -0.3050534359831363
67 -0.8756766796112061
68 -0.6801430034637451
69 -0.6159169757366181
70 -0.4800931441783905
71 -0.39377751348540185
72 0.01857371911406517
73 0.7102955806255341
74 1.057185091972351
75 0.8283873796463013
76 0.7133722043037415
77 0.6758604645729065
78 1.0191931104660035
79 2.4717860126495363
80 2.5232380390167237
81 2.7273180103302
82 2.708041801452637
83 2.695675420761108
84 3.2128450870513916
85 3.427196502685547
86 3.4425203800201416
87 3.5173052310943604
88 3.483210201263428
89 3.690680742263794
90 3.294460344314575
91 2.440806894302368
92 2.371432065963745
93 2.508026041984558
94 0.7170135781448335
95 -0.44265645802021025
