11 0
12 2.156362190246582
13 2.2031523323059083
14 0.8855580508708953
15 0.5622921705245971
16 0.87264319896698
17 3.1795969867706297
18 0.12658584669232367
19 -0.29574984312057495
20 -0.3758613169193268
21 -0.08539744436740876
22 3.0179257678985594
23 1.0573556113243103
24 1.4557728385925293
25 0.5006924724578857
26 -0.06696757435798645
27 -0.05978089079260826
28 2.521587986946106
29 0.4402910685539246
30 0.41212380200624465
31 -0.257216265052557
32 -0.5308450603485108
33 -0.44326555490493774
34 -0.07755641460418701
35 -0.2234334497153759
36 -0.7540070724487304
37 -0.8979527115821838
38 -0.21004278360807802
39 1.7734346961975098
40 1.7901743316650391
41 1.398817868232727
42 2.3553068923950193
43 1.535675777196884
44 2.820948209762573
45 1.6241154813766479
46 0.11413207799196243
47 0.2613588809967041
48 0.9426710605621338
49 1.777958917617798
50 2.7556071281433105
51 3.2798493003845213
52 3.63456244468689
53 3.623614721298218
54 2.5266897773742674
55 0.3944683429598808
56 -0.072121364697814
57 0.004496172592043876
58 -0.11829131215810776
59 0.46130675077438354
60 1.9068112516403197
61 2.174526906013489
62 0.391848201751709
63 0.108767591714859
64 -0.42500431060791016
65 -0.6153541135787964
66 -0.6236183047294617
67 -0.6760246157646179
68 -0.7201330828666687
69 -0.8377557444572449
70 -0.82748774766922
71 -0.7316340208053589
72 -0.664370014667511
73 -0.5118088722229004
74 -0.5055418610572815
75 -0.508719892501831
76 -0.41045901626348497
77 -0.004003109876066446
78 0.6695343333398341
79 2.0025709438323975
80 2.5610176658630373
81 2.9007856845855713
82 2.5701303005218508
83 2.4701519298553465
84 2.903486337661743
85 3.2083652019500732
86 3.220249891281128
87 3.2291481494903564
88 3.8059298992156982
89 3.7974915504455566
90 3.6068822288513185
91 3.5128923225402833
92 3.5477538108825684
93 3.5683445930480957
94 3.5391612529754637
95 2.9552432441711427
