7 0
8 0.5257731958762887
9 0.5520833333333334
10 0.5567010309278351
11 0.5833333333333334
12 0.5918367346938775
13 0.5773195876288659
14 0.5925925925925926
15 0.628099173553719
16 0.5172413793103449
17 0.17272727272727273
18 0.0
19 0.0
20 0.0
21 0.0
22 0.0
23 0.027522935779816515
24 0.10476190476190476
25 0.07920792079207921
26 0.20958083832335328
27 0.16574585635359115
28 0.26153846153846155
29 0.4
30 0.4942528735632184
31 0.39759036144578314
32 0.3076923076923077
33 0.2727272727272727
34 0.2608695652173913
35 0.17261904761904762
36 0.17164179104477612
37 0.4573643410852713
38 0.7230769230769231
39 0.4431818181818182
40 0.36666666666666664
41 0.35353535353535354
42 0.4740740740740741
43 0.4857142857142857
44 0.45
45 0.13740458015267176
46 0.0
47 0.0
48 0.009174311926605505
49 0.12149532710280374
50 0.35714285714285715
51 0.5343511450381679
52 0.5789473684210527
53 0.4891304347826087
54 0.4838709677419355
55 0.5294117647058824
56 0.5229357798165137
57 0.5040650406504065
58 0.3958333333333333
59 0.15384615384615385
60 0.0
61 0.07476635514018691
62 0.0
63 0.0
64 0.0
65 0.06521739130434782
66 0.16911764705882354
67 0.3262411347517731
68 0.4338235294117647
69 0.464
70 0.23595505617977527
71 0.35789473684210527
72 0.6293103448275862
73 0.36585365853658536
74 0.1
75 0.0234375
76 0.10569105691056911
77 0.05555555555555555
78 0.010101010101010102
79 0.018867924528301886
80 0.0
81 0.0
82 0.0
83 0.0
84 0.07865168539325842
85 0.23469387755102042
86 0.30927835051546393
87 0.30526315789473685
88 0.19047619047619047
89 0.11224489795918367
90 0.11702127659574468
91 0.10344827586206896
92 0.2169811320754717
93 0.3333333333333333
94 0.4424778761061947
95 0.43564356435643564
