7 0
8 1.5755559873580933
9 3.158730974197388
10 2.962138271331787
11 2.9303019142150877
12 2.6146027088165282
13 2.5502334308624266
14 1.1600021409988404
15 0.5220567762851716
16 0.8250322341918945
17 1.817755904197693
18 1.148759036064148
19 -0.22493142783641815
20 -0.27926014304161073
21 -0.26404705047607424
22 0.11527039662003517
23 2.705326838493347
24 1.2015425491333007
25 0.9806049346923829
26 0.8428300833702087
27 0.2095627462863922
28 0.5287929284572601
29 2.170806622505188
30 0.7683182227611541
31 -0.13939107179641724
32 -0.5811685705184937
33 -0.5366795015335083
34 -0.22071874052286147
35 -0.04350663930177689
36 -0.7198292517662048
37 -0.9398924922943115
38 -0.1626799188554287
39 1.5233415842056275
40 1.8659422063827515
41 1.4275063562393189
42 1.5379532527923585
43 0.8638514339923858
44 2.5716431617736815
45 1.7473641991615296
46 0.35230121850967405
47 0.19514334797859192
48 0.39580806970596316
49 1.3084549760818482
50 1.9187408685684204
51 2.7423221015930177
52 3.1408443450927734
53 3.2882784366607667
54 2.7712507915496825
55 0.5347508981823921
56 0.18308783240616322
57 0.25192013025283816
58 -0.04541531935334206
59 0.04473981261253357
60 0.690479712486267
61 1.7580156230926514
62 0.6783519816398621
63 0.17299140840768815
64 -0.389031493216753
65 -0.6479373168945313
66 -0.6196065545082092
67 -0.6216306447982788
68 -0.7201330828666687
69 -0.8377557444572449
70 -0.82748774766922
71 -0.6872698664665222
72 -0.6228885698318481
73 -0.46124720573425293
74 -0.4519546329975128
75 -0.4414657318592072
76 -0.3413358449935913
77 0.061661526560783386
78 0.72202154815197
79 1.8595287561416627
80 1.8535641241073608
81 2.108668804168701
82 2.026945781707764
83 2.452254114151001
84 2.61602822303772
85 2.691035509109497
86 2.9619827270507812
87 2.9763827323913574
88 3.0015869140625
89 3.2147626876831055
90 3.521019124984741
91 3.4282738876342775
92 3.480109453201294
93 3.5531651973724365
94 3.594803171157837
95 3.0888562393188477
