1 0
2 0.29310344827586204
3 0.19745222929936307
4 0.2064516129032258
5 0.2641509433962264
6 0.3013698630136986
7 0.29577464788732394
8 0.4213197969543147
9 0.168141592920354
10 0.13559322033898305
11 0.25
12 0.8909952606635071
13 0.2905982905982906
14 0.5364583333333334
15 0.5963855421686747
16 0.4666666666666667
17 0.24742268041237114
18 0.5637254901960784
19 0.6107784431137725
20 0.5668449197860963
21 0.4098360655737705
22 0.6538461538461539
23 0.15476190476190477
24 0.14606741573033707
25 0.7684729064039408
26 0.4489795918367347
27 0.5376344086021505
28 0.5463917525773195
29 0.49523809523809526
30 0.5267857142857143
31 0.5701754385964912
32 0.5178571428571429
33 0.4576271186440678
34 0.4583333333333333
35 0.35074626865671643
36 0.3227848101265823
37 0.46153846153846156
38 0.5035971223021583
39 0.29245283018867924
40 0.3050847457627119
41 0.36065573770491804
42 0.612565445026178
43 0.3118279569892473
44 0.33043478260869563
45 0.3442622950819672
46 0.2251655629139073
47 0.19047619047619047
48 0.2907801418439716
49 0.39215686274509803
50 0.42528735632183906
51 0.4954128440366973
52 0.559322033898305
53 0.5888888888888889
54 0.8359375
55 0.5725190839694656
56 0.09278350515463918
57 0.042105263157894736
58 0.3559322033898305
59 0.7333333333333333
60 0.7325581395348837
61 0.6021505376344086
62 0.494949494949495
63 0.5986842105263158
64 0.41237113402061853
65 0.24468085106382978
66 0.17
67 0.12048192771084337
68 0.27586206896551724
69 0.8580645161290322
70 0.5503355704697986
71 0.2734375
72 0.3382352941176471
73 0.5984848484848485
74 0.7770700636942676
75 0.4153846153846154
76 0.3475177304964539
77 0.30833333333333335
78 0.3162393162393162
79 0.47692307692307695
80 0.5465116279069767
81 0.4457831325301205
82 0.46511627906976744
83 0.43
84 0.336734693877551
85 0.5
86 0.6851851851851852
87 0.65625
88 0.6956521739130435
89 0.6
90 0.6436781609195402
91 0.7261904761904762
92 0.7901234567901234
93 0.7901234567901234
94 0.7906976744186046
95 0.7142857142857143
