1 0
2 0.48598130841121495
3 0.6120689655172413
4 0.6826923076923077
5 0.5111111111111111
6 0.5421686746987951
7 0.5
8 0.30973451327433627
9 0.06741573033707865
10 0.05128205128205128
11 0.058333333333333334
12 0.07476635514018691
13 0.0297029702970297
14 0.010526315789473684
15 0.07
16 0.2962962962962963
17 0.3
18 0.31
19 0.37254901960784315
20 0.3883495145631068
21 0.3838383838383838
22 0.4077669902912621
23 0.3577981651376147
24 0.42735042735042733
25 0.3469387755102041
26 0.42718446601941745
27 0.5106382978723404
28 0.5529411764705883
29 0.5476190476190477
30 0.5204081632653061
31 0.4090909090909091
32 0.32
33 0.3218390804597701
34 0.36904761904761907
35 0.3645833333333333
36 0.27522935779816515
37 0.1891891891891892
38 0.23255813953488372
39 0.32941176470588235
40 0.4166666666666667
41 0.3617021276595745
42 0.297029702970297
43 0.38461538461538464
44 0.494949494949495
45 0.550561797752809
46 0.5604395604395604
47 0.4444444444444444
48 0.26804123711340205
49 0.36036036036036034
50 0.51
51 0.6086956521739131
52 0.7073170731707317
53 0.6781609195402298
54 0.5684210526315789
55 0.46987951807228917
56 0.5238095238095238
57 0.6129032258064516
58 0.6702127659574468
59 0.7590361445783133
60 0.8314606741573034
61 0.7090909090909091
62 0.6063829787234043
63 0.75
64 0.7522123893805309
65 0.5263157894736842
66 0.3971631205673759
67 0.08333333333333333
68 0.06666666666666667
69 0.075
70 0.07758620689655173
71 0.09009009009009009
72 0.12844036697247707
73 0.0891089108910891
74 0.18518518518518517
75 0.3333333333333333
76 0.4174757281553398
77 0.4725274725274725
78 0.5384615384615384
79 0.6373626373626373
80 0.6582278481012658
81 0.6666666666666666
82 0.632183908045977
83 0.5930232558139535
84 0.6
85 0.5764705882352941
86 0.5882352941176471
87 0.6190476190476191
88 0.6341463414634146
89 0.6585365853658537
90 0.691358024691358
91 0.7215189873417721
92 0.7654320987654321
93 0.7792207792207793
94 0.7662337662337663
95 0.75
