1 0
2 0.6695652173913044
3 0.6396396396396397
4 0.4065934065934066
5 0.4065934065934066
6 0.7557251908396947
7 0.5086206896551724
8 0.4205607476635514
9 0.46017699115044247
10 0.5263157894736842
11 0.5172413793103449
12 0.6810344827586207
13 0.5769230769230769
14 0.2831858407079646
15 0.0975609756097561
16 0.10077519379844961
17 0.011904761904761904
18 0.07692307692307693
19 0.16279069767441862
20 0.09278350515463918
21 0.6826923076923077
22 0.48514851485148514
23 0.36666666666666664
24 0.4583333333333333
25 0.5663716814159292
26 0.6037735849056604
27 0.7011494252873564
28 0.5647058823529412
29 0.4
30 0.4024390243902439
31 0.7010309278350515
32 0.6724137931034483
33 0.673469387755102
34 0.69
35 0.7676767676767676
36 0.6941176470588235
37 0.7294117647058823
38 0.7875
39 0.8333333333333334
40 0.7419354838709677
41 0.6666666666666666
42 0.6551724137931034
43 0.7209302325581395
44 0.7142857142857143
45 0.7093023255813954
46 0.646551724137931
47 0.6024096385542169
48 0.59375
49 0.7195121951219512
50 0.7640449438202247
51 0.7916666666666666
52 0.6451612903225806
53 0.5652173913043478
54 0.69
55 0.7954545454545454
56 0.7727272727272727
57 0.6470588235294118
58 0.6979166666666666
59 0.7215189873417721
60 0.6813186813186813
61 0.6744186046511628
62 0.7176470588235294
63 0.7294117647058823
64 0.7411764705882353
65 0.7407407407407407
66 0.7558139534883721
67 0.7934782608695652
68 0.7441860465116279
69 0.8478260869565217
70 0.8191489361702128
71 0.8279569892473119
72 0.7622950819672131
73 0.5961538461538461
74 0.5
75 0.6565656565656566
76 0.6025641025641025
77 0.6666666666666666
78 0.6493506493506493
79 0.6419753086419753
80 0.6292134831460674
81 0.5934065934065934
82 0.5421686746987951
83 0.5227272727272727
84 0.4722222222222222
85 0.47058823529411764
86 0.51
87 0.6
88 0.7142857142857143
89 0.7666666666666667
90 0.6923076923076923
91 0.6923076923076923
92 0.675
93 0.6875
94 0.7215189873417721
95 0.725
