12 0
13 0.189873417721519
14 0.3503184713375796
15 0.37962962962962965
16 0.42857142857142855
17 0.36129032258064514
18 0.33116883116883117
19 0.3870967741935484
20 0.42758620689655175
21 0.4066666666666667
22 0.4796747967479675
23 0.39849624060150374
24 0.36
25 0.3076923076923077
26 0.4161073825503356
27 0.6730769230769231
28 0.6756756756756757
29 0.6216216216216216
30 0.6964285714285714
31 0.5203252032520326
32 0.4036697247706422
33 0.43023255813953487
34 0.39655172413793105
35 0.36363636363636365
36 0.3025210084033613
37 0.2839506172839506
38 0.3125
39 0.4431818181818182
40 0.47959183673469385
41 0.5909090909090909
42 0.47572815533980584
43 0.3446327683615819
44 0.13333333333333333
45 0.10365853658536585
46 0.3641025641025641
47 0.3741496598639456
48 0.15748031496062992
49 0.1232876712328767
50 0.14960629921259844
51 0.29411764705882354
52 0.23863636363636365
53 0.27956989247311825
54 0.37362637362637363
55 0.6021505376344086
56 0.6538461538461539
57 0.5714285714285714
58 0.4056603773584906
59 0.3103448275862069
60 0.16
61 0.272
62 0.392
63 0.4264705882352941
64 0.41721854304635764
65 0.3422459893048128
66 0.1
67 0.3142857142857143
68 0.25517241379310346
69 0.24413145539906103
70 0.23809523809523808
71 0.3032258064516129
72 0.2391304347826087
73 0.2647058823529412
74 0.35714285714285715
75 0.26865671641791045
76 0.3783783783783784
77 0.4807692307692308
78 0.4536082474226804
79 0.4421052631578947
80 0.5
81 0.5267857142857143
82 0.3708609271523179
83 0.32894736842105265
84 0.5793103448275863
85 0.5845070422535211
86 0.4083333333333333
87 0.5909090909090909
88 0.7741935483870968
89 0.6695652173913044
90 0.5188679245283019
91 0.5670103092783505
92 0.5463917525773195
93 0.5576923076923077
94 0.6
95 0.47580645161290325
