12 0
13 0.3620689655172414
14 0.4479166666666667
15 0.5714285714285714
16 0.3711340206185567
17 0.5691056910569106
18 0.37383177570093457
19 0.45454545454545453
20 0.5045045045045045
21 0.5327868852459017
22 0.42452830188679247
23 0.43902439024390244
24 0.40441176470588236
25 0.33962264150943394
26 0.38317757009345793
27 0.6209677419354839
28 0.803921568627451
29 0.8113207547169812
30 0.7
31 0.6099290780141844
32 0.5032679738562091
33 0.5419847328244275
34 0.7621951219512195
35 0.37583892617449666
36 0.4594594594594595
37 0.5246913580246914
38 0.41875
39 0.3181818181818182
40 0.8663594470046083
41 0.36416184971098264
42 0.0
43 0.0736196319018405
44 0.0
45 0.0
46 0.0
47 0.19491525423728814
48 0.205607476635514
49 0.0594059405940594
50 0.07368421052631578
51 0.2375
52 0.3626373626373626
53 0.40625
54 0.5411764705882353
55 0.525
56 0.6354166666666666
57 0.6185567010309279
58 0.41353383458646614
59 0.1484375
60 0.10344827586206896
61 0.2112676056338028
62 0.23684210526315788
63 0.2037037037037037
64 0.21904761904761905
65 0.2088607594936709
66 0.15
67 0.11242603550295859
68 0.1346153846153846
69 0.33668341708542715
70 0.2777777777777778
71 0.3891891891891892
72 0.30526315789473685
73 0.375
74 0.5692307692307692
75 0.42424242424242425
76 0.41414141414141414
77 0.4117647058823529
78 0.45
79 0.4444444444444444
80 0.38372093023255816
81 0.42168674698795183
82 0.48936170212765956
83 0.5463917525773195
84 0.65
85 0.6875
86 0.8024691358024691
87 0.8271604938271605
88 0.8048780487804879
89 0.8571428571428571
90 0.5703703703703704
91 0.5
92 0.6306306306306306
93 0.6338028169014085
94 0.33714285714285713
95 0.16167664670658682
