2 0
3 0.2360297203063965
4 1.7448793840408325
5 0.07153012216091156
6 -0.14655968993902208
7 -0.08569493442773819
8 0.20543378055095673
9 0.2416483938694
10 -0.11510140359401703
11 0.8684365725517273
12 1.244726948738098
13 1.0651078605651856
14 1.0033247137069703
15 1.314357876777649
16 1.3269522380828858
17 0.7395192193984985
18 0.4573425686359405
19 0.5185682225227356
20 0.3383055567741394
21 0.25913319826126097
22 0.3235185623168945
23 1.161805169582367
24 1.3785514783859254
25 1.0324664688110352
26 0.6434257477521896
27 0.6438298344612121
28 0.02044664517045021
29 -0.20598580539226533
30 -0.048198004364967344
31 1.8260856103897094
32 2.6221410751342775
33 2.1604368400573732
34 1.2393826246261597
35 0.9501950144767761
36 1.0086818933486938
37 1.912165536880493
38 2.6208414697647093
39 1.5229647159576416
40 0.5829540610313415
41 1.138877453804016
42 0.9603687524795532
43 0.6676670145988465
44 2.5940442085266113
45 2.35868980884552
46 1.6865641495585442
47 -0.15122866608202457
48 0.12417539983987808
49 1.2822024321556091
50 0.2040033756941557
51 0.09084449402987957
52 0.6354750871658326
53 1.3612685775756836
54 1.474401969909668
55 0.9770751476287842
56 2.6126435375213624
57 2.9653456878662108
58 2.98639404296875
59 2.6355443000793457
60 3.3718174266815186
61 3.829943437576294
62 2.9912083339691162
63 2.5353936100006105
64 2.3985784530639647
65 2.2422752380371094
66 2.114277105331421
67 1.8429919624328612
68 1.0955617499351502
69 0.06296600461006165
70 -0.2544399482011795
71 0.19919769152998923
72 0.25407819271087645
73 0.052877843379974365
74 -0.23140120267868042
75 -0.258747980594635
76 -0.07164103507995606
77 0.6728165107965469
78 1.2389616441726685
79 1.5711123943328857
80 1.4844899797439575
81 1.7223245906829834
82 1.474625325202942
83 2.0462579870224
84 1.9481848287582397
85 1.6604559183120728
86 1.687928318977356
87 2.0060896062850953
88 2.5615766048431396
89 2.134472370147705
90 2.799294881820679
91 2.8723150444030763
92 3.165574855804443
93 3.651545524597168
94 1.234313662648201
95 0.9014809769392014
