7 0
8 0.5673076923076923
9 0.6021505376344086
10 0.6263736263736264
11 0.71
12 0.45454545454545453
13 0.02127659574468085
14 0.02127659574468085
15 0.02247191011235955
16 0.09523809523809523
17 0.12643678160919541
18 0.19791666666666666
19 0.3987730061349693
20 0.5086705202312138
21 0.51875
22 0.058823529411764705
23 0.025
24 0.14814814814814814
25 0.3023255813953488
26 0.5066666666666667
27 0.5733333333333334
28 0.5681818181818182
29 0.7210884353741497
30 0.6153846153846154
31 0.45544554455445546
32 0.49122807017543857
33 0.368
34 0.2366412213740458
35 0.2032520325203252
36 0.09278350515463918
37 0.08247422680412371
38 0.0
39 0.12371134020618557
40 0.18947368421052632
41 0.24210526315789474
42 0.30434782608695654
43 0.33695652173913043
44 0.4090909090909091
45 0.49056603773584906
46 0.5584415584415584
47 0.5925925925925926
48 0.6746987951807228
49 0.675
50 0.6511627906976745
51 0.6730769230769231
52 0.5339805825242718
53 0.5272727272727272
54 0.3958333333333333
55 0.43902439024390244
56 0.3132530120481928
57 0.3375
58 0.6116504854368932
59 0.6869565217391305
60 0.5462962962962963
61 0.5742574257425742
62 0.753731343283582
63 0.45454545454545453
64 0.3375796178343949
65 0.2635135135135135
66 0.2638888888888889
67 0.29411764705882354
68 0.2907801418439716
69 0.3055555555555556
70 0.5027027027027027
71 0.5227272727272727
72 0.6161616161616161
73 0.6178861788617886
74 0.3333333333333333
75 0.0
76 0.08235294117647059
77 0.10112359550561797
78 0.2761904761904762
79 0.5746268656716418
80 0.7176470588235294
81 0.7126436781609196
82 0.7126436781609196
83 0.7252747252747253
84 0.7247706422018348
85 0.58
86 0.42857142857142855
87 0.3780487804878049
88 0.3950617283950617
89 0.5375
90 0.686046511627907
91 0.6588235294117647
92 0.5625
93 0.5316455696202531
94 0.5256410256410257
95 0.5769230769230769
