1 0
2 1.1603609371185302
3 1.0173927545547485
4 1.143092155456543
5 1.093084454536438
6 0.7267203918099403
7 -0.08238276094198227
8 0.6291005849838257
9 1.6484406757354737
10 0.6546879518032074
11 -0.042163041681051255
12 0.24881228685379028
13 0.3784091210365295
14 0.049245709255337715
15 0.10824763476848602
16 2.1767020988464356
17 0.8771297407150268
18 0.5312240147590637
19 0.5777306151390076
20 0.6180295348167419
21 0.3937383759021759
22 0.4119730591773987
23 0.8695510029792786
24 1.2590124607086182
25 1.3413625001907348
26 1.0963444113731384
27 2.292041149139404
28 1.3252934885025025
29 0.0547501166164875
30 -0.13957013428211212
31 -0.01512758493423462
32 1.2460097551345826
33 0.5671300649642944
34 1.9090349674224854
35 2.1878271961212157
36 1.3273674774169921
37 1.3478646993637085
38 0.8439471364021301
39 2.074218235015869
40 3.0072458457946776
41 3.13046688079834
42 2.5559394645690916
43 2.390777039527893
44 0.609780650138855
45 0.03578579857945442
46 -0.004416749179363251
47 0.09112657934427261
48 0.11790857464075089
49 0.4448315501213074
50 0.6602821767330169
51 0.4093541884422302
52 1.3723576378822326
53 1.6414122533798219
54 1.2179008841514587
55 1.1733728218078614
56 0.9740765333175659
57 0.6455010813474655
58 -0.1134683096408844
59 0.04276409044861793
60 0.1829167722351849
61 0.49020528614521025
62 -0.18202648401260377
63 -0.10946756273508072
64 0.49940454959869385
65 0.17457239747047423
66 -0.42062546610832213
67 -0.6952409863471984
68 -0.8155490803718567
69 -0.42879570841789244
70 -0.16424724102020263
71 0.3734827122092247
72 1.3467784786224366
73 1.7453803253173827
74 1.0712795209884645
75 0.2902291458845139
76 0.13782574236392975
77 -0.11796358197927476
78 0.31189191341400146
79 2.8657751798629763
80 3.0028870201110838
81 2.332907781600952
82 2.14312077999115
83 -0.12393737196922303
84 -0.36883329510688784
85 -0.503821678161621
86 -0.38553768396377563
87 0.5719392749667168
88 2.400442943572998
89 1.7558554887771607
90 1.4982706928253173
91 1.88043110370636
92 1.83028151512146
93 1.6460060691833496
94 1.4781635999679565
95 1.8252795696258546
