2 0
3 2.328966153860092
4 -0.4920965099334717
5 -0.48923590779304504
6 -0.49974669456481935
7 -0.38897205114364625
8 0.05095328748226166
9 -0.35928793966770173
10 -0.07694362163543701
11 0.5676863849163055
12 0.38534632563591004
13 0.3810750949382782
14 0.7073085284233094
15 0.8714015555381774
16 0.7367102098464966
17 0.7518875195831061
18 0.08603783860802651
19 0.005104648023843765
20 0.25872276723384857
21 0.46358479261398317
22 0.8586876547336578
23 0.5985052180290222
24 2.317388677597046
25 1.513508553504944
26 2.748737211227417
27 2.820082664489746
28 2.754290943145752
29 3.265067901611328
30 2.5716389274597167
31 1.0252315813302995
32 -0.403380765914917
33 -0.5135855770111084
34 -0.5612270081043244
35 -0.2827431631088257
36 -0.256276398897171
37 -0.2240062654018402
38 -0.07768943309783935
39 0.3255371153354645
40 0.3206237256526947
41 0.1173161356151104
42 -0.0125831114128232
43 -0.044310967661440374
44 -0.1268935978412628
45 -0.06981592997908592
46 -0.20073392912745475
47 -0.24016033932566644
48 -0.09587758779525757
49 0.18897107914090155
50 1.716107349395752
51 1.5676166105270386
52 1.2478997802734375
53 1.730905408859253
54 0.6972610223293304
55 0.21418910381384193
56 -0.11139302045106887
57 0.252154405862093
58 0.40555166959762573
59 0.4585222016274929
60 0.8184308341145515
61 0.26026252821087836
62 0.23008226960897446
63 -0.24408773005008697
64 0.8984170353412628
65 0.0601303380727768
66 -0.31137269258499145
67 -0.6623191666603089
68 -0.7378708410263062
69 -1.2314424419403076
70 -1.016944489479065
71 -0.5556757688522339
72 -0.1925784420222044
73 1.953497610092163
74 1.5443908548355103
75 0.7331808066368103
76 -0.6952437329292297
77 0.6209389567375183
78 0.4164639288187027
79 0.7520362663269043
80 2.225378715991974
81 2.2015605926513673
82 0.17585901737213136
83 -0.4583154499530792
84 -0.6211959159374237
85 -0.11150437116622924
86 1.6927858519554138
87 2.1479301261901855
88 1.8390677165985108
89 1.5096143531799315
90 0.9717415957897901
91 -0.2428317481279373
92 1.1881331837177276
93 2.115864086151123
94 1.1188755808863788
95 -0.301107841450721
