7 0
8 1.137201623916626
9 0.39278233766555787
10 -0.5313086542487144
11 0.5683979561924934
12 0.6586712193489075
13 0.9365975379943847
14 1.201124668121338
15 1.3607750415802002
16 1.3444451332092284
17 0.7946505379676819
18 0.6379826831817627
19 0.6922307550907135
20 0.5400007617473602
21 1.3020189332962036
22 -0.003840983472764492
23 -0.006247226893901825
24 -0.061869231462478635
25 -0.03627937957644463
26 -0.13801223278045655
27 0.0625521219149232
28 0.5939045023918151
29 0.8666774833202362
30 0.8947311139106751
31 1.3810298728942871
32 0.19781198978424072
33 0.08606228947639466
34 -0.11597861051559448
35 -0.31727660417556763
36 -0.09617232084274292
37 0.6688754379749298
38 1.5471535110473633
39 2.0620584678649903
40 1.1965472567081452
41 0.24201596140861512
42 -0.05376626372337341
43 0.05015339851379395
44 0.07125161617994308
45 0.1299516136944294
46 0.2938356804847717
47 0.5060742402076721
48 0.5034380233287812
49 0.5874650764465332
50 0.9587695598602295
51 1.1597383117675781
52 1.0163282036781311
53 0.47954786658287046
54 0.39924362659454343
55 0.1828206765651703
56 0.4235868263244629
57 0.99378972530365
58 1.5381739807128907
59 3.2280071544647218
60 1.8480705507099628
61 -0.30219515204429626
62 -0.2956171500682831
63 0.5798565089702606
64 2.7607211780548098
65 1.93961537361145
66 0.6703741833567619
67 -0.2246857216954231
68 -0.5082633471488953
69 -0.42885231852531436
70 -0.16053494304418564
71 0.20946630477905273
72 0.3809863007068634
73 0.7574671912193298
74 0.7930582618713379
75 0.8115363478660583
76 1.2271601390838622
77 0.7896407437324524
78 0.5498921239376068
79 0.5339125525951386
80 0.7704294562339783
81 0.4172630417346954
82 0.514790586233139
83 1.04665278673172
84 1.3311462831497192
85 1.6853762793540954
86 2.1521377754211426
87 1.068200442790985
88 0.6451034116744995
89 0.583169448375702
90 1.4305346965789796
91 2.521857805252075
92 1.255940680503845
93 0.8346973133087158
94 0.43964521288871766
95 0.30835074067115786
