2 0
3 1.0599889755249023
4 0.9975335597991943
5 1.0757666778564454
6 -0.009327705949544907
7 -0.1479417687654495
8 0.3547732794284821
9 1.1348845076560974
10 0.28339213866740465
11 -0.1068357115983963
12 1.3096347795426846
13 2.114732894897461
14 2.1569070053100585
15 0.8884106421470642
16 0.3949888634681702
17 0.7911122131347657
18 1.2831692028045654
19 1.263890027999878
20 1.3368549346923828
21 0.7807317972183228
22 0.5319047570228577
23 0.796270489692688
24 1.3583974838256836
25 1.3848396396636964
26 1.3506617546081543
27 1.3792645931243896
28 1.334291934967041
29 1.2255580520629883
30 1.131373405456543
31 2.2274519348144532
32 3.275639114379883
33 2.7331202268600463
34 0.26017030388116835
35 -0.05785935819149017
36 -0.020001771450042723
37 1.1601592160016299
38 3.0456313991546633
39 2.9288859367370605
40 1.384511251449585
41 1.2372992753982544
42 0.8948805928230286
43 1.5365604877471923
44 3.0550042819976806
45 3.1226340770721435
46 3.0296528339385986
47 3.0241901874542236
48 3.16202467918396
49 2.1731322765350343
50 2.644230761528015
51 3.201266050338745
52 3.229463005065918
53 2.5632977533340453
54 0.5207545733451844
55 0.18129193782806396
56 0.33071441650390626
57 2.5480502796173097
58 3.1618071842193602
59 3.1301036262512207
60 2.3605189990997313
61 1.8961201906204224
62 2.2356138229370117
63 3.061365842819214
64 3.0792442417144774
65 3.0729994773864746
66 2.935180263519287
67 1.320372462272644
68 0.4130129792355001
69 2.2542091703414915
70 2.238189151287079
71 0.37258342385292054
72 0.469386625289917
73 0.12430374398827553
74 0.23116722881793975
75 0.43638994455337526
76 2.0424668049812316
77 -0.5441898000240326
78 -0.3433865347504616
79 0.6593354714661837
80 2.6273278331756593
81 2.46011643409729
82 1.5468688344955444
83 1.2457686901092528
84 1.1229172229766846
85 1.238245997428894
86 1.2889839363098146
87 1.129002537727356
88 2.0793864250183107
89 2.487969398498535
90 2.635362205505371
91 3.04288272857666
92 3.086159429550171
93 2.909993257522583
94 2.169561504125595
95 0.20852840438485146
