11 0.234375
12 3.341796875
13 3.556640625
14 3.41015625
15 3.830078125
16 4.21484375
17 4.5625
18 5.05859375
19 5.509765625
20 6.0703125
21 6.421875
22 7.92578125
23 10.083984375
24 14.7734375
25 16.6484375
26 13.04296875
27 12.208984375
28 12.453125
29 11.2734375
30 12.369140625
31 12.123046875
32 11.810546875
33 11.0078125
34 10.578125
35 11.080078125
36 12.634765625
37 11.927734375
38 11.322265625
39 10.23046875
40 10.0546875
41 10.015625
42 10.201171875
43 10.2890625
44 9.61328125
45 10.0625
46 10.275390625
47 10.263671875
48 10.529296875
49 12.5234375
50 11.287109375
51 10.16015625
52 9.19921875
53 9.36328125
54 9.515625
55 9.671875
56 9.224609375
57 8.94921875
58 9.005859375
59 9.244140625
60 9.396484375
61 10.16796875
62 11.74609375
63 12.39453125
64 12.865234375
65 13.78515625
66 14.087890625
67 15.099609375
68 16.6796875
69 17.865234375
70 18.224609375
71 14.474609375
72 13.380859375
73 12.75390625
74 12.1640625
75 12.59375
76 11.806640625
77 12.564453125
78 11.94921875
79 11.642578125
80 11.640625
81 13.53515625
82 13.564453125
83 12.931640625
84 12.6953125
85 12.544921875
86 12.3671875
87 12.400390625
88 12.7109375
89 13.197265625
90 13.619140625
91 13.5078125
92 14.0234375
93 13.44140625
94 12.939453125
95 12.724609375
