12 0.234375
13 13.529296875
14 12.80078125
15 12.78515625
16 13.208984375
17 14.013671875
18 14.6484375
19 14.935546875
20 14.96484375
21 14.431640625
22 13.955078125
23 12.57421875
24 12.7109375
25 11.5390625
26 11.478515625
27 10.70703125
28 10.234375
29 9.8203125
30 9.6328125
31 9.376953125
32 9.1328125
33 9.3046875
34 8.587890625
35 8.287109375
36 8.244140625
37 8.861328125
38 8.986328125
39 9.462890625
40 9.658203125
41 9.736328125
42 9.904296875
43 9.744140625
44 12.52734375
45 13.6640625
46 12.515625
47 11.78515625
48 11.2578125
49 11.2578125
50 11.130859375
51 11.068359375
52 11.109375
53 11.04296875
54 11.1640625
55 11.36328125
56 11.673828125
57 12.1171875
58 12.34765625
59 12.359375
60 12.22265625
61 12.12890625
62 11.677734375
63 9.8515625
64 8.146484375
65 7.84765625
66 7.51171875
67 7.20703125
68 7.6953125
69 7.498046875
70 7.271484375
71 7.80078125
72 8.0859375
73 9.162109375
74 9.232421875
75 9.30859375
76 8.439453125
77 7.72265625
78 7.1640625
79 7.1640625
80 6.607421875
81 5.931640625
82 5.3046875
83 4.994140625
84 4.970703125
85 5.095703125
86 4.86328125
87 4.791015625
88 4.896484375
89 4.736328125
90 4.8046875
91 4.98828125
92 5.48828125
93 6.484375
94 7.087890625
95 7.369140625
