11 0.234375
12 13.576171875
13 13.2265625
14 13.4296875
15 13.71875
16 13.462890625
17 13.525390625
18 13.869140625
19 13.6171875
20 13.576171875
21 14.166015625
22 13.63671875
23 12.447265625
24 11.115234375
25 11.015625
26 10.16796875
27 9.79296875
28 9.505859375
29 9.12890625
30 8.974609375
31 8.720703125
32 8.99609375
33 8.1875
34 7.853515625
35 8.25390625
36 8.732421875
37 8.822265625
38 9.236328125
39 9.412109375
40 9.50390625
41 10.001953125
42 10.083984375
43 12.0859375
44 13.810546875
45 13.310546875
46 12.01953125
47 11.736328125
48 11.615234375
49 11.5546875
50 11.48828125
51 11.400390625
52 11.390625
53 11.15625
54 11.25390625
55 11.455078125
56 11.857421875
57 12.078125
58 12.08984375
59 11.857421875
60 11.875
61 11.599609375
62 11.498046875
63 11.4140625
64 10.859375
65 9.818359375
66 9.5625
67 9.271484375
68 9.001953125
69 8.798828125
70 8.26953125
71 7.990234375
72 7.7578125
73 7.822265625
74 7.923828125
75 8.669921875
76 7.966796875
77 7.73046875
78 7.81640625
79 7.65625
80 7.728515625
81 7.859375
82 8.0390625
83 8.056640625
84 8.05078125
85 8.24609375
86 8.931640625
87 8.396484375
88 7.185546875
89 6.97265625
90 6.869140625
91 6.93359375
92 6.853515625
93 6.8671875
94 6.96484375
95 7.1171875
