1 0.234375
2 5.8984375
3 5.703125
4 5.49609375
5 5.69921875
6 5.76953125
7 5.771484375
8 5.705078125
9 5.669921875
10 5.63671875
11 5.681640625
12 5.64453125
13 5.587890625
14 5.1640625
15 5.09375
16 4.96875
17 4.96875
18 4.958984375
19 4.96484375
20 5.23828125
21 5.47265625
22 5.677734375
23 5.771484375
24 7.083984375
25 7.51171875
26 8.169921875
27 9.3515625
28 10.638671875
29 11.974609375
30 12.4765625
31 12.6875
32 12.39453125
33 12.423828125
34 11.615234375
35 9.8046875
36 9.646484375
37 9.365234375
38 9.15625
39 8.9453125
40 8.46875
41 8.375
42 8.310546875
43 8.451171875
44 8.28125
45 8.31640625
46 7.650390625
47 7.578125
48 7.837890625
49 7.755859375
50 7.9140625
51 7.693359375
52 7.4296875
53 7.09765625
54 7.267578125
55 8.4921875
56 10.166015625
57 10.904296875
58 11.564453125
59 12.41796875
60 13.32421875
61 14.318359375
62 15.90234375
63 13.69921875
64 12.900390625
65 12.6171875
66 12.224609375
67 12.046875
68 12.048828125
69 11.546875
70 11.271484375
71 11.29296875
72 11.2109375
73 13.255859375
74 13.24609375
75 12.34765625
76 12.228515625
77 12.2109375
78 12.009765625
79 11.994140625
80 12.666015625
81 12.560546875
82 12.8046875
83 12.70703125
84 13.33203125
85 12.6484375
86 12.1796875
87 11.896484375
88 11.9453125
89 11.896484375
90 11.70703125
91 12.2890625
92 11.935546875
93 12.3359375
94 12.7265625
95 14.51953125
