11 0.234375
12 3.251953125
13 3.46484375
14 3.474609375
15 3.76171875
16 4.251953125
17 4.48046875
18 4.8984375
19 5.330078125
20 5.890625
21 6.42578125
22 7.88671875
23 10.005859375
24 13.96484375
25 16.78515625
26 13.06640625
27 12.169921875
28 11.845703125
29 11.423828125
30 12.169921875
31 12.142578125
32 11.80078125
33 11.37890625
34 11.1015625
35 11.626953125
36 13.228515625
37 12.404296875
38 11.474609375
39 10.255859375
40 10.046875
41 10.05078125
42 10.25
43 10.171875
44 9.982421875
45 9.986328125
46 9.85546875
47 10.349609375
48 11.048828125
49 12.421875
50 11.34765625
51 10.29296875
52 9.279296875
53 9.19921875
54 9.29296875
55 9.73046875
56 9.51953125
57 9.283203125
58 9.455078125
59 9.5390625
60 9.90625
61 10.666015625
62 11.544921875
63 10.91796875
64 10.087890625
65 8.9921875
66 8.66015625
67 8.62890625
68 8.5546875
69 8.400390625
70 8.06640625
71 7.8671875
72 7.74609375
73 7.80078125
74 8.001953125
75 8.4921875
76 7.91796875
77 7.66015625
78 7.638671875
79 7.638671875
80 7.841796875
81 7.890625
82 8.03125
83 8.142578125
84 8.138671875
85 8.314453125
86 8.787109375
87 8.3125
88 7.07421875
89 6.70703125
90 6.759765625
91 6.796875
92 6.693359375
93 6.830078125
94 6.89453125
95 7.01171875
