17 0.234375
18 19.1640625
19 19.884765625
20 19.89453125
21 19.818359375
22 19.84375
23 19.75
24 19.369140625
25 18.71875
26 15.05078125
27 14.396484375
28 13.904296875
29 13.607421875
30 13.638671875
31 13.74609375
32 13.474609375
33 13.03125
34 12.5625
35 12.724609375
36 14.220703125
37 14.265625
38 13.810546875
39 13.982421875
40 13.4296875
41 12.765625
42 13.42578125
43 13.513671875
44 14.01953125
45 14.46484375
46 14.275390625
47 15.126953125
48 14.208984375
49 13.744140625
50 13.642578125
51 13.8984375
52 13.703125
53 13.720703125
54 13.845703125
55 13.84375
56 14.4609375
57 14.796875
58 16.19921875
59 15.03125
60 14.625
61 14.177734375
62 13.833984375
63 13.6328125
64 13.244140625
65 13.291015625
66 13.26171875
67 13.57421875
68 10.23828125
69 11.078125
70 11.470703125
71 11.376953125
72 11.66015625
73 12.158203125
74 12.84765625
75 13.326171875
76 13.638671875
77 13.302734375
78 18.689453125
79 15.95703125
80 14.939453125
81 14.603515625
82 14.4296875
83 14.064453125
84 13.96875
85 13.4375
86 12.888671875
87 12.3203125
88 12.0625
89 13.056640625
90 14.345703125
91 13.419921875
92 11.79296875
93 11.615234375
94 11.490234375
95 11.76171875
