17 0.234375
18 5.923828125
19 6.0234375
20 6.0
21 5.931640625
22 5.986328125
23 5.994140625
24 5.8359375
25 5.96875
26 6.0546875
27 5.962890625
28 5.755859375
29 5.66796875
30 5.728515625
31 5.619140625
32 5.853515625
33 6.15234375
34 6.486328125
35 6.884765625
36 7.482421875
37 8.20703125
38 9.638671875
39 10.0390625
40 10.22265625
41 10.595703125
42 10.24609375
43 8.931640625
44 7.810546875
45 7.365234375
46 6.40625
47 5.947265625
48 5.49609375
49 5.40234375
50 5.384765625
51 5.216796875
52 5.142578125
53 5.009765625
54 5.029296875
55 4.732421875
56 4.822265625
57 4.61328125
58 4.490234375
59 4.419921875
60 4.40234375
61 4.322265625
62 4.283203125
63 4.404296875
64 4.6640625
65 4.8515625
66 5.162109375
67 6.111328125
68 6.982421875
69 7.775390625
70 8.9609375
71 11.400390625
72 13.91015625
73 14.921875
74 16.251953125
75 17.7265625
76 13.658203125
77 12.83984375
78 12.64453125
79 12.69140625
80 12.80859375
81 12.818359375
82 11.970703125
83 11.478515625
84 11.3046875
85 11.345703125
86 13.791015625
87 13.021484375
88 12.8828125
89 12.71875
90 12.3359375
91 12.5703125
92 12.890625
93 12.978515625
94 13.498046875
95 13.697265625
