7 0.234375
8 19.8203125
9 20.603515625
10 19.72265625
11 18.53515625
12 18.95703125
13 18.974609375
14 19.693359375
15 19.16015625
16 18.990234375
17 18.48828125
18 14.39453125
19 13.146484375
20 12.8828125
21 12.51953125
22 12.466796875
23 12.025390625
24 11.66796875
25 11.55859375
26 11.298828125
27 11.22265625
28 13.294921875
29 13.720703125
30 13.044921875
31 12.60546875
32 12.470703125
33 12.228515625
34 12.265625
35 12.6640625
36 12.443359375
37 13.080078125
38 12.943359375
39 13.294921875
40 12.81640625
41 12.3203125
42 12.09765625
43 12.046875
44 11.919921875
45 11.52734375
46 11.564453125
47 11.759765625
48 12.138671875
49 12.322265625
50 14.59375
51 13.70703125
52 13.072265625
53 12.794921875
54 12.638671875
55 12.21484375
56 11.740234375
57 11.498046875
58 11.65625
59 9.94140625
60 8.8203125
61 8.50390625
62 7.962890625
63 7.5078125
64 6.875
65 6.244140625
66 5.75390625
67 5.439453125
68 5.201171875
69 5.046875
70 4.7265625
71 4.560546875
72 4.5234375
73 4.564453125
74 4.486328125
75 4.591796875
76 4.84765625
77 4.982421875
78 5.19921875
79 5.580078125
80 7.4765625
81 8.0390625
82 8.5
83 9.724609375
84 11.123046875
85 12.5
86 12.40234375
87 12.544921875
88 12.6640625
89 12.09375
90 9.857421875
91 9.59765625
92 9.18359375
93 8.7578125
94 8.666015625
95 8.388671875
