15 0.234375
16 13.31640625
17 13.205078125
18 13.775390625
19 14.138671875
20 13.8515625
21 13.08203125
22 13.091796875
23 13.12109375
24 13.373046875
25 13.048828125
26 12.1796875
27 11.072265625
28 11.00390625
29 10.279296875
30 9.9609375
31 9.5859375
32 9.119140625
33 9.390625
34 8.98828125
35 9.26953125
36 8.2890625
37 7.376953125
38 8.123046875
39 8.41796875
40 8.7734375
41 8.935546875
42 9.396484375
43 9.953125
44 10.09375
45 9.708984375
46 11.529296875
47 13.0625
48 12.419921875
49 11.21875
50 11.353515625
51 11.265625
52 11.44921875
53 11.3984375
54 11.3828125
55 11.490234375
56 11.416015625
57 11.306640625
58 11.509765625
59 11.767578125
60 12.08984375
61 11.951171875
62 11.958984375
63 11.580078125
64 11.435546875
65 11.548828125
66 12.505859375
67 12.857421875
68 13.6640625
69 15.017578125
70 16.001953125
71 14.8046875
72 16.0234375
73 15.818359375
74 16.44140625
75 16.458984375
76 15.8828125
77 15.298828125
78 14.0
79 12.896484375
80 11.84765625
81 12.7890625
82 11.169921875
83 11.251953125
84 11.236328125
85 10.759765625
86 10.06640625
87 10.09765625
88 10.255859375
89 10.177734375
90 10.25
91 10.029296875
92 8.94140625
93 7.603515625
94 7.037109375
95 6.44140625
