17 0.234375
18 7.625
19 7.501953125
20 6.80859375
21 6.556640625
22 6.90625
23 7.185546875
24 7.423828125
25 7.53515625
26 7.53125
27 7.951171875
28 8.111328125
29 8.173828125
30 8.58203125
31 8.29296875
32 8.205078125
33 8.158203125
34 8.181640625
35 8.171875
36 8.130859375
37 8.02734375
38 8.439453125
39 8.26953125
40 8.42578125
41 9.3984375
42 8.71875
43 7.353515625
44 7.07421875
45 7.056640625
46 7.0
47 6.912109375
48 7.232421875
49 7.439453125
50 7.4921875
51 7.595703125
52 8.39453125
53 11.1015625
54 12.822265625
55 10.98046875
56 10.205078125
57 9.8984375
58 10.177734375
59 10.322265625
60 10.861328125
61 11.23046875
62 11.8203125
63 12.24609375
64 12.45703125
65 16.31640625
66 18.328125
67 20.873046875
68 16.994140625
69 14.5546875
70 12.01953125
71 10.298828125
72 9.359375
73 7.447265625
74 6.6484375
75 6.478515625
76 6.26171875
77 5.8046875
78 5.892578125
79 5.90234375
80 5.60546875
81 5.75390625
82 5.826171875
83 5.7421875
84 5.408203125
85 5.3671875
86 5.328125
87 5.390625
88 5.349609375
89 5.302734375
90 5.228515625
91 5.052734375
92 5.037109375
93 5.330078125
94 6.5234375
95 6.474609375
