7 0.234375
8 5.07421875
9 5.26953125
10 5.318359375
11 5.26953125
12 5.275390625
13 5.16015625
14 5.046875
15 5.046875
16 5.103515625
17 5.27734375
18 5.251953125
19 5.10546875
20 4.607421875
21 4.607421875
22 4.609375
23 4.52734375
24 4.53125
25 4.734375
26 4.865234375
27 5.201171875
28 5.21875
29 5.634765625
30 7.685546875
31 7.994140625
32 8.74609375
33 10.0703125
34 11.4296875
35 12.287109375
36 12.310546875
37 12.37109375
38 11.859375
39 11.234375
40 9.548828125
41 9.150390625
42 8.72265625
43 8.6953125
44 8.572265625
45 8.0234375
46 8.115234375
47 8.220703125
48 8.291015625
49 8.369140625
50 8.072265625
51 6.888671875
52 6.73046875
53 7.31640625
54 7.16796875
55 7.17578125
56 7.150390625
57 7.08984375
58 6.6015625
59 6.865234375
60 7.974609375
61 9.396484375
62 10.341796875
63 11.29296875
64 12.412109375
65 12.728515625
66 13.66796875
67 15.0703125
68 14.005859375
69 13.0390625
70 12.03125
71 11.3828125
72 11.087890625
73 11.009765625
74 10.833984375
75 10.81640625
76 10.96875
77 10.662109375
78 12.341796875
79 13.439453125
80 12.3203125
81 12.005859375
82 11.86328125
83 11.701171875
84 11.638671875
85 12.28515625
86 12.611328125
87 12.7265625
88 12.48046875
89 13.228515625
90 12.35546875
91 12.4609375
92 11.796875
93 11.6640625
94 11.64453125
95 11.49609375
