15 0.234375
16 7.69921875
17 7.3984375
18 6.31640625
19 6.498046875
20 6.775390625
21 6.994140625
22 7.171875
23 7.16015625
24 7.302734375
25 7.453125
26 7.671875
27 7.73046875
28 8.375
29 7.8046875
30 7.693359375
31 7.61328125
32 7.7421875
33 7.9765625
34 7.849609375
35 7.5
36 7.833984375
37 7.80078125
38 7.91796875
39 8.640625
40 8.36328125
41 6.8359375
42 6.998046875
43 6.8828125
44 6.810546875
45 6.73828125
46 6.818359375
47 6.673828125
48 7.041015625
49 6.951171875
50 7.66015625
51 9.630859375
52 11.400390625
53 10.50390625
54 9.953125
55 9.55078125
56 9.642578125
57 9.75
58 9.837890625
59 10.087890625
60 10.40234375
61 11.35546875
62 11.369140625
63 14.994140625
64 13.49609375
65 13.849609375
66 13.640625
67 13.357421875
68 13.1328125
69 12.85546875
70 11.8515625
71 11.421875
72 11.072265625
73 11.25390625
74 14.080078125
75 13.259765625
76 12.28125
77 12.23046875
78 10.76171875
79 10.234375
80 9.697265625
81 9.70703125
82 9.1640625
83 9.5078125
84 9.208984375
85 9.353515625
86 8.17578125
87 8.234375
88 8.685546875
89 8.79296875
90 9.177734375
91 9.79296875
92 10.046875
93 10.376953125
94 10.75
95 11.189453125
