12 0.234375
13 12.8125
14 13.404296875
15 13.56640625
16 14.234375
17 14.162109375
18 14.32421875
19 14.314453125
20 14.34375
21 14.4765625
22 14.958984375
23 14.7109375
24 13.03515625
25 12.029296875
26 11.59765625
27 10.892578125
28 10.443359375
29 10.046875
30 9.73828125
31 9.669921875
32 9.3046875
33 9.490234375
34 8.5703125
35 8.18359375
36 8.34765625
37 8.892578125
38 9.078125
39 9.419921875
40 9.76953125
41 10.001953125
42 10.0078125
43 10.275390625
44 12.337890625
45 13.515625
46 13.025390625
47 12.19140625
48 11.607421875
49 11.478515625
50 11.16015625
51 11.341796875
52 11.416015625
53 11.36328125
54 11.208984375
55 11.552734375
56 11.443359375
57 11.654296875
58 11.775390625
59 12.078125
60 12.0859375
61 12.201171875
62 11.97265625
63 9.916015625
64 9.390625
65 8.435546875
66 8.283203125
67 8.0078125
68 7.552734375
69 7.056640625
70 6.751953125
71 6.3984375
72 5.857421875
73 6.1484375
74 5.978515625
75 6.1328125
76 5.908203125
77 5.720703125
78 5.89453125
79 6.107421875
80 6.4296875
81 7.03515625
82 7.580078125
83 8.40625
84 9.5390625
85 9.81640625
86 10.06640625
87 10.490234375
88 10.173828125
89 9.248046875
90 8.24609375
91 7.685546875
92 6.65234375
93 6.2421875
94 5.91796875
95 6.01171875
