1 0.234375
2 8.220703125
3 7.98828125
4 6.9375
5 6.90234375
6 6.923828125
7 6.916015625
8 7.115234375
9 7.404296875
10 7.685546875
11 7.9140625
12 7.537109375
13 7.6171875
14 8.26953125
15 8.68359375
16 8.853515625
17 8.791015625
18 7.966796875
19 7.865234375
20 7.884765625
21 7.876953125
22 8.162109375
23 8.291015625
24 8.279296875
25 8.30078125
26 8.39453125
27 8.330078125
28 9.28515625
29 8.544921875
30 7.478515625
31 6.734375
32 7.0
33 7.1875
34 6.98046875
35 6.92578125
36 7.244140625
37 7.28515625
38 7.345703125
39 8.263671875
40 10.28515625
41 11.71875
42 10.724609375
43 9.591796875
44 9.458984375
45 9.474609375
46 9.35546875
47 9.79296875
48 10.279296875
49 10.498046875
50 10.576171875
51 10.912109375
52 12.951171875
53 14.068359375
54 17.109375
55 18.251953125
56 18.525390625
57 18.26171875
58 18.232421875
59 17.5
60 15.890625
61 15.626953125
62 15.25390625
63 16.19140625
64 15.67578125
65 15.51171875
66 14.689453125
67 13.859375
68 13.341796875
69 12.791015625
70 13.564453125
71 12.224609375
72 11.642578125
73 11.138671875
74 10.970703125
75 10.517578125
76 10.546875
77 10.673828125
78 9.927734375
79 10.12890625
80 9.97265625
81 8.787109375
82 7.7890625
83 7.087890625
84 6.541015625
85 5.94140625
86 5.939453125
87 5.853515625
88 5.767578125
89 5.765625
90 5.740234375
91 6.31640625
92 6.56640625
93 6.529296875
94 6.408203125
95 6.83984375
