1 0.234375
2 5.798828125
3 5.771484375
4 5.892578125
5 6.0
6 6.0
7 6.029296875
8 6.00390625
9 5.978515625
10 5.978515625
11 6.087890625
12 6.123046875
13 6.36328125
14 6.271484375
15 6.025390625
16 5.81640625
17 5.78515625
18 5.763671875
19 5.765625
20 5.83984375
21 5.794921875
22 5.73046875
23 5.669921875
24 5.251953125
25 5.015625
26 5.099609375
27 4.990234375
28 5.021484375
29 5.087890625
30 5.015625
31 4.97265625
32 4.916015625
33 4.96484375
34 5.455078125
35 6.8359375
36 6.6484375
37 6.580078125
38 6.578125
39 6.654296875
40 6.513671875
41 6.64453125
42 6.818359375
43 6.994140625
44 7.2265625
45 7.23046875
46 8.00390625
47 7.837890625
48 7.626953125
49 7.77734375
50 7.830078125
51 7.875
52 7.802734375
53 7.279296875
54 7.166015625
55 7.173828125
56 7.181640625
57 8.158203125
58 9.0703125
59 10.0546875
60 11.6953125
61 13.72265625
62 15.57421875
63 14.24609375
64 13.16015625
65 12.671875
66 12.41015625
67 12.46875
68 12.361328125
69 12.412109375
70 11.80078125
71 11.44140625
72 11.513671875
73 13.83203125
74 14.728515625
75 13.423828125
76 13.1953125
77 13.015625
78 12.171875
79 12.984375
80 13.404296875
81 13.5234375
82 13.9296875
83 13.181640625
84 13.91796875
85 13.2734375
86 12.650390625
87 12.57421875
88 12.509765625
89 12.87109375
90 12.67578125
91 12.658203125
92 12.61328125
93 13.07421875
94 13.509765625
95 15.978515625
