1 0.234375
2 14.0625
3 13.578125
4 13.6796875
5 14.06640625
6 13.974609375
7 14.0625
8 14.0234375
9 13.91015625
10 14.193359375
11 14.33203125
12 14.45703125
13 14.87109375
14 13.6953125
15 12.333984375
16 11.681640625
17 11.283203125
18 10.5234375
19 10.416015625
20 9.96484375
21 9.783203125
22 9.591796875
23 9.255859375
24 9.37109375
25 8.279296875
26 8.234375
27 8.388671875
28 8.763671875
29 9.05078125
30 9.208984375
31 9.62890625
32 9.82421875
33 9.916015625
34 10.134765625
35 12.427734375
36 12.892578125
37 12.83203125
38 11.740234375
39 11.404296875
40 11.427734375
41 11.26953125
42 11.60546875
43 11.537109375
44 11.47265625
45 11.19921875
46 11.236328125
47 11.173828125
48 11.8125
49 12.0546875
50 11.86328125
51 11.697265625
52 11.650390625
53 11.39453125
54 11.73046875
55 12.56640625
56 12.873046875
57 13.615234375
58 15.134765625
59 16.052734375
60 14.921875
61 15.251953125
62 15.853515625
63 16.06640625
64 15.607421875
65 14.943359375
66 14.921875
67 14.384765625
68 13.5625
69 12.68359375
70 13.4296875
71 11.962890625
72 11.85546875
73 11.158203125
74 11.009765625
75 10.5078125
76 10.3515625
77 10.041015625
78 10.330078125
79 10.033203125
80 9.529296875
81 8.91796875
82 7.818359375
83 7.220703125
84 6.63671875
85 5.958984375
86 5.91015625
87 5.83203125
88 5.81640625
89 5.74609375
90 5.732421875
91 6.29296875
92 6.6640625
93 6.591796875
94 6.380859375
95 6.779296875
