1 0.234375
2 4.240234375
3 4.12890625
4 3.78125
5 4.42578125
6 5.12109375
7 5.611328125
8 5.98046875
9 6.265625
10 6.6328125
11 7.220703125
12 9.212890625
13 11.728515625
14 19.3828125
15 19.681640625
16 19.47265625
17 16.111328125
18 14.0234375
19 13.49609375
20 13.08984375
21 13.244140625
22 12.734375
23 12.486328125
24 11.869140625
25 11.3984375
26 11.111328125
27 12.126953125
28 13.25
29 12.306640625
30 11.55078125
31 10.591796875
32 10.3046875
33 10.529296875
34 10.783203125
35 10.73828125
36 10.478515625
37 10.72265625
38 10.505859375
39 10.912109375
40 11.30859375
41 12.42578125
42 11.2109375
43 10.017578125
44 9.70703125
45 9.73046875
46 9.875
47 9.876953125
48 9.595703125
49 9.40234375
50 9.578125
51 9.328125
52 9.91796875
53 10.927734375
54 12.046875
55 10.1875
56 9.353515625
57 8.77734375
58 8.376953125
59 7.921875
60 7.51953125
61 7.208984375
62 6.900390625
63 6.490234375
64 5.845703125
65 5.947265625
66 5.83984375
67 5.826171875
68 5.80078125
69 5.8203125
70 5.853515625
71 5.791015625
72 5.8046875
73 5.73828125
74 5.380859375
75 5.333984375
76 5.3046875
77 5.29296875
78 5.375
79 5.3125
80 5.255859375
81 5.2109375
82 5.216796875
83 5.396484375
84 6.39453125
85 6.10546875
86 6.125
87 6.0859375
88 6.06640625
89 6.0859375
90 6.13671875
91 6.203125
92 6.251953125
93 6.45703125
94 6.4921875
95 7.58984375
