15 0.234375
16 13.314453125
17 12.947265625
18 12.7421875
19 13.689453125
20 13.998046875
21 13.8046875
22 14.17578125
23 14.716796875
24 14.58203125
25 13.404296875
26 12.53515625
27 11.685546875
28 11.345703125
29 10.591796875
30 10.28125
31 9.7890625
32 9.642578125
33 8.869140625
34 8.875
35 9.005859375
36 8.150390625
37 7.70703125
38 7.759765625
39 8.4609375
40 8.560546875
41 8.806640625
42 9.294921875
43 9.548828125
44 9.55078125
45 9.501953125
46 11.482421875
47 13.333984375
48 11.5234375
49 11.279296875
50 11.271484375
51 11.10546875
52 11.10546875
53 11.294921875
54 10.97265625
55 10.8203125
56 10.685546875
57 11.373046875
58 11.419921875
59 11.861328125
60 12.041015625
61 12.091796875
62 11.904296875
63 11.802734375
64 11.82421875
65 11.892578125
66 12.8203125
67 9.796875
68 10.66015625
69 11.248046875
70 11.48046875
71 11.625
72 11.88671875
73 12.427734375
74 12.87109375
75 13.5546875
76 13.060546875
77 18.953125
78 15.75390625
79 14.6328125
80 13.72265625
81 13.400390625
82 13.404296875
83 13.4296875
84 13.06640625
85 12.36328125
86 12.0703125
87 11.67578125
88 12.28515625
89 13.724609375
90 12.4765625
91 10.943359375
92 10.921875
93 10.84375
94 10.7890625
95 11.533203125
