7 0.234375
8 3.216796875
9 3.224609375
10 3.208984375
11 3.259765625
12 3.03125
13 3.287109375
14 3.96484375
15 4.369140625
16 4.7734375
17 4.94921875
18 5.833984375
19 6.525390625
20 7.478515625
21 8.06640625
22 8.490234375
23 8.0
24 7.35546875
25 6.595703125
26 6.17578125
27 5.85546875
28 5.556640625
29 4.806640625
30 4.4609375
31 4.26953125
32 4.38671875
33 4.427734375
34 4.3203125
35 4.291015625
36 4.326171875
37 4.5390625
38 4.716796875
39 4.935546875
40 5.603515625
41 6.771484375
42 6.90625
43 6.771484375
44 6.771484375
45 7.154296875
46 7.7734375
47 7.90625
48 7.82421875
49 7.912109375
50 7.732421875
51 7.216796875
52 6.548828125
53 6.8515625
54 6.892578125
55 5.779296875
56 5.314453125
57 4.921875
58 4.5078125
59 4.05859375
60 4.0859375
61 4.25390625
62 4.662109375
63 5.037109375
64 5.62109375
65 6.0625
66 7.0078125
67 8.205078125
68 10.66796875
69 11.419921875
70 11.248046875
71 10.341796875
72 10.234375
73 9.783203125
74 9.345703125
75 8.962890625
76 9.2265625
77 8.994140625
78 8.73046875
79 8.82421875
80 7.74609375
81 8.03125
82 8.125
83 8.53515625
84 8.62109375
85 8.904296875
86 9.0
87 9.240234375
88 9.501953125
89 9.587890625
90 13.70703125
91 13.326171875
92 12.763671875
93 11.82421875
94 11.484375
95 11.470703125
