7 0.234375
8 6.30078125
9 6.091796875
10 6.203125
11 6.216796875
12 6.375
13 6.107421875
14 6.185546875
15 6.181640625
16 6.185546875
17 6.21484375
18 6.3046875
19 6.1640625
20 6.052734375
21 5.935546875
22 5.93359375
23 5.912109375
24 5.650390625
25 5.8359375
26 5.76953125
27 5.94140625
28 5.923828125
29 5.546875
30 5.466796875
31 5.443359375
32 5.369140625
33 5.4453125
34 5.56640625
35 5.3671875
36 5.15234375
37 5.185546875
38 5.265625
39 5.724609375
40 7.037109375
41 6.56640625
42 6.552734375
43 6.748046875
44 6.60546875
45 6.619140625
46 6.693359375
47 6.66796875
48 7.08203125
49 7.12890625
50 7.09765625
51 7.55859375
52 7.4609375
53 7.44921875
54 7.53515625
55 7.603515625
56 7.724609375
57 7.5859375
58 7.201171875
59 6.91015625
60 7.015625
61 7.193359375
62 8.076171875
63 8.85546875
64 9.97265625
65 11.16796875
66 12.791015625
67 15.216796875
68 14.123046875
69 12.982421875
70 12.529296875
71 11.80859375
72 11.736328125
73 11.65234375
74 11.375
75 10.8984375
76 10.759765625
77 10.6484375
78 13.0390625
79 13.46875
80 12.08203125
81 12.150390625
82 12.3046875
83 12.046875
84 12.046875
85 12.796875
86 12.958984375
87 13.2890625
88 13.11328125
89 13.859375
90 13.36328125
91 12.81640625
92 12.619140625
93 12.64453125
94 12.54296875
95 12.484375
