1 0.234375
2 13.783203125
3 13.767578125
4 13.80078125
5 14.306640625
6 14.1796875
7 14.208984375
8 13.982421875
9 14.39453125
10 13.693359375
11 13.95703125
12 14.09375
13 14.26953125
14 13.673828125
15 12.345703125
16 11.291015625
17 11.0703125
18 10.333984375
19 10.208984375
20 10.009765625
21 9.7734375
22 9.609375
23 8.96875
24 9.146484375
25 8.302734375
26 8.314453125
27 8.369140625
28 9.0859375
29 9.05078125
30 9.365234375
31 9.6171875
32 9.810546875
33 9.91796875
34 9.9453125
35 12.30078125
36 13.40234375
37 12.79296875
38 11.87109375
39 11.708984375
40 11.525390625
41 11.361328125
42 11.302734375
43 11.271484375
44 11.291015625
45 11.05859375
46 11.107421875
47 11.330078125
48 11.494140625
49 11.7421875
50 11.796875
51 11.81640625
52 11.69921875
53 11.568359375
54 9.8125
55 8.9765625
56 8.697265625
57 7.966796875
58 7.236328125
59 7.072265625
60 6.625
61 6.21875
62 5.88671875
63 5.53125
64 5.87890625
65 5.4375
66 5.4140625
67 5.5546875
68 5.46875
69 5.322265625
70 5.2734375
71 5.361328125
72 5.40625
73 5.453125
74 5.505859375
75 5.845703125
76 5.654296875
77 5.66015625
78 5.779296875
79 6.21484375
80 6.484375
81 7.111328125
82 7.572265625
83 8.2890625
84 8.98046875
85 9.80859375
86 11.14453125
87 11.271484375
88 10.4375
89 9.27734375
90 8.333984375
91 7.22265625
92 6.611328125
93 6.015625
94 5.64453125
95 5.32421875
