12 0.234375
13 7.798828125
14 7.7265625
15 6.62109375
16 6.65234375
17 6.955078125
18 7.208984375
19 7.46484375
20 7.55078125
21 7.556640625
22 7.408203125
23 7.91015625
24 8.138671875
25 8.826171875
26 9.076171875
27 8.5078125
28 8.12109375
29 8.119140625
30 8.16015625
31 8.322265625
32 8.361328125
33 8.365234375
34 8.521484375
35 8.515625
36 8.615234375
37 9.392578125
38 8.375
39 7.529296875
40 7.044921875
41 7.146484375
42 7.193359375
43 7.03125
44 6.9609375
45 7.185546875
46 7.32421875
47 6.845703125
48 7.83203125
49 10.61328125
50 12.05078125
51 10.58203125
52 10.041015625
53 9.51953125
54 9.17578125
55 9.287109375
56 9.48828125
57 9.9921875
58 10.5625
59 10.888671875
60 11.1796875
61 13.8515625
62 16.197265625
63 18.802734375
64 20.60546875
65 20.2109375
66 20.44140625
67 20.337890625
68 19.978515625
69 16.8671875
70 16.46484375
71 15.697265625
72 16.39453125
73 16.025390625
74 15.8828125
75 15.689453125
76 15.12890625
77 14.32421875
78 13.302734375
79 13.744140625
80 12.369140625
81 12.083984375
82 11.564453125
83 11.259765625
84 10.876953125
85 10.4453125
86 10.578125
87 10.5703125
88 10.5078125
89 10.3671875
90 9.40625
91 8.248046875
92 7.552734375
93 6.712890625
94 5.693359375
95 5.740234375
