7 0.234375
8 13.578125
9 13.49609375
10 13.38671875
11 13.771484375
12 13.6640625
13 13.76171875
14 13.8125
15 13.80859375
16 14.1328125
17 14.224609375
18 14.412109375
19 13.087890625
20 11.4921875
21 10.763671875
22 10.70703125
23 9.974609375
24 9.513671875
25 9.732421875
26 9.0703125
27 9.123046875
28 8.853515625
29 9.0
30 8.14453125
31 7.880859375
32 8.111328125
33 8.513671875
34 8.763671875
35 8.865234375
36 8.9296875
37 9.322265625
38 9.33203125
39 9.462890625
40 11.888671875
41 13.228515625
42 12.79296875
43 11.884765625
44 11.546875
45 11.55078125
46 11.37109375
47 11.546875
48 11.529296875
49 11.529296875
50 11.400390625
51 11.294921875
52 11.169921875
53 11.404296875
54 11.859375
55 11.84765625
56 11.87109375
57 11.783203125
58 11.37890625
59 9.630859375
60 8.228515625
61 6.990234375
62 7.203125
63 7.322265625
64 7.29296875
65 7.337890625
66 7.357421875
67 7.49609375
68 7.583984375
69 8.49609375
70 10.908203125
71 11.7734375
72 10.2265625
73 9.2265625
74 8.10546875
75 7.419921875
76 6.818359375
77 5.916015625
78 5.326171875
79 4.650390625
80 4.44140625
81 4.3984375
82 4.37109375
83 4.37109375
84 4.380859375
85 4.326171875
86 4.390625
87 4.548828125
88 4.970703125
89 5.666015625
90 6.126953125
91 6.630859375
92 7.021484375
93 7.1171875
94 7.16015625
95 7.857421875
