17 0.234375
18 5.384765625
19 5.583984375
20 5.626953125
21 5.71484375
22 5.69140625
23 5.669921875
24 5.50390625
25 5.375
26 5.515625
27 5.466796875
28 4.9609375
29 4.794921875
30 4.8359375
31 4.724609375
32 4.732421875
33 4.794921875
34 5.099609375
35 5.373046875
36 5.685546875
37 6.376953125
38 7.86328125
39 8.654296875
40 9.26171875
41 10.423828125
42 12.46875
43 13.251953125
44 13.296875
45 13.091796875
46 12.853515625
47 12.45703125
48 10.349609375
49 9.80859375
50 9.494140625
51 9.203125
52 8.857421875
53 8.94921875
54 8.568359375
55 8.392578125
56 8.681640625
57 8.15625
58 8.041015625
59 7.474609375
60 7.470703125
61 7.732421875
62 7.57421875
63 7.642578125
64 7.5546875
65 7.22265625
66 7.15625
67 7.236328125
68 7.884765625
69 9.8984375
70 10.869140625
71 12.548828125
72 13.06640625
73 13.927734375
74 14.822265625
75 15.94921875
76 13.8828125
77 13.009765625
78 12.580078125
79 12.8515625
80 12.439453125
81 12.490234375
82 12.306640625
83 11.87890625
84 11.494140625
85 11.517578125
86 13.349609375
87 13.796875
88 13.453125
89 13.42578125
90 12.82421875
91 12.248046875
92 12.578125
93 13.2890625
94 13.6875
95 13.951171875
