2 0.234375
3 5.466796875
4 5.138671875
5 5.033203125
6 5.228515625
7 5.396484375
8 5.38671875
9 5.34765625
10 5.328125
11 5.220703125
12 5.1171875
13 5.1328125
14 5.1796875
15 5.1640625
16 4.546875
17 4.525390625
18 4.513671875
19 4.521484375
20 4.53125
21 4.658203125
22 5.015625
23 5.33984375
24 5.59765625
25 6.00390625
26 7.287109375
27 8.0703125
28 9.107421875
29 10.349609375
30 11.46875
31 12.26953125
32 12.32421875
33 12.3984375
34 12.18359375
35 11.72265625
36 9.900390625
37 9.54296875
38 9.279296875
39 8.876953125
40 8.361328125
41 8.201171875
42 7.947265625
43 8.162109375
44 8.322265625
45 8.23046875
46 8.158203125
47 7.533203125
48 7.359375
49 7.56640625
50 7.40625
51 7.4609375
52 7.62890625
53 7.361328125
54 6.921875
55 6.828125
56 7.75
57 8.384765625
58 7.9453125
59 7.69921875
60 7.609375
61 7.484375
62 7.408203125
63 7.45703125
64 7.708984375
65 7.771484375
66 7.6953125
67 7.880859375
68 8.505859375
69 7.8359375
70 7.751953125
71 7.728515625
72 7.69921875
73 7.779296875
74 7.703125
75 8.171875
76 8.05078125
77 7.880859375
78 8.0703125
79 8.984375
80 8.109375
81 6.99609375
82 6.3046875
83 6.58203125
84 6.53125
85 6.66796875
86 6.587890625
87 6.642578125
88 6.7421875
89 6.896484375
90 7.841796875
91 10.08203125
92 11.306640625
93 10.451171875
94 9.8203125
95 9.376953125
