17 0.234375
18 13.720703125
19 13.203125
20 13.48046875
21 14.046875
22 14.33984375
23 14.265625
24 14.52734375
25 13.865234375
26 14.57421875
27 14.001953125
28 12.5625
29 11.97265625
30 11.76171875
31 11.134765625
32 10.828125
33 10.498046875
34 9.94921875
35 9.55859375
36 9.3515625
37 9.525390625
38 8.27734375
39 8.15625
40 8.291015625
41 9.134765625
42 9.26171875
43 9.34765625
44 9.34765625
45 9.79296875
46 10.296875
47 10.384765625
48 12.677734375
49 12.8984375
50 12.37890625
51 12.41015625
52 12.54296875
53 12.478515625
54 12.23046875
55 12.015625
56 11.759765625
57 12.138671875
58 11.6953125
59 11.73828125
60 11.9140625
61 12.736328125
62 12.453125
63 12.52734375
64 12.47265625
65 12.392578125
66 12.30078125
67 12.34375
68 11.9453125
69 11.421875
70 10.359375
71 9.90625
72 9.48828125
73 9.14453125
74 8.900390625
75 8.408203125
76 8.330078125
77 8.337890625
78 8.171875
79 7.94921875
80 8.6640625
81 7.74609375
82 8.21875
83 8.1328125
84 8.2265625
85 8.3984375
86 8.58203125
87 8.533203125
88 8.591796875
89 8.697265625
90 8.857421875
91 9.87890625
92 8.998046875
93 7.748046875
94 7.388671875
95 7.3828125
