12 0.234375
13 3.23828125
14 3.326171875
15 3.359375
16 3.849609375
17 4.435546875
18 4.921875
19 5.279296875
20 5.568359375
21 6.037109375
22 6.55078125
23 8.1875
24 10.197265625
25 14.765625
26 17.302734375
27 14.15234375
28 13.515625
29 13.197265625
30 13.076171875
31 13.443359375
32 12.525390625
33 12.423828125
34 11.32421875
35 11.0
36 11.59765625
37 13.72265625
38 13.357421875
39 12.53125
40 10.69921875
41 10.5703125
42 10.955078125
43 11.27734375
44 11.326171875
45 10.7734375
46 10.8359375
47 11.005859375
48 11.10546875
49 11.52734375
50 12.81640625
51 11.822265625
52 10.404296875
53 9.66796875
54 9.28125
55 9.408203125
56 9.642578125
57 9.29296875
58 9.076171875
59 9.173828125
60 9.23828125
61 10.080078125
62 11.146484375
63 9.908203125
64 9.689453125
65 9.552734375
66 9.64453125
67 9.82421875
68 10.091796875
69 10.453125
70 10.828125
71 10.904296875
72 11.2734375
73 13.40625
74 12.529296875
75 11.716796875
76 11.455078125
77 10.927734375
78 10.6171875
79 9.91796875
80 9.6328125
81 9.2265625
82 9.26953125
83 9.583984375
84 8.52734375
85 8.775390625
86 8.802734375
87 9.068359375
88 9.14453125
89 9.486328125
90 9.908203125
91 10.220703125
92 10.501953125
93 10.185546875
94 13.96875
95 13.19140625
