1 0.234375
2 4.96875
3 4.9609375
4 4.935546875
5 4.455078125
6 4.181640625
7 4.978515625
8 4.904296875
9 4.919921875
10 4.90234375
11 4.953125
12 4.015625
13 4.818359375
14 4.83203125
15 4.79296875
16 3.6796875
17 4.724609375
18 4.015625
19 4.322265625
20 4.44921875
21 4.6953125
22 4.583984375
23 5.099609375
24 5.87890625
25 7.708984375
26 8.306640625
27 8.25390625
28 10.794921875
29 12.298828125
30 13.64453125
31 12.8984375
32 13.65625
33 11.82421875
34 13.3671875
35 11.203125
36 9.8515625
37 9.501953125
38 7.8515625
39 7.8984375
40 9.01953125
41 8.78125
42 8.765625
43 8.595703125
44 8.69140625
45 8.498046875
46 7.89453125
47 7.931640625
48 7.8359375
49 7.888671875
50 8.041015625
51 8.10546875
52 7.826171875
53 7.123046875
54 7.54296875
55 8.892578125
56 7.984375
57 7.935546875
58 8.58203125
59 8.400390625
60 10.013671875
61 10.70703125
62 9.861328125
63 12.029296875
64 11.6953125
65 12.703125
66 12.982421875
67 18.484375
68 13.091796875
69 13.541015625
70 14.44921875
71 14.0859375
72 12.21875
73 12.29296875
74 13.484375
75 11.54296875
76 12.306640625
77 12.416015625
78 13.287109375
79 13.453125
80 12.564453125
81 9.921875
82 10.599609375
83 11.0625
84 10.1015625
85 11.361328125
86 11.26171875
87 11.46484375
88 11.40625
89 11.4296875
90 11.556640625
91 13.416015625
92 12.005859375
93 11.666015625
94 10.677734375
95 9.556640625
