12 0.234375
13 13.533203125
14 13.68359375
15 13.796875
16 14.58984375
17 15.0
18 15.671875
19 15.041015625
20 15.3515625
21 12.96875
22 13.80859375
23 14.0390625
24 13.294921875
25 12.318359375
26 11.4765625
27 11.0234375
28 10.70703125
29 9.587890625
30 9.451171875
31 9.28515625
32 9.1875
33 10.40234375
34 8.623046875
35 8.720703125
36 8.62890625
37 9.578125
38 9.1953125
39 9.845703125
40 9.83203125
41 11.255859375
42 10.9140625
43 10.380859375
44 15.28125
45 14.4609375
46 12.890625
47 11.171875
48 12.04296875
49 11.693359375
50 11.4921875
51 11.4921875
52 12.796875
53 12.28515625
54 11.875
55 11.71875
56 12.12890625
57 11.615234375
58 12.763671875
59 12.48828125
60 11.4921875
61 11.919921875
62 11.5078125
63 12.541015625
64 13.283203125
65 15.125
66 14.42578125
67 15.51171875
68 14.515625
69 16.390625
70 15.458984375
71 18.5
72 14.58203125
73 14.03515625
74 13.5
75 12.234375
76 13.4609375
77 13.21484375
78 13.2265625
79 13.892578125
80 11.693359375
81 12.630859375
82 12.224609375
83 14.732421875
84 12.931640625
85 13.353515625
86 13.849609375
87 11.8984375
88 13.26171875
89 12.412109375
90 13.810546875
91 12.634765625
92 11.91796875
93 14.154296875
94 13.638671875
95 14.12890625
