12 0.234375
13 5.486328125
14 5.673828125
15 5.37109375
16 5.314453125
17 5.38671875
18 5.67578125
19 5.505859375
20 5.349609375
21 5.462890625
22 5.4296875
23 5.396484375
24 5.107421875
25 4.970703125
26 4.892578125
27 5.1484375
28 5.12890625
29 5.490234375
30 5.568359375
31 6.638671875
32 7.23046875
33 7.888671875
34 9.6171875
35 9.8671875
36 11.021484375
37 11.171875
38 10.201171875
39 9.115234375
40 8.18359375
41 7.76953125
42 5.498046875
43 4.90234375
44 5.111328125
45 5.060546875
46 4.890625
47 4.755859375
48 4.740234375
49 4.810546875
50 4.873046875
51 4.46484375
52 4.470703125
53 4.603515625
54 4.548828125
55 4.53515625
56 3.765625
57 4.037109375
58 3.400390625
59 4.2421875
60 4.115234375
61 4.802734375
62 4.548828125
63 4.796875
64 5.634765625
65 6.5625
66 8.0546875
67 10.634765625
68 12.41796875
69 14.1015625
70 14.26171875
71 13.853515625
72 14.8515625
73 13.91015625
74 13.443359375
75 13.212890625
76 13.03515625
77 13.130859375
78 12.5234375
79 12.62890625
80 12.07421875
81 9.8515625
82 13.125
83 15.46875
84 14.109375
85 13.4453125
86 11.94140625
87 12.373046875
88 12.81640625
89 13.107421875
90 11.853515625
91 11.888671875
92 12.08203125
93 11.92578125
94 11.841796875
95 11.828125
