1 0.234375
2 12.359375
3 12.376953125
4 13.19921875
5 13.53515625
6 13.6640625
7 13.4765625
8 12.7109375
9 15.0
10 14.8671875
11 14.6015625
12 12.53125
13 15.671875
14 15.3359375
15 13.7109375
16 11.78515625
17 12.525390625
18 11.59765625
19 10.318359375
20 9.96875
21 9.7109375
22 10.30859375
23 8.5859375
24 9.84375
25 7.8125
26 7.962890625
27 8.310546875
28 8.4609375
29 9.26953125
30 7.9765625
31 9.84375
32 9.099609375
33 10.1171875
34 10.40234375
35 12.587890625
36 15.3359375
37 12.216796875
38 11.796875
39 12.94140625
40 12.578125
41 13.046875
42 12.96875
43 12.236328125
44 11.8203125
45 11.669921875
46 11.98828125
47 11.609375
48 12.880859375
49 12.783203125
50 12.9765625
51 13.109375
52 13.58984375
53 12.30078125
54 11.267578125
55 9.8515625
56 7.95703125
57 7.25390625
58 6.939453125
59 6.400390625
60 6.50390625
61 5.265625
62 5.36328125
63 4.81640625
64 5.248046875
65 3.96484375
66 3.984375
67 4.794921875
68 4.0
69 4.6953125
70 4.49609375
71 4.919921875
72 4.03125
73 4.099609375
74 4.0625
75 4.90234375
76 4.94921875
77 5.041015625
78 5.3828125
79 5.28125
80 5.90625
81 6.1328125
82 7.330078125
83 7.4296875
84 9.5078125
85 10.583984375
86 11.34765625
87 11.7265625
88 9.8515625
89 10.12890625
90 7.896484375
91 7.111328125
92 6.1328125
93 5.34375
94 4.015625
95 4.40234375
