1 0.234375
2 13.40234375
3 13.447265625
4 13.916015625
5 14.435546875
6 14.923828125
7 14.357421875
8 12.611328125
9 12.533203125
10 13.072265625
11 13.615234375
12 15.609375
13 13.76953125
14 12.158203125
15 13.982421875
16 11.974609375
17 11.58984375
18 10.0078125
19 10.0234375
20 10.576171875
21 10.64453125
22 9.890625
23 7.8359375
24 9.30859375
25 8.376953125
26 7.80859375
27 8.3828125
28 8.337890625
29 9.244140625
30 9.720703125
31 9.02734375
32 9.625
33 9.529296875
34 9.59765625
35 12.46875
36 14.703125
37 13.37890625
38 11.8515625
39 11.71484375
40 11.62109375
41 12.078125
42 13.0546875
43 11.94140625
44 11.69921875
45 11.888671875
46 12.24609375
47 11.697265625
48 11.765625
49 11.78125
50 12.998046875
51 13.212890625
52 12.1015625
53 11.375
54 12.60546875
55 11.935546875
56 14.001953125
57 14.15234375
58 15.4296875
59 16.818359375
60 15.068359375
61 15.84375
62 15.859375
63 15.71875
64 15.34765625
65 15.583984375
66 15.375
67 15.359375
68 15.3359375
69 12.65234375
70 13.982421875
71 11.71875
72 12.59375
73 12.02734375
74 11.3984375
75 11.55078125
76 9.94140625
77 10.248046875
78 10.115234375
79 9.8515625
80 9.544921875
81 9.1640625
82 7.953125
83 7.59765625
84 5.916015625
85 5.640625
86 5.041015625
87 5.2421875
88 5.2421875
89 4.990234375
90 5.017578125
91 6.1484375
92 6.533203125
93 5.984375
94 6.0078125
95 6.84375
