12 0.234375
13 7.68359375
14 7.697265625
15 5.892578125
16 6.482421875
17 6.029296875
18 6.712890625
19 7.146484375
20 7.31640625
21 7.251953125
22 7.205078125
23 7.390625
24 7.90234375
25 8.33984375
26 9.0546875
27 8.060546875
28 7.9609375
29 8.09765625
30 8.02734375
31 8.06640625
32 8.01953125
33 8.5703125
34 8.0625
35 7.4140625
36 8.71875
37 9.244140625
38 8.76953125
39 7.396484375
40 7.001953125
41 7.189453125
42 7.15625
43 7.05078125
44 7.224609375
45 7.25390625
46 7.26953125
47 7.275390625
48 8.46484375
49 11.3125
50 11.83984375
51 11.5859375
52 10.96875
53 10.740234375
54 10.69140625
55 10.779296875
56 10.91796875
57 10.318359375
58 11.41015625
59 11.443359375
60 12.18359375
61 12.107421875
62 12.09375
63 12.91796875
64 13.416015625
65 12.830078125
66 12.50390625
67 11.658203125
68 10.921875
69 9.8046875
70 8.169921875
71 7.5
72 6.40625
73 5.28125
74 5.18359375
75 5.248046875
76 5.19140625
77 5.083984375
78 5.197265625
79 5.19140625
80 5.28125
81 5.03125
82 5.361328125
83 4.71875
84 4.533203125
85 4.0546875
86 4.03125
87 4.453125
88 4.51171875
89 4.453125
90 4.513671875
91 4.533203125
92 4.640625
93 5.455078125
94 5.3203125
95 5.21875
