17 0.234375
18 19.208984375
19 21.185546875
20 18.333984375
21 14.314453125
22 14.4765625
23 14.265625
24 14.328125
25 14.880859375
26 12.630859375
27 12.291015625
28 12.416015625
29 11.923828125
30 12.220703125
31 12.099609375
32 11.947265625
33 11.583984375
34 11.6328125
35 11.28125
36 11.828125
37 12.41015625
38 13.265625
39 12.099609375
40 12.4296875
41 11.95703125
42 12.892578125
43 12.69140625
44 12.1796875
45 12.11328125
46 11.904296875
47 11.97265625
48 12.07421875
49 12.19140625
50 11.8515625
51 11.83203125
52 11.861328125
53 11.583984375
54 11.826171875
55 12.17578125
56 11.962890625
57 11.88671875
58 12.052734375
59 11.916015625
60 13.25390625
61 11.84765625
62 11.818359375
63 13.064453125
64 13.0078125
65 11.96875
66 11.404296875
67 12.3046875
68 9.232421875
69 9.560546875
70 9.8515625
71 9.70703125
72 11.783203125
73 11.794921875
74 11.94921875
75 12.5234375
76 13.080078125
77 13.5
78 18.650390625
79 14.751953125
80 14.3359375
81 13.0703125
82 12.8984375
83 11.919921875
84 13.43359375
85 12.80078125
86 11.94921875
87 11.392578125
88 11.685546875
89 11.5546875
90 11.80078125
91 11.888671875
92 11.59375
93 11.37890625
94 11.275390625
95 11.37890625
