17 0.234375
18 4.83984375
19 4.76171875
20 5.306640625
21 5.224609375
22 4.994140625
23 5.306640625
24 5.271484375
25 5.265625
26 5.619140625
27 5.369140625
28 5.4140625
29 5.125
30 4.78125
31 4.98828125
32 5.087890625
33 5.052734375
34 5.142578125
35 4.984375
36 4.98046875
37 5.02734375
38 4.916015625
39 4.85546875
40 4.880859375
41 4.974609375
42 3.984375
43 4.634765625
44 4.720703125
45 4.4765625
46 4.25
47 5.0078125
48 6.09375
49 5.25
50 5.265625
51 5.619140625
52 5.79296875
53 5.50390625
54 6.005859375
55 5.400390625
56 6.3203125
57 5.8515625
58 6.53515625
59 7.7890625
60 7.595703125
61 6.685546875
62 7.62890625
63 7.09765625
64 6.80078125
65 7.748046875
66 7.81640625
67 6.634765625
68 6.1640625
69 6.609375
70 7.388671875
71 7.900390625
72 9.431640625
73 11.75
74 12.46484375
75 14.8671875
76 13.236328125
77 12.482421875
78 12.6796875
79 12.85546875
80 12.73828125
81 11.78125
82 12.4609375
83 11.703125
84 11.61328125
85 11.390625
86 12.216796875
87 12.0625
88 12.099609375
89 11.986328125
90 11.68359375
91 11.82421875
92 11.939453125
93 12.787109375
94 11.8671875
95 11.88671875
