7 0.234375
8 5.642578125
9 5.7109375
10 5.216796875
11 5.1015625
12 4.900390625
13 4.78125
14 4.8046875
15 5.0703125
16 5.580078125
17 4.802734375
18 5.1328125
19 4.908203125
20 4.712890625
21 4.61328125
22 4.80859375
23 4.0390625
24 4.546875
25 4.78125
26 4.85546875
27 4.607421875
28 4.625
29 4.779296875
30 4.677734375
31 5.12890625
32 4.78125
33 5.048828125
34 5.361328125
35 5.90234375
36 7.16796875
37 7.75390625
38 7.9921875
39 9.55078125
40 10.486328125
41 11.341796875
42 12.259765625
43 11.4453125
44 9.791015625
45 8.525390625
46 7.26953125
47 6.646484375
48 5.470703125
49 4.921875
50 4.693359375
51 4.4609375
52 4.431640625
53 4.51953125
54 4.41796875
55 3.921875
56 4.015625
57 4.611328125
58 4.03125
59 5.099609375
60 5.51171875
61 5.28125
62 5.91796875
63 7.916015625
64 8.9765625
65 10.583984375
66 9.765625
67 11.267578125
68 10.0
69 11.587890625
70 12.1328125
71 11.515625
72 13.1015625
73 11.341796875
74 9.46484375
75 10.3203125
76 9.212890625
77 10.751953125
78 9.3046875
79 10.30078125
80 8.57421875
81 8.673828125
82 8.412109375
83 9.1171875
84 9.984375
85 9.560546875
86 10.74609375
87 9.681640625
88 11.1171875
89 10.337890625
90 12.6015625
91 12.291015625
92 12.298828125
93 11.732421875
94 12.521484375
95 12.947265625
