17 0.234375
18 12.515625
19 12.80859375
20 12.306640625
21 15.0
22 14.080078125
23 14.490234375
24 14.263671875
25 15.0
26 12.154296875
27 12.203125
28 12.751953125
29 12.328125
30 11.7109375
31 10.419921875
32 10.923828125
33 9.55859375
34 9.51171875
35 9.142578125
36 9.19921875
37 9.103515625
38 8.166015625
39 8.462890625
40 8.23828125
41 7.7421875
42 8.46875
43 9.37109375
44 9.810546875
45 9.31640625
46 9.615234375
47 9.8515625
48 12.171875
49 14.80859375
50 12.85546875
51 12.953125
52 12.80078125
53 11.580078125
54 12.17578125
55 11.61328125
56 11.7109375
57 12.0546875
58 12.140625
59 12.056640625
60 11.923828125
61 11.76171875
62 12.51171875
63 12.107421875
64 12.216796875
65 12.271484375
66 11.728515625
67 12.505859375
68 11.677734375
69 11.814453125
70 10.681640625
71 10.21875
72 9.275390625
73 7.734375
74 9.0
75 7.765625
76 8.0078125
77 7.390625
78 7.4296875
79 8.662109375
80 8.791015625
81 8.4609375
82 7.5
83 7.982421875
84 8.064453125
85 8.162109375
86 8.046875
87 8.5390625
88 8.529296875
89 8.642578125
90 8.64453125
91 10.259765625
92 8.572265625
93 7.953125
94 7.76953125
95 7.783203125
