12 0.234375
13 13.19921875
14 14.103515625
15 15.091796875
16 14.81640625
17 12.896484375
18 12.345703125
19 12.32421875
20 12.591796875
21 14.576171875
22 15.390625
23 12.2578125
24 13.0859375
25 11.982421875
26 11.73046875
27 11.17578125
28 11.08984375
29 9.537109375
30 10.68359375
31 9.650390625
32 9.5
33 9.30078125
34 7.7421875
35 7.486328125
36 8.212890625
37 8.86328125
38 7.7421875
39 9.236328125
40 9.203125
41 10.716796875
42 9.33984375
43 10.689453125
44 11.98046875
45 15.140625
46 13.482421875
47 11.9296875
48 11.62890625
49 12.388671875
50 11.640625
51 11.798828125
52 11.3125
53 11.640625
54 11.458984375
55 11.39453125
56 12.59375
57 12.673828125
58 12.611328125
59 13.28515625
60 12.849609375
61 12.171875
62 12.05859375
63 9.451171875
64 8.62109375
65 7.787109375
66 7.22265625
67 6.728515625
68 7.4296875
69 7.4296875
70 7.22265625
71 7.2890625
72 7.27734375
73 9.0625
74 9.107421875
75 9.947265625
76 8.5078125
77 7.50390625
78 7.4140625
79 6.44140625
80 5.4765625
81 5.158203125
82 4.44921875
83 3.904296875
84 3.701171875
85 4.015625
86 3.8984375
87 4.1015625
88 3.791015625
89 4.041015625
90 4.47265625
91 4.421875
92 4.580078125
93 4.69921875
94 5.87890625
95 6.724609375
