12 0.234375
13 5.103515625
14 5.447265625
15 5.380859375
16 5.259765625
17 5.1953125
18 5.396484375
19 5.05859375
20 5.259765625
21 5.126953125
22 5.283203125
23 5.203125
24 4.78515625
25 4.80078125
26 4.6796875
27 5.115234375
28 5.05859375
29 6.0234375
30 5.701171875
31 7.11328125
32 7.576171875
33 7.9140625
34 10.203125
35 10.06640625
36 9.59375
37 10.529296875
38 10.640625
39 8.8515625
40 8.140625
41 7.6796875
42 6.048828125
43 5.453125
44 4.765625
45 5.021484375
46 5.07421875
47 4.9140625
48 4.9375
49 4.703125
50 4.0703125
51 4.478515625
52 4.4921875
53 4.45703125
54 4.322265625
55 4.40625
56 4.40625
57 4.091796875
58 4.111328125
59 4.00390625
60 4.390625
61 4.576171875
62 4.4921875
63 4.96484375
64 5.43359375
65 7.119140625
66 8.283203125
67 10.85546875
68 12.087890625
69 12.470703125
70 12.6015625
71 14.037109375
72 12.689453125
73 12.02734375
74 11.794921875
75 12.09375
76 11.9765625
77 11.947265625
78 12.86328125
79 11.3984375
80 11.814453125
81 11.595703125
82 12.328125
83 14.017578125
84 12.1171875
85 14.025390625
86 12.189453125
87 12.521484375
88 12.59765625
89 12.169921875
90 11.806640625
91 11.849609375
92 12.546875
93 12.1953125
94 12.36328125
95 12.345703125
