12 0.234375
13 5.3046875
14 5.595703125
15 5.525390625
16 5.388671875
17 5.84765625
18 5.810546875
19 5.4296875
20 5.26953125
21 5.287109375
22 5.818359375
23 5.716796875
24 5.259765625
25 5.333984375
26 5.22265625
27 4.783203125
28 4.65234375
29 4.7734375
30 4.73046875
31 4.763671875
32 5.078125
33 4.13671875
34 4.341796875
35 4.498046875
36 4.3671875
37 3.998046875
38 4.068359375
39 4.375
40 4.9140625
41 3.875
42 3.875
43 4.982421875
44 6.1640625
45 5.7109375
46 5.994140625
47 5.77734375
48 5.28125
49 5.701171875
50 5.33203125
51 5.90625
52 6.783203125
53 6.732421875
54 7.078125
55 8.02734375
56 7.287109375
57 7.37109375
58 7.87890625
59 7.90234375
60 7.939453125
61 7.8046875
62 6.755859375
63 5.318359375
64 5.189453125
65 4.990234375
66 5.83203125
67 5.8203125
68 6.099609375
69 6.6796875
70 7.3515625
71 8.67578125
72 7.9765625
73 13.259765625
74 13.20703125
75 12.1640625
76 12.265625
77 11.0859375
78 11.234375
79 10.451171875
80 10.654296875
81 9.890625
82 9.361328125
83 10.177734375
84 8.962890625
85 8.54296875
86 8.78515625
87 9.974609375
88 9.923828125
89 10.287109375
90 10.771484375
91 10.86328125
92 9.6875
93 9.6015625
94 13.05078125
95 11.91796875
