7 0.234375
8 5.48828125
9 5.685546875
10 5.33984375
11 5.181640625
12 5.359375
13 5.28125
14 5.34375
15 5.27734375
16 5.3828125
17 6.2109375
18 5.79296875
19 5.9453125
20 4.814453125
21 5.123046875
22 5.138671875
23 5.1796875
24 4.8828125
25 4.814453125
26 5.3125
27 5.2421875
28 5.130859375
29 4.794921875
30 4.765625
31 4.568359375
32 4.53125
33 4.39453125
34 4.5078125
35 3.875
36 3.890625
37 3.951171875
38 4.84765625
39 4.826171875
40 7.15625
41 6.0390625
42 6.35546875
43 5.9375
44 6.140625
45 6.0546875
46 6.6171875
47 7.140625
48 6.490234375
49 7.15625
50 7.001953125
51 7.4296875
52 7.8515625
53 7.99609375
54 8.203125
55 7.982421875
56 7.81640625
57 7.3125
58 7.2734375
59 7.09375
60 6.9921875
61 7.390625
62 7.390625
63 8.73046875
64 9.939453125
65 11.697265625
66 12.87890625
67 15.19921875
68 15.3125
69 14.26953125
70 13.90234375
71 13.548828125
72 13.92578125
73 13.2265625
74 12.119140625
75 12.48046875
76 11.412109375
77 11.794921875
78 13.53515625
79 13.962890625
80 13.525390625
81 12.771484375
82 12.375
83 13.314453125
84 13.40625
85 14.185546875
86 14.015625
87 14.677734375
88 11.845703125
89 15.25
90 11.86328125
91 12.041015625
92 12.12890625
93 11.818359375
94 11.8828125
95 11.765625
