7 0.19660223725149442
8 43.624719371354956
9 40.989812025897685
10 39.69583489713651
11 41.81791331629426
12 41.58613975722859
13 40.518745657361464
14 41.572371757595775
15 41.230697283873276
16 42.39759761603633
17 41.76852747842076
18 41.6522180668327
19 41.17011863209491
20 42.615687634836775
21 43.95131288035376
22 42.58986081563443
23 43.636745704398564
24 43.181996135858554
25 42.46568846127888
26 41.67566984310717
27 45.099372813609826
28 46.41407007617787
29 45.36405926223676
30 43.548314326282245
31 42.47595255021098
32 47.019960006815374
33 48.19005807527131
34 47.085586360234856
35 40.79198957933726
36 42.972887639471885
37 48.26613981765481
38 47.83158307725153
39 47.33705408267322
40 44.95690351111375
41 45.2420896114663
42 47.10850321112928
43 41.99967879824933
44 40.77179630979577
45 43.26323590563211
46 42.19795436571054
47 47.05007925405665
48 45.03831984229107
49 47.1577384262448
50 46.71092813565954
51 43.66505279084889
52 44.94191490560226
53 43.6699332464217
54 44.21772988380578
55 44.077001681336625
56 46.33751494629627
57 48.000213303674634
58 49.559791292521105
59 46.28683967429356
60 44.266238578819305
61 46.8168012397613
62 49.23967341409905
63 52.89275989310258
64 54.2468113513289
65 54.63860515605275
66 54.092623648189665
67 49.192000795363974
68 47.6602556475208
69 45.366633349152465
70 46.468599247475616
71 47.78995216968288
72 50.12777887085112
73 47.63338260382835
74 47.589981269239935
75 49.2102465087621
76 50.08144818051517
77 48.21522340062965
78 47.93703415678211
79 48.17620354113325
80 46.21126941885767
81 46.1059238409708
82 47.128707000773524
83 46.491602412771854
84 47.33882858186142
85 48.324722193614335
86 48.36119377583171
87 48.86606978937649
88 48.43862416009902
89 48.73413777012029
90 45.807144868120275
91 45.74620879709356
92 46.26428441927744
93 42.69261009167322
94 39.44201053806512
95 37.545290775005945
