17 0.0
18 45.60109765210246
19 44.79096401754341
20 45.29025959990475
21 45.83514153954031
22 45.588717688792684
23 47.154521462537275
24 46.07038352567955
25 45.93983313926046
26 46.15496370561666
27 45.89194209390101
28 46.37402130928939
29 47.24970554301867
30 46.65671432666938
31 49.164513239410226
32 51.90732657879645
33 50.615131751819646
34 49.95519448203227
35 49.48562622949273
36 49.385353723046066
37 48.49452115626761
38 45.66444520496167
39 46.889833220960945
40 49.41313352616002
41 50.78855192000263
42 50.20869969326196
43 49.40267700435454
44 47.466942249750936
45 47.0095219476018
46 48.66411095260053
47 49.3615263316911
48 48.01443762921651
49 46.532316496227686
50 43.20306198681737
51 44.79415347542713
52 44.42664223168866
53 44.652672295463105
54 45.20987883924233
55 45.885406721097844
56 46.35941056388784
57 49.09968658813492
58 47.451639679671175
59 45.82093665590092
60 45.90527095767408
61 49.227956924841855
62 47.696565941861536
63 48.3208714327236
64 48.87508910076691
65 46.562998632986975
66 47.40133088677247
67 49.626461463933694
68 49.07346510759996
69 48.90096157399395
70 48.902821239496774
71 46.64314663947916
72 47.56391848892023
73 49.069869747087985
74 43.436441707915804
75 42.62246967157407
76 41.52369620108197
77 41.144522960030976
78 43.39444937367472
79 46.500269509135016
80 47.18718906380591
81 47.84984507574414
82 46.842231909269984
83 45.94412041227016
84 46.815486258038106
85 46.62257562317469
86 47.10811757026492
87 46.35461135732642
88 45.663302839847624
89 45.12534079404685
90 48.06561644978763
91 49.018487473594554
92 45.72528861465583
93 44.03958196813911
94 43.11607171896843
95 43.24513659686785
