12 0.0
13 37.90464656778753
14 40.66568230614792
15 45.614033222285805
16 45.9189860660655
17 45.963655095433026
18 44.90691340222153
19 44.14760856409287
20 41.53312664645812
21 45.02065773455316
22 43.625349278613456
23 46.09713737154815
24 46.3016051389719
25 46.05447839646996
26 47.44569917120505
27 44.50578528810407
28 42.76199422127687
29 41.21626709613051
30 46.37544127269649
31 48.44522915060419
32 49.86384346921835
33 49.37928558220242
34 48.59499586555833
35 47.31215873435248
36 49.884233973339896
37 47.125203974613335
38 41.806671381395546
39 41.113772006059484
40 40.64297630846223
41 40.76201203935765
42 43.30482596035101
43 45.32610635178472
44 47.49550181867048
45 48.679908451966284
46 50.973164756633615
47 47.726286283738666
48 50.671620482258334
49 46.95819470878271
50 44.74878937272923
51 44.0041961095393
52 45.55945929674428
53 48.545664740561996
54 47.16177198304074
55 41.87531093214594
56 44.63407406612999
57 43.221427840525564
58 42.21911582499568
59 46.61870848196803
60 48.67252776453108
61 44.67064485839403
62 47.81513625473043
63 46.522879607812605
64 42.44195338013732
65 40.20957626612621
66 43.03890336180825
67 44.54254300863855
68 46.88337353522793
69 45.616881113842695
70 41.21169444782881
71 37.54796140447369
72 40.772653489794955
73 41.16851409808557
74 46.84310445537989
75 47.220308615801336
76 48.474293787828785
77 49.02095157473881
78 52.0305272051189
79 46.0630234481933
80 46.30673638628071
81 45.213314828350185
82 45.96548304932337
83 45.56636456463798
84 44.59590623960346
85 44.69570759414653
86 46.18899643737917
87 47.10633105162838
88 48.46365107543318
89 46.265379758824345
90 48.232267939395754
91 48.940985006129075
92 49.148661303373466
93 47.11348717321579
94 46.57258491995058
95 46.4733619239756
