17 0.0
18 38.47556342711109
19 39.599723499719865
20 39.74625834377224
21 37.84553361426718
22 39.828883468967206
23 41.14451801786568
24 42.015788420069484
25 44.616679626158515
26 44.82123406046452
27 45.35645737446657
28 45.71745272200411
29 46.64416869313168
30 48.76329796333769
31 48.24765954412714
32 48.56212490478679
33 46.30170390474936
34 43.46942027455793
35 45.32793629353806
36 49.31609973264769
37 50.75813369422682
38 51.09647986543414
39 48.30374334735292
40 47.62978077834769
41 49.37066746259227
42 51.07042773187884
43 49.45133298937657
44 46.97564249010559
45 44.86944831736985
46 43.79874690912288
47 43.52003748587806
48 43.80515099434315
49 44.77135862377774
50 45.391113178541566
51 45.51247102484828
52 45.75826668555607
53 48.07713555113429
54 49.9776242574507
55 52.15175647698407
56 52.01670287276258
57 49.637794107788686
58 49.79477104202166
59 51.217132468658995
60 50.75456767356711
61 49.354830413018284
62 48.23135623022972
63 49.426621573643764
64 51.814065200131736
65 52.2811073199398
66 53.28120071899606
67 50.39452194136217
68 40.73223701199706
69 41.238550249603676
70 44.01544322414469
71 46.71509062223646
72 43.950488333261795
73 45.20467898773589
74 48.482292228375925
75 52.11708103007677
76 53.31774030794685
77 52.87907399503014
78 53.10095711776145
79 49.88089275173397
80 47.70541208550094
81 45.86661002570138
82 42.29302969235811
83 42.147175920788186
84 42.66888235487249
85 43.77412176895823
86 44.28110157478561
87 44.11464331675108
88 44.49550298041573
89 46.63228287612365
90 46.40205944116413
91 48.006911392500704
92 48.865273947159004
93 48.452832445940096
94 46.191758251196745
95 42.13008371489514
