7 0.0
8 39.25152739806171
9 39.72575389419498
10 39.71352246500202
11 42.21635135022686
12 43.07993109044499
13 43.60720091519581
14 39.66185979159562
15 37.31963439768792
16 38.2052092641398
17 40.6981402315768
18 44.360313315626854
19 47.037458762021544
20 49.808489798231705
21 47.009782151460605
22 46.43250899605523
23 43.75294935136769
24 43.328537167507314
25 42.09012224807496
26 43.00805462624122
27 47.2060378511818
28 47.60379923010587
29 47.235356689129674
30 47.38870123833017
31 47.620034108827916
32 48.46966657639665
33 50.708732810030746
34 50.5720764140942
35 48.799091949796825
36 48.065025710692765
37 47.212838527489396
38 46.8909428521987
39 46.58876314931495
40 46.55925895241405
41 47.12519081735098
42 46.4868532298278
43 46.48369068356124
44 46.88276449029857
45 47.21100588726594
46 48.4600195626447
47 49.35127920258589
48 48.69036965567234
49 47.874071725246395
50 48.181281319641734
51 46.67230377581463
52 43.87656485423892
53 43.45336556893891
54 45.52227220308561
55 47.012448843383346
56 46.37947574862812
57 46.461200064712074
58 48.20657224934848
59 49.78629749888059
60 47.46148792707225
61 46.045537209709956
62 46.28946144337414
63 46.015450050496014
64 45.71378120657554
65 45.84105555056577
66 46.71193858592508
67 46.92025620202688
68 47.05887212282362
69 47.45952251813981
70 48.493852305981946
71 48.36000715625075
72 49.21850295040389
73 48.62245967220694
74 46.95671813919619
75 46.27425107463935
76 48.04500370415066
77 46.37562992414701
78 46.583837744215955
79 46.4555375232731
80 45.95883292738027
81 44.22062107390105
82 43.80995252164173
83 44.349532506820836
84 42.91455840282035
85 40.716065006855196
86 41.32761397127664
87 42.897340291895
88 47.019979198263925
89 47.02205729542953
90 45.04999113331414
91 45.53307057934186
92 46.81093844363448
93 44.47548398813886
94 44.91285395880464
95 45.60998712520765
