12 0.0
13 47.44742213247471
14 45.566329985011734
15 42.95100087852347
16 43.53992718845188
17 43.34578392873943
18 41.639026006040496
19 39.064462362498126
20 39.073118475770436
21 40.30019647583705
22 40.20842558737078
23 41.779408831318676
24 40.99351198689377
25 40.59963048723272
26 40.25375192136935
27 40.2741747730844
28 41.37279307716819
29 42.012066002857765
30 43.56656888828651
31 44.67222350474045
32 43.45665853559853
33 40.04730166203603
34 38.24752673399201
35 40.17601112836656
36 40.13558042125069
37 42.46717288146507
38 44.82479404290181
39 45.994518080956844
40 46.55880123781269
41 46.98181799392751
42 47.39006387245793
43 47.281598301660765
44 45.828861759070044
45 45.87031696398186
46 45.980181538959584
47 47.88627402766113
48 46.00143011431877
49 42.189049916044894
50 42.922903722941385
51 43.73335826793749
52 45.977504400596615
53 46.49007059118341
54 44.75714615031583
55 46.06685839576064
56 45.16378702137965
57 45.272278613128094
58 44.27902666299434
59 42.18195241262168
60 42.40890549164223
61 43.32270513989195
62 43.61783897438523
63 42.92199642685686
64 43.05516993694232
65 42.851922986452884
66 43.5248408644702
67 45.38220105505687
68 43.30678224535004
69 45.60743517577296
70 46.143138656187084
71 46.45819861409495
72 46.72648241760197
73 45.95135961364177
74 45.904165068636864
75 44.33923725760441
76 47.424698775697756
77 43.476785211681445
78 43.267710929336864
79 41.97416960240688
80 41.884231746070974
81 43.738688035121356
82 44.796013998390116
83 44.6108213633308
84 42.766112525083024
85 44.36230586347879
86 43.929848553767805
87 44.89355300345878
88 46.78977000106529
89 45.05747941062914
90 48.098997028585984
91 44.25032670991207
92 44.48960525866598
93 43.25179177485487
94 42.455981714900034
95 41.71207409687658
