12 0.0
13 45.54027575748266
14 42.9029219623561
15 41.4658863801678
16 41.69916937831823
17 41.32178458169057
18 41.1566520674785
19 42.20628799358995
20 40.64448871543354
21 40.95734213971774
22 40.58903608049887
23 44.87798546320965
24 45.75233381163545
25 39.355630063429814
26 38.432455109553985
27 39.04942526671208
28 39.376706507018405
29 40.13341417561796
30 41.66982396174249
31 42.61117491231295
32 47.353952850663546
33 46.45350690455052
34 46.91425513316455
35 48.11175724706513
36 49.28389972370534
37 49.95528047175376
38 50.81904257852343
39 50.14299025571276
40 48.09422772987728
41 45.357446425509224
42 43.50196505608923
43 42.54658500426061
44 43.763869999274846
45 39.118311659976285
46 37.022022876013544
47 37.908729029447684
48 36.138833266134405
49 38.78643921566136
50 40.897144638390785
51 42.13882938994577
52 42.791982559545524
53 42.417973378212686
54 43.36028609282984
55 42.34446091330485
56 43.416406681676044
57 42.1114827672139
58 41.82965091319898
59 37.757260724363185
60 36.491083779333344
61 35.833142705247226
62 36.69919125619426
63 37.3373256834109
64 40.69458069967894
65 40.630891926009575
66 42.0771767734094
67 42.83875834601122
68 44.1899466589041
69 46.846403416123565
70 49.25126660910014
71 49.89082301635278
72 50.3635543070582
73 49.498609523836265
74 49.44083543806031
75 49.18725233848235
76 50.080261551453646
77 47.2705836843636
78 45.13143975756802
79 42.54009203500414
80 42.42408463624303
81 41.910909924856064
82 43.14809285174036
83 46.84313542883705
84 45.655446238386155
85 43.565255898735195
86 44.002297043536544
87 46.947617016090845
88 47.107855075925464
89 50.07331332643901
90 47.759852687673686
91 48.50664305722965
92 51.00371888822285
93 49.08989550338531
94 49.626707981857784
95 49.211648610287504
