12 0.0
13 46.49116014465264
14 48.51091629821178
15 46.70862676124457
16 47.52399945034144
17 48.87800180184456
18 48.7344499150487
19 47.94650614118368
20 45.8939737835296
21 47.55949977377895
22 46.56156623521315
23 41.902481951084845
24 42.60707277539761
25 44.20448921183639
26 44.35918916681415
27 45.184739180879724
28 46.029695391083905
29 46.12197484574034
30 46.33356530606603
31 46.32255389033194
32 46.45084926026937
33 47.62420780433311
34 47.6874797026088
35 46.93092211100709
36 46.36321700089176
37 46.47845130620553
38 46.962930460988865
39 49.37881458127473
40 48.9758329136844
41 48.23958279109874
42 46.94680956438219
43 45.43151997136316
44 43.59332451653775
45 45.968623938802274
46 45.792967983170364
47 46.29132091809274
48 46.80129283303617
49 46.68742730349871
50 46.62129764016088
51 46.617233487413706
52 46.75190973312797
53 48.26323098065112
54 49.02911105857987
55 49.29042933784655
56 46.28230359015648
57 46.58408780412327
58 47.61508682100151
59 47.14035380757694
60 45.821473916104964
61 45.866680937138526
62 47.012970107912665
63 48.493606169825874
64 49.155456837389565
65 47.538375521550186
66 46.594850777933935
67 46.92552349243402
68 46.93494260610783
69 46.35463676619017
70 45.164761763779715
71 44.882972597514964
72 44.537328859655815
73 46.601258281664585
74 48.879340851358286
75 51.03748635708938
76 49.42437497415354
77 49.35704235866882
78 50.9256547147196
79 50.007235902765025
80 48.63269668493353
81 47.85711813588594
82 46.871295294114965
83 45.53810269506876
84 44.90650562890148
85 44.77475300056351
86 44.25960735014198
87 43.875278369934
88 44.542396202000795
89 44.70622051307014
90 44.88913664688944
91 45.28633181211945
92 46.61031858764887
93 45.268003345018094
94 45.78632098384218
95 46.53106387856342
