1 0.0
2 45.360758309048855
3 45.84775860334078
4 52.0556400611921
5 54.14975786175801
6 46.33405420270212
7 48.21758591073129
8 48.15395191076672
9 50.21030916080293
10 48.231536467369864
11 46.485510246659366
12 48.30882486118351
13 47.61357507781995
14 44.188872384471324
15 41.949805004787144
16 40.78904208281959
17 44.418692148327935
18 49.000918359463405
19 50.084875416493155
20 48.32857822906309
21 48.11923130963896
22 45.194065972787605
23 42.86630828542795
24 41.80760661113188
25 39.940865153319
26 39.62837994836971
27 39.860825557478684
28 41.48083617425422
29 44.30439295894014
30 46.35247505654232
31 43.5792416562558
32 42.556048895279964
33 43.736351216944826
34 44.64578316330555
35 42.68887954509792
36 41.70082188903741
37 39.91016818067425
38 38.98059467504284
39 38.61763383381978
40 37.393034989522405
41 37.03935686328794
42 38.3839935384561
43 39.456158706193975
44 39.346503230626176
45 39.81250701145568
46 40.88529597560437
47 41.0554140712402
48 40.532999029792464
49 41.53505263399023
50 41.55705124640917
51 41.025114981733154
52 41.09741074613111
53 40.76407263885074
54 43.17451839849894
55 43.60716627300377
56 44.075713697922566
57 45.697653629798026
58 46.17556806023651
59 45.43661605470438
60 43.21333841911196
61 41.87215936692424
62 40.91902097932734
63 40.19408070958997
64 40.02019587818399
65 37.94344206044999
66 34.57988718281872
67 34.91689947431631
68 35.25974475731117
69 35.71620122182322
70 36.63475484221127
71 39.746343184026344
72 44.402254641920784
73 42.78446186855318
74 45.02206567798955
75 44.49865832194599
76 45.78784050111206
77 46.94308713400702
78 46.74059329689767
79 48.06701947466491
80 49.099750259998586
81 50.386116877042134
82 50.607801776116915
83 48.131375595472356
84 47.70704660018557
85 47.15846940498502
86 46.26742755495561
87 46.20954159636004
88 46.16202897541869
89 46.34459113737928
90 47.34835027555601
91 48.06796855108005
92 48.05063862145844
93 45.989840285740506
94 46.07735270149945
95 46.20067077356842
