17 0.0
18 44.27986244969967
19 46.793364412971535
20 46.66358252092414
21 47.846485520397174
22 47.48239766336422
23 47.707468371635606
24 48.56123473191127
25 48.64492334935055
26 46.830754131985
27 49.46051094129975
28 50.383759653878236
29 50.06234655834931
30 49.52167134045942
31 49.949967347395244
32 50.19933751728778
33 50.20551805756063
34 49.91838546483449
35 46.864324321544736
36 44.75235310399714
37 43.40703595164181
38 42.400791136889424
39 48.62340951112939
40 49.72678499913286
41 50.114482092872876
42 49.00708793408011
43 49.21414760169081
44 49.34085321250585
45 48.823690091686096
46 49.80138906558976
47 50.12784150763711
48 50.201560095600264
49 49.704961252568246
50 49.11081526309385
51 49.0410746699934
52 47.63585890701074
53 46.23443457352577
54 47.24092857515403
55 47.26443490716048
56 48.529648870748424
57 50.015109735942865
58 51.08159155823275
59 51.87660040448467
60 51.84820854093466
61 52.4846874066436
62 46.516864930141246
63 48.049436744012475
64 50.70591932534252
65 50.09698582597016
66 45.50553476357887
67 42.70219252943277
68 42.03379916593367
69 41.89417015453708
70 43.4578685154074
71 43.61904600884005
72 42.929255392574234
73 43.085519611164244
74 43.083091254217905
75 41.73495568127068
76 41.13407708674022
77 42.258271246506176
78 46.251745217724114
79 48.095314581810975
80 49.71337059659796
81 49.37571859916682
82 49.111990918258684
83 50.245925924664796
84 49.36940338024829
85 48.985738640641166
86 48.701078849081334
87 49.30361741684035
88 49.12506899443746
89 48.97829643690429
90 48.91494851988707
91 49.158803564965666
92 49.92060668383928
93 49.76928061358047
94 45.24924302196283
95 40.933310488715804
