7 1.143310377519107
8 48.833621608654106
9 49.634982441200535
10 49.605667686056506
11 47.094379509851585
12 41.29112785434001
13 39.45323147956335
14 41.542958710972975
15 42.57736309942237
16 42.57388793689838
17 41.47295114891477
18 42.46509354897076
19 42.691024587172194
20 43.08360172345356
21 43.83635521661477
22 41.172169982639716
23 44.50565003859976
24 44.84451628603869
25 44.5735334575242
26 40.80093326938975
27 40.4061614453914
28 41.12741557752085
29 41.711544715544505
30 38.57280572870499
31 43.95468823718003
32 44.69733876531566
33 44.87689540366899
34 47.19279983590855
35 46.970837964567956
36 49.35763652657687
37 46.37850884701214
38 43.78604101211994
39 44.535513893039045
40 47.96936796790387
41 48.71657289378858
42 46.02093140349085
43 43.608982103347365
44 41.93211329509392
45 41.756127336351426
46 46.117062193473615
47 48.91373531381701
48 47.91450680367286
49 45.50720169101692
50 44.435243852177365
51 43.84783086977001
52 46.66569486915736
53 48.075366124361516
54 42.06097108451003
55 41.27879884702575
56 43.282243932431214
57 44.301249219692785
58 44.92887042782096
59 46.15633056898
60 50.53565378117096
61 49.393792047339815
62 49.103336955221856
63 52.77026808187401
64 51.204430964941096
65 52.39289769233058
66 53.64773541554787
67 51.82821820030234
68 52.23481822471692
69 49.709075256629696
70 45.70927570239831
71 42.59570237503437
72 44.16367483548951
73 45.179015801271426
74 45.356491461290034
75 45.67766900817414
76 43.90057609763322
77 42.803477138118346
78 45.31369140585987
79 45.877902626116985
80 45.79789127357096
81 46.6233107647026
82 47.288530977572925
83 46.73094578345818
84 49.38443612069753
85 49.27372933196518
86 48.60729809352521
87 45.54693388706225
88 43.80596715014919
89 41.24199396738236
90 40.77952684858315
91 43.39523773890524
92 44.29897992226476
93 41.487667789617994
94 41.01245516636638
95 40.60805962066854
