1 0.0
2 41.49216127250802
3 42.12405379585893
4 41.19271467824195
5 43.43458400565179
6 43.10478437104673
7 43.22913434158727
8 42.60790772765605
9 43.068957238349434
10 42.686052201927936
11 38.55013157129262
12 37.99634878942937
13 39.612309712894785
14 37.47965995195613
15 38.72091067459629
16 40.149471990162475
17 42.773009404163986
18 39.882957275822406
19 41.04651835875918
20 42.021272841507326
21 42.71496653992023
22 40.14266781206605
23 40.11286788438225
24 39.89497172561353
25 42.49101564217133
26 43.007226647201634
27 43.514822080738625
28 43.33687217250187
29 41.7317174492861
30 41.79810946413824
31 41.52196575202264
32 41.80179900878222
33 41.64042474741784
34 43.20303383903323
35 41.45875041938616
36 40.97885408085162
37 42.92152070626609
38 44.035775260700284
39 45.05785182780501
40 45.01069894962592
41 44.322271989562125
42 44.614146203957205
43 44.12724112186521
44 43.706021498113515
45 43.90978441458742
46 44.912853094637605
47 44.80752326722136
48 44.57588099331405
49 45.29336496795116
50 42.248202379017755
51 39.19226817574504
52 38.25967835346603
53 41.700793583023604
54 42.649256343408446
55 43.15979222657333
56 43.48758924471421
57 44.85888642112428
58 42.023818596155905
59 45.399661342818824
60 46.097734527083766
61 47.31711004344844
62 40.89071401862761
63 44.16193715145795
64 47.74921590007589
65 48.170372059405906
66 48.63812619759467
67 47.95182582361093
68 47.18220645693129
69 46.20498245771072
70 43.93219094225902
71 46.3801636919033
72 50.08278773129219
73 49.93367130832099
74 49.88213189204042
75 49.87923966095795
76 49.42035635829403
77 48.22313757188824
78 46.03939821776326
79 45.368005261136084
80 45.71288864188532
81 47.43874930402989
82 46.482770393465735
83 45.14914762627806
84 45.54363345268994
85 45.25903014876225
86 47.1942488454988
87 47.35603609925177
88 47.759658073099935
89 48.844399104107545
90 50.51232836398088
91 51.097941605932284
92 50.94724618724875
93 49.48724993201425
94 49.5305222480996
95 49.493353572924136
