7 3.1214241063004
8 42.64387851756409
9 42.28865323958154
10 42.68368456586275
11 46.01322398289683
12 45.52855721856278
13 44.17894551230118
14 46.403479492282365
15 45.65575783228896
16 44.81795979703211
17 45.00056916791931
18 44.85486601966948
19 44.978162525993184
20 43.72618190259322
21 45.714974869118215
22 45.393183618347045
23 44.807646369444576
24 45.14339198488967
25 45.62825078539498
26 46.10285409239732
27 46.41939964723024
28 46.52379359945643
29 46.7629708068771
30 46.49239969698715
31 42.49346049199267
32 39.89190262661514
33 43.450567333747884
34 47.440707888386086
35 48.03394519732865
36 49.76414687906571
37 51.475950824417744
38 50.27279912019557
39 50.37553567577396
40 50.93350635719032
41 51.59469716056432
42 50.513144930813695
43 50.412584539603095
44 50.39695970311248
45 50.68099017212643
46 50.304515609394876
47 50.76769661728826
48 50.583800101559525
49 49.74990581006626
50 47.02194110203815
51 41.369627253152615
52 41.58221336124045
53 45.76733398242767
54 46.90847900167746
55 46.91975245712536
56 48.32487437542077
57 48.46130860732521
58 49.17464807652846
59 50.99970492705474
60 50.75861235939659
61 50.637057911988975
62 50.51414711361851
63 49.29070242112027
64 49.376856226129085
65 49.16047575462815
66 41.41234192035328
67 42.49333675194952
68 49.088063193349306
69 47.33280781493656
70 45.2421612257509
71 38.39155390459076
72 36.47741943524994
73 39.6298764623137
74 45.459191427281404
75 43.81443814095848
76 48.25213014699106
77 45.341145497169244
78 44.8365454830386
79 43.780988174386316
80 45.0938727078311
81 46.36827505527721
82 46.96001079031709
83 45.137453566098685
84 45.45299538534336
85 46.979484634923665
86 47.31382966563809
87 47.41482753117215
88 47.84575268690531
89 48.90397695501869
90 49.560807747845075
91 50.272317645949926
92 50.247174295663534
93 48.962590505291075
94 47.712974547929996
95 47.54683660565822
