1 0.0
2 42.37921911938665
3 39.89333081610315
4 42.785727898978806
5 39.98592046663177
6 42.96485678101109
7 44.76458283084011
8 46.57129395094621
9 43.30620177824361
10 39.626218122608705
11 42.75093015150418
12 42.95041044121123
13 38.61109473569429
14 39.224631157796715
15 40.75877217755664
16 41.83664528924929
17 41.6373981019421
18 40.95078340001637
19 41.58266145242188
20 42.28824459466428
21 41.223114304203186
22 41.8710567610111
23 43.13319895331776
24 43.50542112519264
25 43.45088786420491
26 42.184791606596356
27 42.98070646647729
28 42.63305541548266
29 39.672441850447484
30 41.07227392219178
31 44.90442355481169
32 47.76400276946352
33 47.89845745657541
34 47.701355349057714
35 47.051263837169174
36 46.720360837153805
37 46.992617879133086
38 48.03448248486515
39 45.08323862386994
40 44.97386577649863
41 48.0600260439295
42 50.32114015720262
43 49.99452791742639
44 49.4175017360106
45 46.74335588245545
46 45.101385315199366
47 42.72725135037812
48 43.821009705970084
49 43.365813685008035
50 42.699066472161014
51 40.666199684917835
52 43.40870995043175
53 45.41269481020929
54 45.66757361998788
55 46.023193464620846
56 47.19813003866862
57 48.92323468293112
58 50.84868748791638
59 49.80176803203676
60 49.66062588312356
61 49.83539727068813
62 47.60829293536729
63 45.74472871812514
64 42.0931909127294
65 38.18090138096713
66 41.08422834268503
67 46.508786562399784
68 42.78676053892974
69 41.599859761962975
70 40.85611026744744
71 41.03589127478075
72 40.538622363726105
73 46.28805675811601
74 48.35838270399946
75 47.745377062901646
76 47.05757825084024
77 47.20249633105261
78 45.85866321531481
79 41.388453633724765
80 39.42172293838058
81 40.09248802021155
82 40.27592337487504
83 40.25543073232052
84 40.35514940410242
85 40.53698990004035
86 41.70732812637541
87 42.172577141000446
88 42.55694430929693
89 43.95670207304801
90 45.05224730744022
91 46.31516508907664
92 46.53011955734346
93 45.74768812122196
94 47.434817084764745
95 46.82949205559635
