7 3.2471425024780984
8 49.383187742812204
9 42.80398012801329
10 40.87042481302841
11 40.120310484782586
12 39.78179839831218
13 38.03997428513955
14 37.401082289733
15 37.90401691995075
16 38.690862726214064
17 40.80771972320769
18 41.02858087741606
19 42.22942940835245
20 41.90803872148064
21 41.14575899410931
22 40.16254109118389
23 41.83081501354176
24 42.3116775674527
25 42.98078436865105
26 45.56730751696224
27 43.17792389057142
28 41.776807115911005
29 41.86787322871868
30 40.49338801256072
31 41.26401452267094
32 40.65591332599377
33 38.77471457229217
34 35.42866850685335
35 36.61930367722145
36 38.66767246489885
37 39.68695198794834
38 42.62180511487507
39 40.772975072889786
40 37.38662466893294
41 40.171375785034996
42 42.22586355263749
43 39.82469720322261
44 41.202478175414115
45 43.030687451254096
46 43.27217068405707
47 44.18942648107691
48 40.31267293299389
49 44.350893985133325
50 45.40830377397754
51 46.377551647273094
52 43.95095434498504
53 40.0109799481757
54 41.9380241224735
55 42.184845852962376
56 42.168830670584306
57 41.62055096179767
58 43.101286305436844
59 45.23412125957784
60 44.77626578874767
61 45.3274276973246
62 39.93394122377993
63 39.21786711118271
64 38.58574332779937
65 38.83244072416558
66 40.694660983679036
67 40.831457954641934
68 39.17963546761881
69 40.30674401691352
70 42.33143560776807
71 43.895805608888324
72 46.913914172224686
73 43.21150553705187
74 41.679362472446094
75 41.57996279148428
76 41.700438729666594
77 40.188691351972345
78 39.38104462956525
79 41.143689529778165
80 44.08824588968894
81 45.12065919203976
82 45.89270284184629
83 46.200232273851206
84 46.46199182053314
85 47.06215396470625
86 47.5741015893211
87 47.636225761946605
88 47.677612439196686
89 46.66466096806646
90 47.29928686148657
91 51.066450533121596
92 51.31033153008807
93 49.55853962765248
94 48.670956030115704
95 47.32566015181601
