17 0.0
18 40.27816671857209
19 39.9111729491052
20 39.794783794876196
21 41.09104832737134
22 39.555660406524225
23 38.97656645648345
24 39.090467451734156
25 40.01631884155135
26 44.11854807293144
27 48.63480981130389
28 45.88020441215359
29 44.80549066994908
30 42.459658139648944
31 40.49752177469802
32 39.938426996427005
33 40.55053262822367
34 38.322380094460726
35 36.48363581109762
36 36.961627261027175
37 39.03222095028507
38 41.387593868515545
39 40.80654697053799
40 39.84551397129102
41 42.03402344355783
42 50.15129301434188
43 51.85957495041453
44 47.70365492254062
45 45.035716486316936
46 44.635026913074796
47 42.56021415307106
48 40.84554799485571
49 43.496087257182616
50 42.91678535749685
51 41.539220735458414
52 40.12259105032262
53 39.390573327464615
54 39.73489728018304
55 40.95024052561617
56 43.29047061033511
57 42.09025463878539
58 39.215257882455894
59 37.53281243547895
60 37.11527917788141
61 37.63143824273663
62 38.75522268847212
63 39.9104166564581
64 40.68315732956965
65 39.484440629729946
66 38.565763058649736
67 38.5422310048512
68 39.3376106359782
69 40.564476657858535
70 42.1712628346236
71 43.03282573063179
72 45.37952953813061
73 42.61684671999981
74 40.20681110210151
75 40.270027041721576
76 41.78177586987054
77 45.57899299092118
78 47.53306157514553
79 48.54079009399545
80 46.134571094032
81 44.020610295095324
82 42.800340722788405
83 43.06245020774566
84 43.625437626893635
85 43.826964024470655
86 43.4168731503334
87 44.17188255738939
88 44.52928269293908
89 45.453725825542286
90 45.293420656362635
91 43.70262499951526
92 45.03554594414769
93 45.59400614801772
94 43.143488824812195
95 42.67242102002654
