17 0.0
18 42.14558841952483
19 41.23060043547274
20 41.495441474882355
21 40.15603940488249
22 40.06589325941287
23 40.5263296913191
24 39.639795586210056
25 40.379395862937216
26 40.60634780527335
27 38.26585295232677
28 39.180609917368734
29 41.677256935090185
30 43.35300414483155
31 46.420596738632725
32 46.904906741296074
33 46.681771414526324
34 46.745370026040376
35 50.05936860325082
36 50.112056638140565
37 47.67030539165017
38 47.462212066955466
39 43.44278069175096
40 40.91528357319547
41 41.434778003202226
42 40.77790872039204
43 40.50779803816555
44 45.47602380559358
45 44.34578117161738
46 48.731526683853225
47 52.06268986495908
48 52.973024993871825
49 50.580675371700956
50 44.8480436330646
51 42.25376738536268
52 42.97425070899642
53 43.64664840639611
54 40.65002839373005
55 39.55085597838199
56 37.939074531891016
57 40.85739103268048
58 42.14309579141699
59 42.763244979721605
60 45.3296677665901
61 43.85696826618783
62 44.00440642427334
63 48.10083392425182
64 47.95075351435878
65 47.85662358067763
66 47.728615592826074
67 41.82775125507389
68 38.442310080964255
69 38.29332336757572
70 41.70963945623571
71 41.60996668667677
72 41.70165685203304
73 45.316742152006604
74 46.01252668132076
75 46.70720682921653
76 50.88189476025893
77 50.730081985961554
78 53.77806050135287
79 50.519645037776876
80 47.01366902085802
81 47.29143281761282
82 48.845265935493835
83 50.186969793754415
84 50.88879367697009
85 50.57710737054785
86 48.44339738115566
87 50.198776187887425
88 49.99332713417548
89 48.098946227249
90 46.302418309454445
91 47.956185751328185
92 49.32627431058978
93 49.54561260971553
94 49.616418998186035
95 49.74371862468849
