2.0 11.6535
3.0 6.5965
4.0 11.189
5.0 14.008
6.0 13.884
7.0 14.13
8.0 9.999
9.0 14.5805
10.0 16.87
11.0 14.0345
12.0 14.0555
13.0 12.593
14.0 5.0
15.0 11.1545
16.0 13.4125
17.0 14.16
18.0 15.664
19.0 13.5875
20.0 20.2465
21.0 13.0595
22.0 15.5585
23.0 17.1525
24.0 12.0905
25.0 5.406
26.0 5.406
27.0 3.597
28.0 7.7895
29.0 15.0015
30.0 14.804
31.0 22.4585
32.0 24.101
33.0 18.043
34.0 18.327
35.0 22.5285
36.0 21.7855
37.0 23.079
38.0 4.976
39.0 8.6105
40.0 8.2365
41.0 12.064
42.0 31.7255
43.0 31.763
44.0 37.0075
45.0 39.119
46.0 38.412
47.0 30.722
48.0 36.0395
49.0 9.197
50.0 44.8715
51.0 23.215
52.0 27.948
53.0 33.04
54.0 30.378
55.0 28.2205
56.0 8.875
57.0 27.7355
58.0 18.1915
59.0 32.0985
60.0 19.8185
61.0 27.575
62.0 18.3125
63.0 20.6475
64.0 18.0645
65.0 16.096
66.0 21.445
67.0 6.7515
68.0 17.6235
69.0 15.9445
70.0 15.956
71.0 18.273
72.0 14.252
73.0 17.1215
74.0 15.9755
75.0 15.398
76.0 16.0545
77.0 4.332
78.0 4.438
79.0 6.22
80.0 7.1865
81.0 6.782
82.0 5.188
83.0 4.431
84.0 13.8975
85.0 18.2805
86.0 17.0825
87.0 17.0825
88.0 5.423
89.0 6.321
90.0 5.703
91.0 7.6075
92.0 7.6165
93.0 7.7085
94.0 11.9095
95.0 16.4225
96.0 15.4605
97.0 10.176
98.0 10.176
99.0 7.36
100.0 11.6535
101.0 11.6535
102.0 6.5965
103.0 11.189
104.0 14.008
105.0 13.884
106.0 14.13
107.0 9.999
108.0 14.5805
109.0 16.87
110.0 14.0345
111.0 14.0555
112.0 12.593
113.0 5.0
114.0 11.1545
115.0 13.4125
116.0 14.16
117.0 15.664
118.0 13.5875
119.0 20.2465
120.0 13.0595
121.0 15.5585
122.0 17.1525
123.0 12.0905
124.0 5.406
125.0 5.406
126.0 3.597
127.0 7.7895
128.0 15.0015
129.0 14.804
130.0 22.4585
131.0 24.101
132.0 18.043
133.0 18.327
134.0 22.5285
135.0 21.7855
136.0 23.079
137.0 4.976
138.0 8.6105
139.0 8.2365
140.0 12.064
141.0 31.7255
142.0 31.763
143.0 37.0075
144.0 39.119
145.0 38.412
146.0 30.722
147.0 36.0395
148.0 9.197
149.0 44.8715
150.0 23.215
151.0 27.948
152.0 33.04
153.0 30.378
154.0 28.2205
155.0 8.875
156.0 27.7355
157.0 18.1915
158.0 32.0985
159.0 19.8185
160.0 27.575
161.0 18.3125
162.0 20.6475
163.0 18.0645
164.0 16.096
165.0 21.445
166.0 6.7515
167.0 17.6235
168.0 15.9445
169.0 15.956
170.0 18.273
171.0 14.252
172.0 17.1215
173.0 15.9755
174.0 15.398
175.0 16.0545
176.0 4.332
177.0 4.438
178.0 6.22
179.0 7.1865
180.0 6.782
181.0 5.188
182.0 4.431
183.0 13.8975
184.0 18.2805
185.0 17.0825
186.0 17.0825
187.0 5.423
188.0 6.321
189.0 5.703
