2.0 7.7365
3.0 8.436
4.0 8.206
5.0 7.4215
6.0 7.232
7.0 7.556
8.0 7.881
9.0 8.038
10.0 5.7575
11.0 3.1495
12.0 7.414
13.0 7.2665
14.0 7.293
15.0 7.119
16.0 20.2235
17.0 17.7535
18.0 17.0745
19.0 31.807
20.0 32.269
21.0 10.6795
22.0 20.9445
23.0 17.31
24.0 17.706
25.0 17.7435
26.0 23.4525
27.0 21.3785
28.0 16.9075
29.0 18.368
30.0 16.983
31.0 3.5305
32.0 8.9555
33.0 13.991
34.0 9.786
35.0 14.8305
36.0 14.3555
37.0 15.6665
38.0 20.586
39.0 18.0645
40.0 14.2525
41.0 4.685
42.0 5.785
43.0 10.2635
44.0 13.4855
45.0 12.656
46.0 17.0
47.0 14.3955
48.0 11.4355
49.0 10.0395
50.0 19.2235
51.0 11.6535
52.0 11.6535
53.0 6.5965
54.0 11.189
55.0 14.008
56.0 13.884
57.0 14.13
58.0 9.999
59.0 14.5805
60.0 16.87
61.0 14.0345
62.0 14.0555
63.0 12.593
64.0 5.0
65.0 11.1545
66.0 13.4125
67.0 14.16
68.0 15.664
69.0 13.5875
70.0 20.2465
71.0 13.0595
72.0 15.5585
73.0 17.1525
74.0 12.0905
75.0 5.406
76.0 5.406
77.0 3.597
78.0 7.7895
79.0 15.0015
80.0 14.804
81.0 22.4585
82.0 24.101
83.0 18.043
84.0 18.327
85.0 22.5285
86.0 21.7855
87.0 23.079
88.0 4.976
89.0 8.6105
90.0 8.2365
91.0 12.064
92.0 31.7255
93.0 31.763
94.0 37.0075
95.0 39.119
96.0 38.412
97.0 30.722
98.0 36.0395
99.0 9.197
100.0 7.408
101.0 7.7365
102.0 8.436
103.0 8.206
104.0 7.4215
105.0 7.232
106.0 7.556
107.0 7.881
108.0 8.038
109.0 5.7575
110.0 3.1495
111.0 7.414
112.0 7.2665
113.0 7.293
114.0 7.119
115.0 20.2235
116.0 17.7535
117.0 17.0745
118.0 31.807
119.0 32.269
120.0 10.6795
121.0 20.9445
122.0 17.31
123.0 17.706
124.0 17.7435
125.0 23.4525
126.0 21.3785
127.0 16.9075
128.0 18.368
129.0 16.983
130.0 3.5305
131.0 8.9555
132.0 13.991
133.0 9.786
134.0 14.8305
135.0 14.3555
136.0 15.6665
137.0 20.586
138.0 18.0645
139.0 14.2525
140.0 4.685
141.0 5.785
142.0 10.2635
143.0 13.4855
144.0 12.656
145.0 17.0
146.0 14.3955
147.0 11.4355
148.0 10.0395
149.0 19.2235
150.0 11.6535
151.0 11.6535
152.0 6.5965
153.0 11.189
154.0 14.008
155.0 13.884
156.0 14.13
157.0 9.999
158.0 14.5805
159.0 16.87
160.0 14.0345
161.0 14.0555
162.0 12.593
163.0 5.0
164.0 11.1545
165.0 13.4125
166.0 14.16
167.0 15.664
168.0 13.5875
169.0 20.2465
170.0 13.0595
171.0 15.5585
172.0 17.1525
173.0 12.0905
174.0 5.406
175.0 5.406
176.0 3.597
177.0 7.7895
178.0 15.0015
179.0 14.804
180.0 22.4585
181.0 24.101
182.0 18.043
183.0 18.327
184.0 22.5285
185.0 21.7855
186.0 23.079
187.0 4.976
188.0 8.6105
189.0 8.2365
190.0 12.064
