7 0.234375
8 3.599609375
9 3.783203125
10 3.49609375
11 4.083984375
12 4.01953125
13 4.490234375
14 4.892578125
15 5.525390625
16 6.21484375
17 6.16796875
18 8.041015625
19 10.513671875
20 15.896484375
21 19.109375
22 18.314453125
23 16.8046875
24 14.4453125
25 13.60546875
26 13.03125
27 12.98046875
28 13.28515625
29 12.8671875
30 12.572265625
31 10.978515625
32 10.97265625
33 11.94140625
34 13.26171875
35 12.703125
36 12.140625
37 11.015625
38 10.447265625
39 10.115234375
40 9.853515625
41 10.4296875
42 10.171875
43 10.455078125
44 10.369140625
45 10.767578125
46 11.04296875
47 12.66015625
48 11.37109375
49 9.697265625
50 9.265625
51 9.869140625
52 9.732421875
53 9.921875
54 9.62890625
55 9.6328125
56 9.408203125
57 9.15625
58 9.740234375
59 10.728515625
60 11.947265625
61 11.375
62 10.39453125
63 9.35546875
64 9.134765625
65 8.1796875
66 7.748046875
67 7.451171875
68 6.966796875
69 6.876953125
70 5.962890625
71 5.369140625
72 5.2734375
73 5.20703125
74 5.009765625
75 5.06640625
76 5.060546875
77 5.125
78 5.265625
79 5.111328125
80 4.515625
81 4.513671875
82 4.470703125
83 4.353515625
84 4.365234375
85 4.443359375
86 4.37890625
87 4.392578125
88 4.2578125
89 4.71875
90 5.67578125
91 6.03125
92 5.990234375
93 6.033203125
94 6.0234375
95 6.01953125
