17 0.234375
18 13.177734375
19 12.48828125
20 12.5078125
21 13.11328125
22 13.46875
23 13.439453125
24 13.6484375
25 13.869140625
26 14.2890625
27 14.5
28 13.689453125
29 12.37109375
30 11.064453125
31 10.818359375
32 10.0234375
33 9.720703125
34 9.5859375
35 9.42578125
36 8.83203125
37 8.3203125
38 8.625
39 8.001953125
40 7.896484375
41 8.05859375
42 8.091796875
43 8.787109375
44 8.822265625
45 9.09375
46 9.208984375
47 9.3515625
48 9.34765625
49 11.494140625
50 13.3359375
51 12.8046875
52 12.25
53 11.818359375
54 11.630859375
55 11.419921875
56 10.759765625
57 10.81640625
58 11.009765625
59 10.650390625
60 10.798828125
61 10.90234375
62 11.458984375
63 11.46875
64 11.77734375
65 11.576171875
66 11.40234375
67 11.55859375
68 11.689453125
69 12.193359375
70 10.041015625
71 10.34765625
72 10.734375
73 11.037109375
74 11.525390625
75 12.017578125
76 12.658203125
77 13.201171875
78 13.0625
79 12.470703125
80 18.490234375
81 16.833984375
82 14.4296875
83 14.06640625
84 13.51953125
85 13.330078125
86 13.095703125
87 12.76953125
88 12.248046875
89 11.28515625
90 10.806640625
91 11.462890625
92 13.37890625
93 13.19140625
94 11.94921875
95 10.451171875
