17 0.234375
18 5.525390625
19 5.53515625
20 5.51953125
21 5.642578125
22 5.619140625
23 5.60546875
24 5.55078125
25 5.546875
26 5.552734375
27 5.5546875
28 5.435546875
29 5.173828125
30 5.111328125
31 5.12109375
32 5.0234375
33 5.10546875
34 5.203125
35 5.220703125
36 5.158203125
37 5.361328125
38 5.896484375
39 7.564453125
40 8.1171875
41 8.896484375
42 10.185546875
43 11.73046875
44 12.33984375
45 12.4296875
46 12.697265625
47 12.759765625
48 12.06640625
49 9.654296875
50 9.306640625
51 8.966796875
52 8.85546875
53 8.6328125
54 8.474609375
55 8.45703125
56 8.439453125
57 8.453125
58 8.375
59 8.11328125
60 7.291015625
61 7.078125
62 7.4375
63 7.69921875
64 7.68359375
65 7.552734375
66 7.3671875
67 7.216796875
68 7.404296875
69 8.33984375
70 9.30078125
71 10.439453125
72 10.708984375
73 12.193359375
74 13.892578125
75 13.708984375
76 15.1171875
77 14.501953125
78 12.87109375
79 11.76171875
80 11.22265625
81 11.111328125
82 11.24609375
83 11.52734375
84 11.29296875
85 10.787109375
86 10.791015625
87 12.939453125
88 13.5
89 12.384765625
90 12.087890625
91 11.962890625
92 12.2890625
93 12.439453125
94 12.716796875
95 13.017578125
