17 0.234375
18 19.568359375
19 19.7578125
20 20.0703125
21 19.552734375
22 19.6015625
23 19.03125
24 19.494140625
25 18.677734375
26 17.951171875
27 14.91015625
28 13.490234375
29 13.333984375
30 13.033203125
31 12.828125
32 12.673828125
33 12.388671875
34 12.0546875
35 11.767578125
36 11.6484375
37 13.70703125
38 13.82421875
39 13.140625
40 12.900390625
41 12.365234375
42 12.412109375
43 11.55859375
44 12.654296875
45 12.515625
46 13.34375
47 13.298828125
48 13.734375
49 13.080078125
50 12.685546875
51 12.267578125
52 12.14453125
53 12.48828125
54 11.94140625
55 12.091796875
56 12.220703125
57 12.56640625
58 12.890625
59 14.953125
60 13.765625
61 12.501953125
62 12.294921875
63 12.095703125
64 12.521484375
65 11.798828125
66 11.71484375
67 11.669921875
68 10.0
69 9.20703125
70 9.375
71 10.041015625
72 10.4453125
73 10.6796875
74 10.296875
75 10.751953125
76 10.912109375
77 11.06640625
78 12.35546875
79 12.814453125
80 11.283203125
81 11.24609375
82 10.107421875
83 9.916015625
84 9.662109375
85 9.35546875
86 9.236328125
87 9.09765625
88 8.869140625
89 8.720703125
90 8.091796875
91 8.37890625
92 8.576171875
93 8.708984375
94 8.80078125
95 8.912109375
