12 0.234375
13 19.091796875
14 20.197265625
15 20.13671875
16 18.552734375
17 19.1015625
18 20.408203125
19 19.931640625
20 18.828125
21 17.6171875
22 17.302734375
23 14.849609375
24 13.130859375
25 12.5078125
26 12.8671875
27 11.685546875
28 11.8515625
29 11.564453125
30 11.537109375
31 11.318359375
32 11.150390625
33 12.7421875
34 13.6328125
35 12.94140625
36 12.537109375
37 12.537109375
38 12.388671875
39 12.384765625
40 12.6640625
41 12.82421875
42 13.193359375
43 13.01953125
44 13.69921875
45 13.630859375
46 12.955078125
47 12.3671875
48 12.1953125
49 12.14453125
50 11.908203125
51 11.900390625
52 12.234375
53 12.416015625
54 12.865234375
55 14.1640625
56 14.728515625
57 13.861328125
58 13.833984375
59 12.521484375
60 11.927734375
61 11.853515625
62 11.611328125
63 11.359375
64 10.5625
65 8.056640625
66 7.224609375
67 6.8515625
68 7.26171875
69 7.224609375
70 7.38671875
71 7.4453125
72 7.533203125
73 7.6484375
74 8.322265625
75 9.51953125
76 10.900390625
77 10.279296875
78 9.244140625
79 8.140625
80 7.42578125
81 6.646484375
82 5.951171875
83 5.453125
84 5.13671875
85 4.712890625
86 4.005859375
87 3.990234375
88 4.078125
89 4.1015625
90 4.162109375
91 4.828125
92 5.009765625
93 5.26953125
94 5.779296875
95 5.978515625
