1 0.234375
2 6.642578125
3 6.51953125
4 5.7734375
5 5.220703125
6 4.998046875
7 5.091796875
8 5.13671875
9 5.197265625
10 5.197265625
11 5.126953125
12 5.103515625
13 5.033203125
14 4.96875
15 5.201171875
16 4.68359375
17 4.875
18 4.80078125
19 4.775390625
20 4.705078125
21 4.708984375
22 4.775390625
23 4.74609375
24 4.728515625
25 4.759765625
26 5.23046875
27 5.048828125
28 5.294921875
29 5.390625
30 5.640625
31 5.9296875
32 6.8046875
33 7.171875
34 7.828125
35 8.810546875
36 9.94921875
37 11.09375
38 11.166015625
39 10.244140625
40 9.01171875
41 7.984375
42 6.52734375
43 5.8984375
44 5.541015625
45 4.83984375
46 4.58984375
47 4.46484375
48 4.421875
49 4.404296875
50 4.14453125
51 4.111328125
52 4.23046875
53 4.51171875
54 4.61328125
55 5.236328125
56 5.2734375
57 5.892578125
58 6.220703125
59 7.244140625
60 7.99609375
61 9.298828125
62 10.38671875
63 11.2734375
64 11.359375
65 11.181640625
66 12.45703125
67 11.875
68 11.259765625
69 9.763671875
70 9.837890625
71 9.634765625
72 9.48828125
73 9.56640625
74 9.2109375
75 9.521484375
76 7.537109375
77 7.7265625
78 7.828125
79 8.724609375
80 8.8671875
81 9.23046875
82 9.447265625
83 9.734375
84 9.830078125
85 10.041015625
86 13.61328125
87 13.822265625
88 13.365234375
89 12.625
90 12.21875
91 12.421875
92 12.27734375
93 10.896484375
94 10.98828125
95 10.982421875
