1 0.234375
2 13.48046875
3 13.1015625
4 13.443359375
5 13.162109375
6 14.138671875
7 14.158203125
8 14.5390625
9 14.505859375
10 14.46484375
11 14.751953125
12 15.12890625
13 14.48046875
14 14.83984375
15 13.978515625
16 12.486328125
17 11.423828125
18 10.83203125
19 9.93359375
20 9.77734375
21 9.642578125
22 9.04296875
23 9.009765625
24 8.90234375
25 9.07421875
26 7.9375
27 7.736328125
28 7.87109375
29 8.17578125
30 8.4609375
31 8.619140625
32 8.88671875
33 9.224609375
34 9.375
35 9.744140625
36 11.294921875
37 13.416015625
38 12.5234375
39 11.919921875
40 11.30078125
41 11.33984375
42 11.47265625
43 11.4140625
44 11.6328125
45 11.65234375
46 11.271484375
47 10.9609375
48 11.24609375
49 11.9609375
50 11.720703125
51 11.779296875
52 12.087890625
53 11.779296875
54 11.638671875
55 9.638671875
56 8.478515625
57 7.119140625
58 7.16796875
59 7.078125
60 7.158203125
61 7.021484375
62 6.865234375
63 7.34765625
64 7.609375
65 8.314453125
66 10.88671875
67 11.74609375
68 10.21484375
69 9.41796875
70 8.310546875
71 7.388671875
72 6.533203125
73 5.9765625
74 5.01171875
75 4.564453125
76 4.44921875
77 4.3125
78 4.283203125
79 4.27734375
80 4.185546875
81 4.158203125
82 4.30078125
83 4.427734375
84 4.828125
85 5.162109375
86 5.662109375
87 6.818359375
88 7.234375
89 6.859375
90 7.09765625
91 7.44921875
92 8.4609375
93 8.537109375
94 8.259765625
95 8.16796875
