12 0.234375
13 12.8046875
14 11.998046875
15 12.650390625
16 12.69921875
17 13.830078125
18 13.79296875
19 13.708984375
20 13.494140625
21 13.5078125
22 13.970703125
23 14.126953125
24 13.2109375
25 12.443359375
26 11.462890625
27 10.943359375
28 9.939453125
29 9.69140625
30 9.63671875
31 9.490234375
32 9.1875
33 8.921875
34 9.341796875
35 8.17578125
36 8.162109375
37 7.931640625
38 8.5859375
39 8.34765625
40 8.458984375
41 8.8359375
42 9.109375
43 9.697265625
44 9.724609375
45 11.26953125
46 12.537109375
47 12.1171875
48 12.48046875
49 11.359375
50 11.1328125
51 10.783203125
52 10.822265625
53 11.056640625
54 10.591796875
55 10.62890625
56 10.7734375
57 10.849609375
58 10.9921875
59 11.1171875
60 11.865234375
61 11.533203125
62 11.54296875
63 11.373046875
64 11.240234375
65 11.494140625
66 10.75
67 9.583984375
68 9.306640625
69 8.900390625
70 8.61328125
71 8.490234375
72 8.11328125
73 7.89453125
74 7.5546875
75 7.5078125
76 7.625
77 8.01953125
78 7.8203125
79 7.59375
80 7.521484375
81 7.484375
82 7.7734375
83 7.744140625
84 7.74609375
85 7.767578125
86 8.064453125
87 8.15234375
88 8.78515625
89 8.48828125
90 7.087890625
91 6.416015625
92 6.5390625
93 6.529296875
94 6.5234375
95 6.513671875
