7 0.234375
8 5.923828125
9 5.81640625
10 5.72265625
11 5.716796875
12 5.724609375
13 5.693359375
14 5.55078125
15 5.4921875
16 5.37109375
17 5.490234375
18 5.837890625
19 5.7578125
20 5.67578125
21 5.07421875
22 5.130859375
23 5.30078125
24 5.33984375
25 5.19140625
26 5.462890625
27 5.05078125
28 5.39453125
29 5.142578125
30 4.8203125
31 4.484375
32 4.583984375
33 4.51953125
34 4.556640625
35 4.73828125
36 4.658203125
37 4.564453125
38 4.552734375
39 4.220703125
40 5.177734375
41 6.203125
42 6.26171875
43 6.044921875
44 6.318359375
45 6.802734375
46 6.41015625
47 6.123046875
48 6.169921875
49 6.5078125
50 6.392578125
51 6.443359375
52 7.31640625
53 7.48828125
54 7.56640625
55 7.025390625
56 6.794921875
57 7.126953125
58 7.169921875
59 6.552734375
60 5.578125
61 5.310546875
62 5.287109375
63 5.533203125
64 5.97265625
65 5.994140625
66 6.849609375
67 7.71484375
68 8.171875
69 8.916015625
70 11.873046875
71 12.283203125
72 11.115234375
73 10.83984375
74 10.91796875
75 9.919921875
76 9.849609375
77 9.318359375
78 9.087890625
79 8.65625
80 8.88671875
81 8.087890625
82 8.00390625
83 8.154296875
84 8.546875
85 8.650390625
86 8.517578125
87 8.900390625
88 9.53515625
89 10.064453125
90 9.83984375
91 12.7890625
92 14.078125
93 12.62890625
94 11.509765625
95 11.107421875
