1 0.234375
2 7.990234375
3 7.728515625
4 6.650390625
5 6.173828125
6 6.439453125
7 6.705078125
8 6.794921875
9 6.95703125
10 7.36328125
11 7.52734375
12 7.576171875
13 7.287109375
14 8.296875
15 8.255859375
16 8.705078125
17 8.171875
18 8.3359375
19 7.6171875
20 7.255859375
21 7.228515625
22 7.623046875
23 7.60546875
24 7.5859375
25 7.640625
26 7.84765625
27 7.724609375
28 7.99609375
29 8.955078125
30 7.935546875
31 6.9375
32 6.71875
33 6.6953125
34 6.720703125
35 6.638671875
36 6.45703125
37 6.564453125
38 6.958984375
39 7.205078125
40 7.818359375
41 9.99609375
42 11.8125
43 10.775390625
44 10.048828125
45 9.59765625
46 9.5
47 9.455078125
48 9.5546875
49 9.73046875
50 10.466796875
51 10.775390625
52 11.431640625
53 13.404296875
54 14.677734375
55 18.349609375
56 22.06640625
57 17.07421875
58 14.146484375
59 11.904296875
60 10.533203125
61 8.703125
62 7.525390625
63 7.046875
64 6.416015625
65 6.08984375
66 5.53515625
67 5.330078125
68 5.33984375
69 5.275390625
70 5.134765625
71 5.30859375
72 5.291015625
73 5.361328125
74 5.025390625
75 4.921875
76 4.859375
77 5.015625
78 4.869140625
79 4.9140625
80 4.8515625
81 4.810546875
82 4.57421875
83 4.58203125
84 4.69921875
85 5.8359375
86 6.22265625
87 6.318359375
88 6.3984375
89 6.255859375
90 6.341796875
91 6.1484375
92 6.318359375
93 6.369140625
94 6.61328125
95 6.810546875
