17 0.234375
18 19.205078125
19 20.044921875
20 20.0546875
21 19.82421875
22 19.583984375
23 19.86328125
24 19.92578125
25 19.462890625
26 18.669921875
27 14.4765625
28 12.87890625
29 12.86328125
30 12.12890625
31 12.55078125
32 12.712890625
33 12.314453125
34 11.966796875
35 11.806640625
36 11.486328125
37 12.728515625
38 13.232421875
39 11.927734375
40 11.349609375
41 12.052734375
42 11.693359375
43 11.806640625
44 12.212890625
45 12.4765625
46 12.74609375
47 13.1484375
48 13.740234375
49 13.267578125
50 12.734375
51 12.125
52 12.224609375
53 12.236328125
54 11.869140625
55 11.392578125
56 12.064453125
57 12.2421875
58 12.583984375
59 14.267578125
60 13.77734375
61 12.861328125
62 12.11328125
63 11.74609375
64 11.669921875
65 11.384765625
66 11.775390625
67 11.197265625
68 9.8515625
69 9.220703125
70 9.638671875
71 10.048828125
72 10.1484375
73 10.3359375
74 10.39453125
75 10.681640625
76 10.669921875
77 10.7890625
78 12.783203125
79 12.125
80 11.41015625
81 11.166015625
82 10.552734375
83 9.744140625
84 9.84765625
85 9.25390625
86 9.10546875
87 8.99609375
88 8.99609375
89 8.646484375
90 8.14453125
91 8.29296875
92 8.65625
93 8.89453125
94 8.744140625
95 9.0078125
