12 0.234375
13 5.59375
14 5.560546875
15 5.392578125
16 4.77734375
17 4.861328125
18 5.01171875
19 5.03125
20 4.9296875
21 5.408203125
22 4.923828125
23 4.845703125
24 4.8671875
25 4.96484375
26 4.921875
27 4.255859375
28 4.349609375
29 4.33984375
30 4.59375
31 4.81640625
32 5.361328125
33 5.51171875
34 6.017578125
35 7.587890625
36 8.294921875
37 9.6953125
38 9.87109375
39 11.650390625
40 13.37109375
41 12.9765625
42 13.455078125
43 13.537109375
44 11.68359375
45 9.787109375
46 9.123046875
47 8.92578125
48 8.16796875
49 8.4609375
50 8.330078125
51 8.23046875
52 7.771484375
53 8.2578125
54 8.19921875
55 7.73828125
56 7.5859375
57 7.05859375
58 7.375
59 7.466796875
60 7.48046875
61 7.482421875
62 7.384765625
63 6.826171875
64 6.75
65 8.35546875
66 7.455078125
67 7.904296875
68 8.26171875
69 8.564453125
70 8.794921875
71 9.390625
72 10.6171875
73 11.29296875
74 11.431640625
75 11.15234375
76 18.0
77 16.35546875
78 14.111328125
79 13.873046875
80 13.828125
81 12.978515625
82 12.669921875
83 12.404296875
84 12.044921875
85 10.9296875
86 10.46875
87 11.6484375
88 13.322265625
89 12.89453125
90 11.6015625
91 10.50390625
92 10.318359375
93 10.205078125
94 10.150390625
95 10.25390625
