7 0.234375
8 5.65625
9 5.5390625
10 5.41015625
11 5.095703125
12 5.314453125
13 4.818359375
14 4.99609375
15 4.775390625
16 4.814453125
17 4.951171875
18 4.904296875
19 4.966796875
20 4.806640625
21 4.265625
22 4.298828125
23 4.283203125
24 4.369140625
25 4.419921875
26 4.62109375
27 4.71484375
28 4.78125
29 5.31640625
30 5.763671875
31 7.458984375
32 8.166015625
33 9.359375
34 10.892578125
35 12.462890625
36 13.439453125
37 13.150390625
38 13.40625
39 13.3203125
40 13.19140625
41 10.216796875
42 9.79296875
43 9.10546875
44 9.123046875
45 8.619140625
46 8.4140625
47 8.064453125
48 8.123046875
49 8.001953125
50 8.294921875
51 8.173828125
52 7.263671875
53 7.302734375
54 7.640625
55 7.171875
56 7.302734375
57 7.513671875
58 7.216796875
59 6.939453125
60 5.958984375
61 6.228515625
62 6.916015625
63 7.169921875
64 7.412109375
65 7.712890625
66 7.94921875
67 7.923828125
68 8.732421875
69 9.34375
70 12.361328125
71 12.447265625
72 11.2109375
73 10.748046875
74 9.931640625
75 9.732421875
76 9.69921875
77 8.9609375
78 8.8203125
79 8.724609375
80 8.962890625
81 7.642578125
82 7.728515625
83 7.71875
84 8.314453125
85 8.30859375
86 9.029296875
87 9.306640625
88 9.615234375
89 9.787109375
90 9.896484375
91 13.19140625
92 13.791015625
93 12.5546875
94 11.318359375
95 11.02734375
