7 0.234375
8 12.677734375
9 12.37890625
10 12.599609375
11 11.951171875
12 13.822265625
13 14.6796875
14 14.541015625
15 14.41015625
16 14.40234375
17 14.42578125
18 14.171875
19 14.33984375
20 14.44921875
21 12.814453125
22 11.84765625
23 10.896484375
24 10.0703125
25 10.037109375
26 9.681640625
27 9.36328125
28 8.8046875
29 8.494140625
30 8.646484375
31 8.365234375
32 7.798828125
33 8.154296875
34 8.677734375
35 8.52734375
36 8.84765625
37 9.18359375
38 8.880859375
39 9.37890625
40 9.658203125
41 10.994140625
42 12.83203125
43 12.478515625
44 11.80078125
45 11.302734375
46 11.46875
47 11.5703125
48 11.416015625
49 11.57421875
50 11.365234375
51 11.400390625
52 11.525390625
53 11.19140625
54 11.775390625
55 12.279296875
56 11.9296875
57 11.650390625
58 11.806640625
59 12.1640625
60 10.0
61 9.083984375
62 8.169921875
63 7.509765625
64 7.037109375
65 6.626953125
66 5.978515625
67 5.572265625
68 5.19140625
69 4.921875
70 4.63671875
71 4.31640625
72 4.38671875
73 4.26953125
74 4.208984375
75 4.419921875
76 4.4296875
77 5.09375
78 5.0859375
79 5.326171875
80 5.9296875
81 7.501953125
82 7.9140625
83 8.68359375
84 10.4375
85 11.35546875
86 12.83984375
87 12.986328125
88 12.9453125
89 13.310546875
90 12.9375
91 10.361328125
92 9.75
93 9.345703125
94 8.875
95 8.767578125
