12 0.234375
13 6.21875
14 6.2109375
15 5.78515625
16 6.009765625
17 5.84765625
18 5.70703125
19 5.765625
20 5.7578125
21 6.03125
22 6.052734375
23 5.48828125
24 6.056640625
25 5.658203125
26 5.564453125
27 5.80078125
28 5.708984375
29 5.322265625
30 5.341796875
31 5.634765625
32 5.3359375
33 5.294921875
34 4.71875
35 4.521484375
36 4.9375
37 4.564453125
38 4.716796875
39 4.98828125
40 4.884765625
41 4.9609375
42 4.67578125
43 4.736328125
44 5.6171875
45 6.4921875
46 6.07421875
47 6.208984375
48 5.865234375
49 6.146484375
50 6.2890625
51 6.166015625
52 6.154296875
53 6.6484375
54 6.78125
55 6.6484375
56 7.337890625
57 7.427734375
58 7.17578125
59 7.296875
60 7.228515625
61 7.330078125
62 7.189453125
63 6.78125
64 6.59375
65 6.876953125
66 6.783203125
67 7.666015625
68 8.361328125
69 9.46875
70 11.095703125
71 12.470703125
72 14.65625
73 13.837890625
74 12.177734375
75 11.931640625
76 12.31640625
77 11.236328125
78 13.0
79 11.451171875
80 10.74609375
81 10.52734375
82 10.921875
83 13.052734375
84 13.119140625
85 11.873046875
86 12.525390625
87 12.4375
88 12.322265625
89 11.62109375
90 13.47265625
91 13.634765625
92 13.8125
93 12.958984375
94 13.537109375
95 13.115234375
