2 0.0
3 43.629325337798676
4 44.74391135874479
5 43.51918995188583
6 34.051153139916316
7 37.55812237524234
8 40.473173287907
9 41.130519042886576
10 37.781799435959364
11 38.8236673601774
12 40.98883264089455
13 41.933523041870835
14 40.48129869398399
15 40.276814859069084
16 39.478074063271805
17 38.853468215901984
18 39.47230677268414
19 38.43040161215343
20 39.58257266985352
21 41.475866831986735
22 41.67118900876472
23 43.46317265020363
24 43.65555434694949
25 43.851676820492976
26 45.06360387623366
27 46.078226164230394
28 45.25805913764831
29 43.74196279104015
30 45.098021711952015
31 47.55305265606742
32 52.06557330302709
33 50.48938032989716
34 39.03126653520697
35 33.404373973125686
36 45.100547380522784
37 46.63042637110659
38 43.165257314895825
39 42.43600092830216
40 42.50043432847966
41 41.60603845465897
42 40.660553982324984
43 37.70734293984952
44 42.71831395986512
45 42.89253705199365
46 41.57586441203401
47 40.24728999166243
48 43.30999027689903
49 46.85452455626416
50 47.37018258868319
51 45.456019989291384
52 46.83596523068269
53 45.43702325657587
54 44.212900910950104
55 43.87689730817826
56 44.50235313968986
57 44.93838362240593
58 43.908833659576956
59 44.114026350320835
60 43.08961293564694
61 40.58133452201176
62 40.27999337026071
63 38.62263485169799
64 38.43779600200008
65 40.30607657972479
66 39.26721921981643
67 38.553410334623706
68 39.37001814558421
69 42.31681894604441
70 44.37774848516089
71 43.281746955108375
72 43.564898789120065
73 41.49352162420264
74 39.875811649434
75 40.249592672640404
76 46.71947714883974
77 44.497456027225354
78 37.69768373765123
79 46.523998292244244
80 42.3692831272636
81 45.76242795738523
82 45.25143660268745
83 44.14893755049524
84 42.58864931407018
85 40.98238438565743
86 41.051789225891824
87 42.1605707008055
88 41.55448885962204
89 43.2254254645205
90 45.73874295634303
91 51.52505441639615
92 51.73067453346721
93 50.74480458836559
94 26.75531953719185
95 2.8076249632486237
