7 0.19660223725149442
8 38.314083073386456
9 29.62858388939829
10 28.639604740904485
11 35.07109400442106
12 36.884419147883
13 41.32127089613637
14 43.8529997926124
15 41.536238498713374
16 40.32658484617598
17 42.752571028762
18 44.12809589666738
19 42.65356471420376
20 42.94172246585175
21 42.29777653549442
22 42.69026720443276
23 42.08604229695708
24 41.74769290822022
25 41.018038157406004
26 42.805972509101586
27 44.78148302810153
28 45.875777661110426
29 43.04537786556957
30 33.714214048452206
31 39.766255460619654
32 51.0749074762248
33 51.61506294020854
34 41.32933939503829
35 4.133221165137104
36 15.46566551288836
37 45.89882579713637
38 48.94386114007301
39 51.47600986592491
40 43.29741512324995
41 40.832212620929106
42 47.05762881832597
43 37.98040068633617
44 30.110941918206972
45 45.327077571399315
46 37.5156649725534
47 46.63749640948861
48 40.849905263675595
49 41.30893225504155
50 42.126309868246146
51 43.217373428735094
52 32.95020450874619
53 33.47878563217733
54 36.16584310133761
55 40.21407659596878
56 41.143024503882984
57 34.094875774690834
58 13.600143795180482
59 30.283205392248714
60 21.593470027139073
61 37.77900287401473
62 45.14891099631558
63 49.44845971318775
64 46.31805693640581
65 46.518948766927664
66 30.772033065185884
67 17.196917509052412
68 10.618441000172982
69 12.871220364463415
70 46.61780097677185
71 51.439223742545714
72 33.13829882679324
73 35.14289951554649
74 47.52014646528314
75 49.42556860111021
76 46.95310077211062
77 48.274886253488134
78 52.71492787357722
79 50.46430629832039
80 46.968634833987245
81 47.902464957015184
82 48.13940083310564
83 47.17979244072474
84 48.18555653310155
85 47.96123861346738
86 47.72342997281634
87 49.034364400898006
88 50.05331421885609
89 50.397744470849894
90 51.237493702353866
91 51.26991021483718
92 43.22375275036322
93 46.60506829908341
94 21.464472038907275
95 0.0
