7 0.0
8 38.3019182528261
9 29.827674788289343
10 19.00962200720122
11 16.063391427958468
12 0.016483318098015173
13 33.683596488660946
14 38.996955736075684
15 34.028961278782965
16 18.225173967308944
17 37.66956747424049
18 39.04538346111184
19 43.11145591845886
20 44.578134187049606
21 42.097364304422825
22 44.78633591783136
23 39.233269846878386
24 35.79019818434632
25 26.524825706057623
26 38.38426224604135
27 35.97166106607089
28 37.10686238471593
29 37.920770216919394
30 42.657739531372584
31 44.1137181079661
32 41.47753604681107
33 41.29461377931933
34 40.20843390823207
35 32.993765885742874
36 31.606995648851548
37 3.4993243368922715
38 31.63619277647199
39 28.815847828961843
40 31.751941664350383
41 41.391720008865185
42 44.98746325916138
43 41.45440051041218
44 33.18446127566443
45 36.64760680142524
46 44.592263546154015
47 44.65967904120787
48 43.63314058744948
49 44.24142856346783
50 44.70320744298269
51 41.846937713987344
52 17.60706988696704
53 28.936708230903033
54 41.61981667040273
55 42.93147302899252
56 44.2421812655191
57 41.49413790366248
58 41.3339433997324
59 40.26686276802102
60 40.51879804482942
61 41.37508441591461
62 46.29709696924357
63 46.67246146102282
64 46.33946255356018
65 47.705363485011056
66 46.94853681279365
67 41.23231221909388
68 36.05540256037822
69 38.56470577109559
70 37.17434937282636
71 40.23055537914554
72 29.501614550313334
73 37.2529743625689
74 43.20088520345069
75 41.10188727302387
76 45.61743012799258
77 45.2992761061096
78 45.00272265147776
79 49.71496328473881
80 51.1859077265502
81 49.942788237964386
82 48.422272142931746
83 47.06655467457536
84 46.6533188503375
85 46.79227582845602
86 46.21282782667208
87 45.473067295063274
88 48.14658029664099
89 47.190632364253986
90 46.60219054827235
91 49.11461073687304
92 52.66633740709315
93 51.669217839450624
94 38.93324692030189
95 0.1914933666780809
