11 0.0
12 2.951861715281796
13 0.0
14 13.04182508226572
15 15.820681058098208
16 0.0010272267212301251
17 25.687288907609968
18 21.593556794070818
19 0.0
20 18.451913576756446
21 26.55428654063334
22 42.7857355688204
23 46.700483551400005
24 34.102153955260846
25 2.0750770065185034
26 47.75979389352795
27 50.3093245888562
28 50.435250653321035
29 50.6611897671959
30 45.91637928257938
31 32.69765978652191
32 7.585809913678669
33 11.877115761551083
34 30.908361534307453
35 31.663807176157967
36 50.774357527559914
37 25.334204465916628
38 22.010720165937986
39 50.567124374351465
40 44.92504052269309
41 1.5653370306577299
42 51.01951086105327
43 53.611223206061126
44 49.00916692414423
45 34.0490980136702
46 27.867586575076295
47 8.327810035918475
48 46.846500685126095
49 45.860427351085235
50 50.667022463049264
51 36.758688419522656
52 39.71365714499413
53 49.8028143321053
54 48.84096775223774
55 35.50030940655975
56 6.668522365672981
57 0.0406526894477001
58 0.0
59 0.0
60 0.0005397441513388984
61 14.602986395895256
62 29.72935820227373
63 37.37660678434413
64 36.46994931959635
65 34.088080769696866
66 41.27583303267193
67 42.101836989965406
68 49.70125267359229
69 47.899823916858885
70 47.75270694179639
71 44.44826640210901
72 40.51863313557006
73 43.353882483039555
74 49.9783697426065
75 32.93254265092385
76 48.4955121188586
77 43.155759752787226
78 30.68615671338924
79 0.29987190168567734
80 0.0
81 5.190303456675612
82 0.0
83 6.593623810373288
84 5.450011066131193
85 7.2899730078082206
86 0.7141511460999079
87 0.0
88 16.135762417614803
89 0.2419930951417107
90 47.00568570756312
91 50.239170241958625
92 48.417120326495805
93 46.14522832073725
94 41.9823501251414
95 39.784907443279174
