7 3.1214241063004
8 30.81851289198396
9 17.517029097544594
10 0.0
11 0.11790716935289754
12 9.477505623738395
13 48.4503722398284
14 41.20273094568292
15 48.22017032924909
16 46.293063119169155
17 47.969825157017944
18 48.15275270451657
19 48.713759094039546
20 48.91164460192965
21 47.78637835957911
22 47.90362817620302
23 48.642494426521964
24 47.21155275862344
25 47.83337172705632
26 48.61485003802574
27 49.904055476125336
28 50.001741783362796
29 49.802043500966874
30 51.0239258169199
31 55.15867082452363
32 56.016665159183816
33 57.7289122969942
34 57.45195082858594
35 56.55150490157566
36 54.813203455353204
37 54.3495128097637
38 51.68140483589199
39 42.71974398080898
40 50.17482273073878
41 51.34981578717837
42 48.53449554069662
43 48.66279499034638
44 49.58203360013827
45 46.19902811976064
46 49.76550378425454
47 51.518084559751216
48 50.604366018294485
49 51.24051768097313
50 49.33475159869505
51 44.86844043809449
52 47.22844666588907
53 47.995867186977286
54 47.31649647206001
55 47.321058169500105
56 48.00907207800887
57 48.56100626899799
58 50.01823111319479
59 50.08597366763729
60 51.02405164088885
61 49.483731044467525
62 47.79135742562147
63 43.31510781368874
64 49.11376228402013
65 44.54820209589138
66 17.0995672117476
67 38.98820219453212
68 38.658861012913356
69 34.24954304705851
70 31.246373587623047
71 24.371114791436607
72 36.75856879224542
73 38.47508524008743
74 33.66676110297279
75 42.232463181893344
76 47.39762438041494
77 46.63365263365321
78 46.326054427397196
79 48.056934182744776
80 49.8944817245554
81 50.14689703523364
82 49.360242565240014
83 48.28489497178183
84 48.52565047140364
85 49.123206513014225
86 49.00351104704418
87 49.315762538603614
88 49.208292313503584
89 49.28239316124261
90 49.04747631254254
91 51.0634041015619
92 48.136263074431106
93 46.64196947443285
94 44.82777453402354
95 4.777503284003676
