2 0.0
3 12.169264744968611
4 28.66533916190531
5 0.06122914794623843
6 51.88614225027989
7 14.217755679361582
8 50.41154425670038
9 43.87137715027257
10 42.848949297951684
11 41.941382958190914
12 42.630290174910755
13 43.60353826296019
14 47.174727883641545
15 46.34025215901654
16 47.7985547980525
17 46.98209270719485
18 46.15939533315496
19 46.11193396925569
20 45.25607112505838
21 45.92146752849164
22 45.302982825136525
23 44.47427760313732
24 46.45578988563449
25 46.012673705321184
26 45.76940289287923
27 43.44990522908545
28 39.658196272373544
29 35.85058166067622
30 41.50324017961149
31 47.78627070445851
32 52.895638366037254
33 53.53936118336673
34 53.36610503594051
35 52.48077141801134
36 52.428786384798904
37 52.55097200361744
38 50.62519338027332
39 49.38542137057474
40 47.948395083088
41 48.80632107793956
42 50.86582366065924
43 51.77261238549383
44 50.65387560615162
45 46.67369425331227
46 37.91836418344578
47 42.8311430401454
48 44.946688778807214
49 40.86383445514279
50 39.67818031070421
51 37.475536976076384
52 36.88403722835038
53 35.21797538630385
54 35.771051544290316
55 41.807651712169836
56 43.46948619808016
57 45.40541276760599
58 45.394600293751026
59 43.30445923327114
60 41.40673056261065
61 45.21719965606205
62 45.6430150769191
63 45.09172454739108
64 43.48327413111356
65 43.2915394396341
66 42.142962308807896
67 38.92499052790127
68 43.93888603061061
69 46.260377729390164
70 45.899929539750794
71 44.58703623930485
72 29.960941490084195
73 37.70979237196178
74 41.137910975105086
75 50.91864357656749
76 53.253533634408896
77 52.812497202627895
78 52.36244331778944
79 48.0121237179194
80 45.2996790003861
81 45.30343065569301
82 44.46512243101979
83 44.984996934680524
84 43.57404485800416
85 42.856480505352195
86 42.16424329051286
87 41.115834562659195
88 40.834281590317026
89 41.92267652553557
90 42.861538822956966
91 45.781977064166824
92 47.38206283424957
93 46.92922813395568
94 15.832879438006694
95 25.38468526763395
