15 0.0
16 39.2484840249726
17 35.02899279096352
18 28.819664008091706
19 20.871171786871056
20 26.310609641288544
21 39.36864197755194
22 40.44189558665918
23 37.899890721279455
24 12.042341756978283
25 40.40821328192448
26 42.7373756477304
27 39.66880147634025
28 49.055087479656
29 45.27648050056916
30 49.505778994791626
31 48.95554224381612
32 19.373444277869407
33 28.481711055793955
34 32.88924089751459
35 51.24232786273094
36 44.85704244582728
37 28.151866954154162
38 24.756454049212422
39 37.33881902565148
40 0.11976054672566645
41 33.9931854347953
42 31.87819105719494
43 23.331050249225658
44 40.221846999677275
45 37.226728495327286
46 46.61644177980299
47 50.357402079468194
48 28.297797616904433
49 24.415770156330666
50 27.42394599011209
51 0.0
52 13.954034663317973
53 38.03803395320273
54 42.47617150990744
55 50.33465811850284
56 50.365294877168836
57 36.16044044966794
58 14.129742563022667
59 0.821116361350952
60 19.221973575106936
61 1.0273547679171988
62 3.9049576326418327
63 8.904198359317295
64 28.100006569410212
65 41.12035596984248
66 53.91289872373925
67 54.560403582840735
68 56.34299027840158
69 58.24109616400999
70 58.3782485863074
71 22.399773149916278
72 9.402498451293981
73 9.71393869912346
74 32.34791210755806
75 0.0
76 30.95763043566619
77 33.46334400549769
78 39.938159264151786
79 33.96210962856393
80 29.49189814280001
81 20.355117978981323
82 19.404780466125057
83 12.140607258285936
84 29.14619204280256
85 13.051693454000795
86 47.88490284590398
87 27.35266163508009
88 31.179769038510887
89 50.02542967243983
90 21.08063738941744
91 42.6137217169487
92 39.92860306650248
93 0.0
94 23.03889765510636
95 24.636589368668503
