7 1.143310377519107
8 51.402789320147356
9 39.81739813253672
10 43.192504343203346
11 16.82893186626308
12 0.14262293719739155
13 0.0
14 41.8381649790938
15 42.93795067731243
16 40.25685718322601
17 42.86596793448111
18 43.76155594770674
19 42.611498958117785
20 42.15679193908971
21 37.94923045995478
22 35.23534228133234
23 43.4021286759541
24 42.81157586639632
25 38.63682891379863
26 22.906144560613594
27 17.065187156004992
28 38.030356504578734
29 35.78914930807437
30 34.50341937992163
31 48.5184769784352
32 53.711065993489036
33 56.90356021799467
34 56.64902886702726
35 55.778260980756116
36 54.65467140985146
37 50.17706832790558
38 40.59720583582701
39 44.88197298530673
40 50.834027840440335
41 49.877914662086
42 43.888958088705174
43 38.609420341304684
44 41.262442312761024
45 42.84462885545189
46 43.81788467899338
47 42.37986903353429
48 43.18524396805852
49 40.49525712402991
50 47.16419777587344
51 44.10731891208051
52 37.879491978601266
53 13.526770430877946
54 26.751702721473613
55 41.320042322917544
56 43.533758571195534
57 41.828974870668915
58 32.05113012407933
59 36.158744293204045
60 35.71446328671398
61 37.841928650072695
62 47.9218981777018
63 53.98119009201347
64 50.48699724268063
65 52.90884464296738
66 47.91646710396301
67 25.486971080528036
68 49.25888715135024
69 47.25996038620032
70 32.89274004840451
71 35.95666736092731
72 37.27663111414065
73 42.96676915860031
74 43.362643773962574
75 40.90853947160814
76 44.35023662904624
77 44.16771555487356
78 46.212543079042135
79 47.31760994785479
80 46.115226160213076
81 48.786560205044765
82 49.80550959059633
83 50.03911248807599
84 44.54327015480223
85 46.65313470096743
86 49.95565514968865
87 46.4668986983087
88 39.63162623228466
89 40.59134141832084
90 30.190848267690196
91 48.28587410755673
92 51.723960594449494
93 47.45687060280573
94 4.632256009583144
95 39.84510542686524
