7 0.0
8 19.10980556656529
9 0.4312437707041882
10 0.0
11 19.106390770073318
12 4.031325797187283
13 37.17530176309248
14 42.44253562537372
15 38.987098912780866
16 31.769120594475087
17 31.589335518696508
18 42.16636005274924
19 42.96437174532584
20 42.21048281906884
21 24.103871421472874
22 41.79871522456105
23 25.525445659115764
24 28.19347152152472
25 40.3283891783209
26 42.31523678358658
27 43.19276994070553
28 44.26010807672718
29 44.40356640879968
30 45.24286620906926
31 44.83392522526473
32 42.405209750536955
33 41.6459600923071
34 37.55095883898934
35 41.095293298599444
36 42.32034961520312
37 43.68139593363024
38 45.79984623887247
39 45.11436462544306
40 42.85343322078717
41 42.593424907511825
42 44.608519812322996
43 42.95288489393433
44 44.90203228501612
45 44.20673371769866
46 43.88006473830506
47 46.40535736821818
48 45.97427386338254
49 47.976184621864384
50 48.53758079767899
51 46.84036729582139
52 44.61913368142249
53 44.48177229555357
54 46.31126964900773
55 44.47433595938013
56 42.40100980435119
57 42.67043668509002
58 42.895945233135706
59 36.223760742581916
60 28.216377886562633
61 31.896565177902026
62 42.48307627404201
63 45.301669701593546
64 50.19290142200247
65 49.87234146708581
66 45.71618813684211
67 40.877762076763766
68 29.320441533027488
69 36.26567794129329
70 44.32590620123638
71 43.808370644995165
72 45.258603455359086
73 42.89122998236696
74 43.9853135819417
75 40.940470900346085
76 39.88275949802869
77 45.33541927816132
78 46.796850073143155
79 49.40478849909507
80 49.90504144628184
81 48.934672199953106
82 48.77260542932736
83 48.88755475981452
84 48.80253715309091
85 49.34987324977639
86 48.178484916762464
87 49.401989416424556
88 48.08685726733205
89 48.07800622930229
90 51.13009301937908
91 52.05016162612033
92 51.789081876473205
93 50.99346269934756
94 36.62160550770166
95 43.43306335891749
