11 0.0
12 41.92386743817659
13 28.189169716920475
14 27.951208726830398
15 0.3329719658192806
16 20.136352975911382
17 31.23914594525386
18 2.915629950022564
19 0.0
20 0.42640020059754
21 33.78136955047043
22 20.428595118092684
23 23.208085472523567
24 2.780869268374206
25 0.33709592233175634
26 11.272090674959832
27 0.24430274702498275
28 47.09070399186923
29 2.6104750001630466
30 0.0
31 10.176501828465735
32 0.0
33 0.0
34 42.12751221908507
35 36.3095231495846
36 53.48281402254819
37 43.27733153884108
38 1.044482371407499
39 4.756699823824928
40 0.0
41 0.04496869454028276
42 12.291317936689723
43 0.09334749370707522
44 2.750990751120936
45 7.284928732947683
46 12.975587419165223
47 21.836112642870948
48 39.40497806087064
49 0.5308406472390762
50 11.879976282671416
51 47.46763808761505
52 46.69001476493999
53 36.23114676565061
54 31.24428120497394
55 12.39527137376626
56 0.13203263702825754
57 8.049904232751464
58 36.18392938850521
59 10.00403905340386
60 0.0
61 19.620992044640218
62 21.08319728858563
63 11.497285288659361
64 39.95648473976941
65 6.4031792984451865
66 42.698901902892025
67 42.68146125931577
68 48.95396490488879
69 62.03688897747538
70 51.70679963275243
71 51.63677458966004
72 46.29788878668834
73 39.59874177324965
74 43.17174717159279
75 51.81578801110527
76 0.0
77 53.972465644922394
78 46.33690077014801
79 26.23792953353986
80 24.165321835161052
81 20.96120881650671
82 40.36093385249661
83 19.717826416935885
84 30.97253221166134
85 33.95750479308193
86 20.210594818637787
87 46.47587950587094
88 49.2326342286019
89 48.79737115105297
90 49.62380415019797
91 30.151557584146712
92 34.4319644033729
93 37.417679546770245
94 16.41683056052323
95 39.83294119788394
