2 0.0
3 45.152520529646274
4 40.91748832746794
5 35.89763312840999
6 48.646233543067474
7 40.060902917680465
8 49.77170090634578
9 50.69505877104869
10 49.757337299279456
11 40.16584341400349
12 42.65276742219085
13 45.434300199030204
14 43.3122432030147
15 45.93496704618687
16 46.421705470752066
17 45.76715258221792
18 45.23957290620982
19 42.26601440112667
20 44.13904230036651
21 47.802555412362075
22 45.64505588675343
23 45.73973953611734
24 48.45920606763435
25 49.07450695428734
26 46.845520131462564
27 44.18472691647849
28 48.572535274336865
29 43.19641858298755
30 42.24887502410916
31 42.0946669897627
32 46.70025267922779
33 43.66064878652802
34 38.15811618900448
35 30.227117536075884
36 42.38599763748522
37 46.520223481257354
38 46.57944760170753
39 47.30650561108914
40 48.78942316414683
41 47.63881028717803
42 47.50908392301803
43 50.17708978790721
44 48.57103966271701
45 47.72602227561517
46 50.463925421967915
47 50.69112430417723
48 50.899848584959486
49 50.74693349254062
50 49.53050832464632
51 48.363147758850694
52 45.406918502839126
53 44.15434916454783
54 48.52193567462087
55 46.06471121092911
56 42.91607678101849
57 41.89258460249108
58 44.56114777503042
59 43.887643663822146
60 45.21484760126706
61 42.8043286773223
62 37.58253504298829
63 40.081280108340664
64 42.81114055074054
65 47.245200406417965
66 48.09228012370448
67 46.71441556200153
68 29.405090888209372
69 41.72655688322239
70 45.100639550513854
71 42.56329678106807
72 46.28456457380905
73 48.40834318673338
74 49.73013060228589
75 50.38075657466827
76 49.360477003497735
77 49.26117211026453
78 47.87308356891554
79 48.8735371303168
80 49.790552790016555
81 49.74742542001775
82 48.04281688892583
83 46.04509990658515
84 45.904384339151925
85 45.112296014008365
86 44.665629451175285
87 45.00154200621658
88 45.41588215904456
89 46.06410166034483
90 47.0021983830174
91 48.173523523464354
92 48.274500850558
93 46.6679807405877
94 42.848267933545834
95 40.957513724902654
