11 0.0
12 42.85131138862935
13 27.727364960978445
14 22.23011525538921
15 15.35813017001441
16 16.584015687859186
17 34.437088726615386
18 0.0012400523464169485
19 0.0
20 16.57983284204019
21 49.757490488926855
22 48.72551817456041
23 49.863189495713094
24 35.47165442988644
25 36.19475698198981
26 45.74813944844322
27 45.60689936310715
28 28.539969082629902
29 41.21867631648364
30 29.815897701954846
31 29.312275382264943
32 13.870329244611133
33 7.8913732260004235
34 0.0
35 8.283751025223753
36 14.040851203613979
37 13.925461570119198
38 39.782474268980884
39 50.99408339724562
40 50.8627224336351
41 42.84237685943494
42 48.61851371507407
43 50.41880271916241
44 49.88285744215478
45 50.98079032539534
46 48.6177599888398
47 38.28399973301651
48 42.75411020433852
49 0.19759486983005936
50 7.540644920170635
51 15.464947076029318
52 0.0
53 41.25136608050688
54 25.699764868092725
55 51.62624125940299
56 34.13702676405969
57 6.030748022096707
58 26.715120668747076
59 24.469473686633215
60 29.086782280850162
61 24.817504821905175
62 30.264290562930842
63 44.00906062669832
64 40.0253982524396
65 45.28414562733557
66 47.48046181363643
67 47.83899549329181
68 45.36530377362396
69 42.07041670894124
70 45.13596488543179
71 43.23295731952733
72 29.175893383749894
73 46.45590991251904
74 46.51913642012627
75 45.072480603745575
76 17.71641765591821
77 4.367289442520987
78 10.46374722987561
79 0.843204388675034
80 0.0
81 9.76215144815156
82 19.82454133640388
83 23.394063084050927
84 49.127460679462885
85 48.774375629256326
86 44.61836399539584
87 47.022972714295236
88 46.34028331431555
89 25.01480986591563
90 34.32170060115344
91 3.433820110199034
92 0.0
93 0.4652512817287571
94 0.7760015192371321
95 36.59325867223252
