0.36 -0.05338571228098221 -0.1769294717019314 1	0.36 -0.05338571228098221 -0.1769294717019314 1
1.32 0.2865899048681366 -0.5651612086472508 1	1.32 0.2865899048681366 -0.5651612086472508 1
2.32 0.2536283147466727 -0.599847847294801 1	2.32 0.2536283147466727 -0.599847847294801 1
3.32 0.07157364878967476 -0.5170225844162943 1	3.32 0.07157364878967476 -0.5170225844162943 1
4.32 0.04326035915846216 -0.6198054429452609 1	4.32 0.04326035915846216 -0.6198054429452609 1
5.32 -0.025341342980916615 -0.807784838487664 1	5.32 -0.025341342980916615 -0.807784838487664 1
6.32 -0.19433389500281883 -0.7835650440840789 1	6.32 -0.19433389500281883 -0.7835650440840789 1
7.32 -0.7922034814036545 0.222857671341822 1	7.32 -0.7922034814036545 0.222857671341822 1
8.32 -2.3436375443559463 0.9255238771625752 1	8.32 -2.3436375443559463 0.9255238771625752 1
9.32 -2.865941837173309 -0.0995507880069535 1	9.32 -2.865941837173309 -0.0995507880069535 1
10.32 -0.19333109862779319 -0.7150073242418502 1	10.32 -0.19333109862779319 -0.7150073242418502 1
11.32 0.8270016465904071 0.8409119905419721 1	11.32 0.8270016465904071 0.8409119905419721 1
12.32 2.2025624412909046 0.8738377665071853 1	12.32 2.2025624412909046 0.8738377665071853 1
13.32 -2.8935142764249524 0.1642943002084587 1	13.32 -2.8935142764249524 0.1642943002084587 1
14.32 -2.212887599706193 -0.3348940910319371 1	14.32 -2.212887599706193 -0.3348940910319371 1
15.32 -2.198289875282023 -0.7044223561141099 1	15.32 -2.198289875282023 -0.7044223561141099 1
16.32 2.326171545839048 -0.6134930408264028 1	16.32 2.326171545839048 -0.6134930408264028 1
17.32 2.0433490388810966 0.24801931522295328 1	17.32 2.0433490388810966 0.24801931522295328 1
18.32 2.3624908701886698 0.20246653590516672 1	18.32 2.3624908701886698 0.20246653590516672 1
19.32 1.4175946760869982 0.014030981109462548 1	19.32 1.4175946760869982 0.014030981109462548 1
20.32 -0.21283724741393195 -0.2945811741010731 1	20.32 -0.21283724741393195 -0.2945811741010731 1
21.32 -0.2859081792623077 -0.5533381388547309 1	21.32 -0.2859081792623077 -0.5533381388547309 1
22.32 -0.5926501443661616 -0.6044125814204673 1	22.32 -0.5926501443661616 -0.6044125814204673 1
23.32 -0.3064265492014333 -0.7639197227433856 1	23.32 -0.3064265492014333 -0.7639197227433856 1
24.32 0.2747781448091695 -0.6655869302082289 1	24.32 0.2747781448091695 -0.6655869302082289 1
25.32 0.827954805801506 -0.6228132037518077 1	25.32 0.827954805801506 -0.6228132037518077 1
26.32 1.04176531861952 -0.6269494246395242 1	26.32 1.04176531861952 -0.6269494246395242 1
27.32 0.33197649393454887 -0.015921591568393012 1	27.32 0.33197649393454887 -0.015921591568393012 1
28.32 0.5635998370984172 0.09598508034512898 1	28.32 0.5635998370984172 0.09598508034512898 1
29.32 1.6375614538689867 -0.02787566577456757 1	29.32 1.6375614538689867 -0.02787566577456757 1
30.32 1.1220462056078855 0.1755173258041427 1	30.32 1.1220462056078855 0.1755173258041427 1
31.32 0.1281336262878443 0.5947779450704379 1	31.32 0.1281336262878443 0.5947779450704379 1
32.32 -0.20731181425479805 0.5723347213124578 1	32.32 -0.20731181425479805 0.5723347213124578 1
33.32 0.16838748127682068 0.48364347663116813 1	33.32 0.16838748127682068 0.48364347663116813 1
34.32 0.5226573449997729 0.6299854597799533 1	34.32 0.5226573449997729 0.6299854597799533 1
35.32 0.9653090065276366 0.777504911855304 1	35.32 0.9653090065276366 0.777504911855304 1
36.32 1.8429191974932522 0.317067123519142 1	36.32 1.8429191974932522 0.317067123519142 1
37.32 1.980794902599878 0.032153572490960736 1	37.32 1.980794902599878 0.032153572490960736 1
38.32 1.9099431918019985 0.07840881192609017 1	38.32 1.9099431918019985 0.07840881192609017 1
39.32 1.2067649063787096 0.01483931289923146 1	39.32 1.2067649063787096 0.01483931289923146 1
40.32 1.383997227612447 0.026266856176664355 1	40.32 1.383997227612447 0.026266856176664355 1
41.32 1.1082131448355987 0.6047000371482705 1	41.32 1.1082131448355987 0.6047000371482705 1
42.32 0.8468653086205244 0.8064169890462908 1	42.32 0.8468653086205244 0.8064169890462908 1
43.32 0.8036734361819109 0.6264671901671981 1	43.32 0.8036734361819109 0.6264671901671981 1
44.32 2.208468007161123 0.03779587289680819 1	44.32 2.208468007161123 0.03779587289680819 1
45.32 2.9595203947139357 0.1619321366922244 1	45.32 2.9595203947139357 0.1619321366922244 1
46.32 3.0779948802290518 0.18280707739753255 1	46.32 3.0779948802290518 0.18280707739753255 1
47.32 2.6546080931715323 -0.4127075711501722 1	47.32 2.6546080931715323 -0.4127075711501722 1
48.32 2.8617226154076842 -0.3523054258366627 1	48.32 2.8617226154076842 -0.3523054258366627 1
49.32 3.0854812955225563 -0.01998932573626111 1	49.32 3.0854812955225563 -0.01998932573626111 1
50.32 3.0604239525175245 -0.07761618809958937 1	50.32 3.0604239525175245 -0.07761618809958937 1
51.32 -2.6186188873779503 0.3141127697877062 1	51.32 -2.6186188873779503 0.3141127697877062 1
52.32 2.7668289243504134 0.8392497738689577 1	52.32 2.7668289243504134 0.8392497738689577 1
53.32 1.3923237047815222 0.5157159960316664 1	53.32 1.3923237047815222 0.5157159960316664 1
54.32 0.12588675922199632 0.28265254679539265 1	54.32 0.12588675922199632 0.28265254679539265 1
55.32 -0.6649689789332678 0.4318049987320791 1	55.32 -0.6649689789332678 0.4318049987320791 1
56.32 -1.346144177729344 0.06714745890003204 1	56.32 -1.346144177729344 0.06714745890003204 1
57.32 -1.7078445363965669 -0.47772785766445836 1	57.32 -1.7078445363965669 -0.47772785766445836 1
58.32 -1.0506956098966151 -0.5768485616371355 1	58.32 -1.0506956098966151 -0.5768485616371355 1
59.32 -1.2555450438295295 -0.700833400666649 1	59.32 -1.2555450438295295 -0.700833400666649 1
60.32 -1.5162626765582927 -0.6439055426687443 1	60.32 -1.5162626765582927 -0.6439055426687443 1
61.32 -1.950498011367189 -0.6414252552687354 1	61.32 -1.950498011367189 -0.6414252552687354 1
62.32 -2.045955304146515 0.19560812498311475 1	62.32 -2.045955304146515 0.19560812498311475 1
63.32 -2.3637010116788324 0.5401754939547205 1	63.32 -2.3637010116788324 0.5401754939547205 1
64.32 -2.438897545116627 0.522726460038152 1	64.32 -2.438897545116627 0.522726460038152 1
65.32 -2.200436211382955 -0.006913074634224525 1	65.32 -2.200436211382955 -0.006913074634224525 1
66.32 -1.8899412996951228 -0.5352318837550318 1	66.32 -1.8899412996951228 -0.5352318837550318 1
67.32 -1.5492701339324995 -0.7633313024393682 1	67.32 -1.5492701339324995 -0.7633313024393682 1
68.32 -1.4335872676493622 -1.0005749548605087 1	68.32 -1.4335872676493622 -1.0005749548605087 1
69.32 -1.5391818516032916 -0.9487782601437122 1	69.32 -1.5391818516032916 -0.9487782601437122 1
70.32 -1.485723882691277 -1.012700245866304 1	70.32 -1.485723882691277 -1.012700245866304 1
71.32 -1.489103608068009 -0.9897399159575428 1	71.32 -1.489103608068009 -0.9897399159575428 1
72.32 -1.6701931767618239 -0.8858754070779455 1	72.32 -1.6701931767618239 -0.8858754070779455 1
73.32 -1.5333749317423964 -0.7516486618384639 1	73.32 -1.5333749317423964 -0.7516486618384639 1
74.32 -1.4211735784379678 0.04997771257036776 1	74.32 -1.4211735784379678 0.04997771257036776 1
75.32 -1.013253480332601 0.6825443048745107 1	75.32 -1.013253480332601 0.6825443048745107 1
76.32 -0.9598294406212449 0.6897731095704208 1	76.32 -0.9598294406212449 0.6897731095704208 1
77.32 -1.253505521878819 0.5536271653788614 1	77.32 -1.253505521878819 0.5536271653788614 1
78.32 -1.3289251083950184 0.518662181622203 1	78.32 -1.3289251083950184 0.518662181622203 1
79.32 -1.27434370595008 0.34904885089195137 1	79.32 -1.27434370595008 0.34904885089195137 1
80.32 -1.4723268749793088 0.13269239138746802 1	80.32 -1.4723268749793088 0.13269239138746802 1
81.32 -1.6349281709067478 -0.1492966510394862 1	81.32 -1.6349281709067478 -0.1492966510394862 1
82.32 -1.616644729981386 -0.3304983745910346 1	82.32 -1.616644729981386 -0.3304983745910346 1
83.32 -1.3146830122592343 -0.09739942535777502 1	83.32 -1.3146830122592343 -0.09739942535777502 1
84.32 -1.7433671528492376 -0.19135660764501172 1	84.32 -1.7433671528492376 -0.19135660764501172 1
85.32 -2.386050930135001 -0.41739137163740914 1	85.32 -2.386050930135001 -0.41739137163740914 1
86.32 -1.9456122064723262 -0.46942871235147043 1	86.32 -1.9456122064723262 -0.46942871235147043 1
87.32 -1.6785033176490998 -0.5611440541211055 1	87.32 -1.6785033176490998 -0.5611440541211055 1
88.32 -1.6816455386212201 -0.39517151511709936 1	88.32 -1.6816455386212201 -0.39517151511709936 1
89.32 -1.7660098677407206 -0.2492615009581829 1	89.32 -1.7660098677407206 -0.2492615009581829 1
90.32 -1.6471024707579391 0.0035867563326035246 1	90.32 -1.6471024707579391 0.0035867563326035246 1
91.32 -1.384617378002266 0.38016601196649313 1	91.32 -1.384617378002266 0.38016601196649313 1
92.32 -1.3997680227334681 0.011698976882702938 1	92.32 -1.3997680227334681 0.011698976882702938 1
93.32 -1.7476114445242372 -0.08086836481458559 1	93.32 -1.7476114445242372 -0.08086836481458559 1
94.32 -1.9365468267111274 0.3304924055649927 1	94.32 -1.9365468267111274 0.3304924055649927 1
95.32 -1.510378473518119 0.7601136832435615 1	95.32 -1.510378473518119 0.7601136832435615 1
