7 0.234375
8 5.48828125
9 5.552734375
10 5.640625
11 5.037109375
12 5.3359375
13 5.46875
14 5.12109375
15 5.251953125
16 5.20703125
17 5.3828125
18 5.072265625
19 5.0546875
20 4.765625
21 5.052734375
22 4.861328125
23 4.716796875
24 4.541015625
25 4.501953125
26 4.58203125
27 5.109375
28 5.009765625
29 5.01171875
30 5.541015625
31 5.42578125
32 5.587890625
33 5.78515625
34 6.091796875
35 6.1171875
36 6.462890625
37 7.0859375
38 8.416015625
39 9.40234375
40 9.416015625
41 10.6015625
42 11.12890625
43 10.560546875
44 9.41015625
45 8.44140625
46 7.591796875
47 6.732421875
48 5.673828125
49 5.171875
50 4.857421875
51 4.48046875
52 4.51171875
53 4.34375
54 4.44140625
55 4.5078125
56 4.46875
57 4.48828125
58 4.791015625
59 5.3828125
60 5.17578125
61 5.8125
62 6.0
63 7.12890625
64 7.755859375
65 9.080078125
66 10.140625
67 10.658203125
68 10.634765625
69 10.197265625
70 11.525390625
71 12.146484375
72 11.1953125
73 10.298828125
74 9.931640625
75 9.98046875
76 9.248046875
77 9.623046875
78 9.296875
79 9.353515625
80 8.501953125
81 8.34375
82 8.333984375
83 8.5703125
84 8.7265625
85 8.759765625
86 9.025390625
87 9.650390625
88 10.29296875
89 10.5390625
90 12.044921875
91 13.123046875
92 12.8671875
93 12.67578125
94 11.701171875
95 11.765625
