11 0.234375
12 2.587890625
13 2.587890625
14 2.662109375
15 2.75390625
16 3.33984375
17 3.828125
18 4.4453125
19 3.9453125
20 5.12890625
21 5.263671875
22 7.1875
23 8.830078125
24 11.576171875
25 16.10546875
26 13.810546875
27 14.298828125
28 13.08984375
29 13.298828125
30 12.974609375
31 12.52734375
32 13.16796875
33 11.7421875
34 11.466796875
35 11.8984375
36 13.796875
37 13.623046875
38 12.6796875
39 10.732421875
40 9.822265625
41 11.28515625
42 10.0078125
43 9.91015625
44 9.9140625
45 11.365234375
46 9.84375
47 10.9765625
48 11.7421875
49 14.017578125
50 12.783203125
51 11.412109375
52 10.1484375
53 9.494140625
54 10.74609375
55 10.23828125
56 9.8515625
57 10.685546875
58 10.181640625
59 9.880859375
60 10.595703125
61 10.078125
62 12.078125
63 13.150390625
64 12.353515625
65 12.376953125
66 12.75
67 13.6875
68 14.53125
69 12.5
70 15.291015625
71 12.796875
72 12.501953125
73 16.078125
74 15.46875
75 15.6796875
76 15.390625
77 13.8984375
78 15.359375
79 13.3671875
80 12.765625
81 13.171875
82 12.40625
83 10.2421875
84 11.412109375
85 11.279296875
86 11.220703125
87 10.607421875
88 11.28125
89 9.794921875
90 8.1328125
91 7.6796875
92 6.42578125
93 5.40234375
94 4.896484375
95 4.84765625
