7 0.234375
8 2.423828125
9 2.3984375
10 2.40625
11 2.568359375
12 2.595703125
13 2.6328125
14 3.458984375
15 3.77734375
16 3.75
17 4.2265625
18 4.62109375
19 5.357421875
20 6.8359375
21 6.48828125
22 7.427734375
23 7.955078125
24 7.6484375
25 7.396484375
26 6.7578125
27 5.953125
28 5.4296875
29 5.2109375
30 4.494140625
31 4.390625
32 4.34375
33 4.259765625
34 4.375
35 4.181640625
36 4.103515625
37 3.9765625
38 4.4296875
39 5.1328125
40 5.494140625
41 6.294921875
42 7.130859375
43 6.8671875
44 6.958984375
45 7.828125
46 7.962890625
47 9.33203125
48 8.599609375
49 8.1484375
50 8.427734375
51 7.7734375
52 6.982421875
53 6.923828125
54 7.134765625
55 5.603515625
56 5.611328125
57 4.99609375
58 4.6640625
59 4.439453125
60 4.369140625
61 4.37890625
62 4.513671875
63 4.8359375
64 5.5625
65 6.455078125
66 7.23046875
67 7.916015625
68 11.529296875
69 12.744140625
70 12.177734375
71 11.14453125
72 11.603515625
73 10.037109375
74 9.994140625
75 9.466796875
76 9.263671875
77 9.22265625
78 9.046875
79 9.208984375
80 8.66015625
81 8.50390625
82 8.244140625
83 8.533203125
84 8.7421875
85 8.748046875
86 9.041015625
87 9.66796875
88 10.18359375
89 10.552734375
90 12.26171875
91 13.16015625
92 12.796875
93 12.376953125
94 11.83984375
95 11.732421875
