7 0.234375
8 17.98828125
9 18.197265625
10 16.33984375
11 18.654296875
12 18.984375
13 19.6015625
14 17.91796875
15 20.09765625
16 19.767578125
17 19.705078125
18 14.755859375
19 13.314453125
20 12.86328125
21 12.875
22 12.87890625
23 13.341796875
24 12.74609375
25 12.34765625
26 12.751953125
27 12.5078125
28 14.029296875
29 14.3984375
30 13.345703125
31 13.33203125
32 13.439453125
33 13.32421875
34 12.708984375
35 12.541015625
36 12.787109375
37 13.86328125
38 14.19140625
39 13.650390625
40 13.791015625
41 12.46875
42 12.12109375
43 11.9609375
44 12.322265625
45 11.7109375
46 12.7109375
47 12.466796875
48 12.33203125
49 12.869140625
50 14.92578125
51 15.025390625
52 13.88671875
53 13.908203125
54 12.5078125
55 12.767578125
56 12.375
57 12.048828125
58 11.810546875
59 10.69140625
60 8.6484375
61 8.4140625
62 7.75390625
63 7.060546875
64 6.818359375
65 6.375
66 5.865234375
67 5.62890625
68 5.197265625
69 5.15625
70 4.78515625
71 4.466796875
72 4.3125
73 4.21484375
74 4.4765625
75 4.55859375
76 4.9140625
77 4.96484375
78 5.12890625
79 5.875
80 7.7421875
81 8.509765625
82 9.173828125
83 9.748046875
84 11.7265625
85 13.169921875
86 13.439453125
87 13.443359375
88 13.24609375
89 12.67578125
90 11.078125
91 10.6484375
92 10.076171875
93 9.125
94 10.05859375
95 7.8984375
