7 0.234375
8 13.482421875
9 13.755859375
10 14.830078125
11 15.23828125
12 14.966796875
13 14.013671875
14 13.193359375
15 13.109375
16 14.12890625
17 13.96875
18 13.806640625
19 13.521484375
20 12.73828125
21 11.63671875
22 10.791015625
23 10.017578125
24 10.294921875
25 9.765625
26 9.650390625
27 8.931640625
28 9.224609375
29 8.81640625
30 8.501953125
31 8.04296875
32 8.6875
33 8.888671875
34 8.83984375
35 8.76953125
36 8.888671875
37 9.162109375
38 9.826171875
39 10.43359375
40 11.728515625
41 12.953125
42 12.630859375
43 11.5
44 11.62890625
45 11.998046875
46 10.732421875
47 10.9609375
48 11.046875
49 11.603515625
50 11.306640625
51 11.8359375
52 11.90625
53 12.263671875
54 12.00390625
55 12.28515625
56 11.55078125
57 11.568359375
58 11.580078125
59 9.7734375
60 8.537109375
61 6.87109375
62 6.859375
63 7.0390625
64 7.1484375
65 7.6640625
66 7.521484375
67 7.546875
68 7.4453125
69 8.65234375
70 10.703125
71 11.232421875
72 9.818359375
73 8.796875
74 8.12890625
75 7.103515625
76 6.921875
77 5.982421875
78 4.94140625
79 4.533203125
80 4.072265625
81 4.248046875
82 4.09765625
83 4.091796875
84 4.00390625
85 3.990234375
86 3.873046875
87 4.30078125
88 4.9140625
89 5.326171875
90 5.84375
91 6.3515625
92 7.6484375
93 7.16015625
94 7.14453125
95 8.099609375
