2 0.234375
3 5.71484375
4 5.6171875
5 5.61328125
6 5.4765625
7 5.224609375
8 5.4140625
9 5.650390625
10 5.591796875
11 5.490234375
12 5.404296875
13 5.7578125
14 5.5859375
15 5.81640625
16 5.365234375
17 5.205078125
18 5.05078125
19 5.150390625
20 5.01953125
21 5.662109375
22 5.9375
23 6.556640625
24 7.16015625
25 7.572265625
26 9.267578125
27 10.072265625
28 10.36328125
29 10.173828125
30 10.01953125
31 8.919921875
32 7.591796875
33 7.052734375
34 6.322265625
35 5.5859375
36 5.197265625
37 5.017578125
38 4.701171875
39 4.724609375
40 4.671875
41 4.87109375
42 4.8515625
43 4.6875
44 4.58984375
45 4.408203125
46 4.375
47 4.3359375
48 4.3359375
49 4.076171875
50 4.013671875
51 4.18359375
52 4.41015625
53 4.541015625
54 4.6875
55 5.09765625
56 5.994140625
57 6.7734375
58 8.224609375
59 9.80859375
60 11.94140625
61 13.69140625
62 15.0
63 16.171875
64 14.62109375
65 13.943359375
66 13.208984375
67 12.642578125
68 12.61328125
69 12.162109375
70 11.70703125
71 11.791015625
72 11.36328125
73 10.736328125
74 13.2421875
75 13.439453125
76 12.615234375
77 12.333984375
78 12.009765625
79 12.58203125
80 12.443359375
81 12.982421875
82 13.3359375
83 13.75
84 13.783203125
85 14.201171875
86 13.9296875
87 13.396484375
88 13.107421875
89 12.947265625
90 12.90625
91 12.611328125
92 12.740234375
93 12.599609375
94 11.98046875
95 11.90625
