7 0.234375
8 13.37109375
9 13.3671875
10 13.98046875
11 13.5
12 12.451171875
13 14.095703125
14 14.5625
15 13.8671875
16 14.283203125
17 14.435546875
18 15.283203125
19 13.927734375
20 13.056640625
21 11.228515625
22 10.482421875
23 9.802734375
24 9.509765625
25 9.810546875
26 8.8828125
27 9.220703125
28 8.8828125
29 9.06640625
30 7.8515625
31 8.337890625
32 7.921875
33 8.361328125
34 8.576171875
35 8.8828125
36 9.037109375
37 9.41015625
38 9.474609375
39 9.81640625
40 12.15234375
41 12.78515625
42 12.591796875
43 11.658203125
44 11.697265625
45 11.580078125
46 11.322265625
47 11.189453125
48 11.05859375
49 10.822265625
50 11.373046875
51 11.412109375
52 11.458984375
53 11.509765625
54 11.912109375
55 12.3984375
56 11.560546875
57 11.716796875
58 11.76171875
59 9.716796875
60 8.50390625
61 6.828125
62 6.767578125
63 6.93359375
64 7.21484375
65 7.744140625
66 7.58984375
67 7.5
68 7.3203125
69 9.265625
70 11.462890625
71 11.84765625
72 9.978515625
73 8.3984375
74 7.3359375
75 6.94921875
76 6.822265625
77 5.609375
78 4.888671875
79 4.357421875
80 4.240234375
81 4.142578125
82 4.115234375
83 3.9921875
84 4.08203125
85 3.96484375
86 3.8828125
87 4.25390625
88 4.96875
89 5.318359375
90 5.8515625
91 6.380859375
92 7.619140625
93 6.857421875
94 6.84375
95 7.390625
