15 0.234375
16 12.978515625
17 13.19921875
18 12.84375
19 13.82421875
20 14.447265625
21 14.044921875
22 12.287109375
23 12.263671875
24 13.033203125
25 14.458984375
26 12.255859375
27 12.0625
28 11.275390625
29 9.8515625
30 10.26171875
31 9.5625
32 9.861328125
33 10.048828125
34 9.818359375
35 10.193359375
36 8.45703125
37 8.177734375
38 8.46875
39 8.92578125
40 9.462890625
41 10.208984375
42 10.109375
43 10.197265625
44 9.37109375
45 9.8515625
46 12.556640625
47 13.4140625
48 12.875
49 12.0078125
50 11.140625
51 11.982421875
52 11.802734375
53 11.9296875
54 11.71875
55 11.98828125
56 11.4609375
57 11.658203125
58 11.94921875
59 12.58984375
60 12.455078125
61 12.5703125
62 12.373046875
63 11.80859375
64 11.94921875
65 12.23046875
66 13.33203125
67 14.552734375
68 14.37890625
69 14.19921875
70 14.84765625
71 14.25
72 13.388671875
73 12.525390625
74 13.55078125
75 14.51171875
76 13.962890625
77 13.109375
78 14.1640625
79 15.3359375
80 13.443359375
81 13.26953125
82 12.482421875
83 12.515625
84 11.505859375
85 11.306640625
86 11.53515625
87 11.462890625
88 11.203125
89 10.591796875
90 10.833984375
91 10.484375
92 10.001953125
93 7.845703125
94 7.056640625
95 6.416015625
