11 0.234375
12 13.791015625
13 14.603515625
14 13.919921875
15 13.03125
16 18.693359375
17 13.650390625
18 13.76953125
19 12.986328125
20 15.220703125
21 16.283203125
22 13.478515625
23 12.798828125
24 12.171875
25 13.6953125
26 12.6875
27 13.017578125
28 12.484375
29 12.111328125
30 11.818359375
31 12.015625
32 15.09375
33 13.513671875
34 13.318359375
35 13.697265625
36 13.458984375
37 13.4140625
38 12.501953125
39 12.49609375
40 12.419921875
41 12.23046875
42 12.5234375
43 13.021484375
44 12.951171875
45 12.4375
46 12.70703125
47 12.86328125
48 11.955078125
49 12.7421875
50 12.306640625
51 12.923828125
52 12.80078125
53 12.5859375
54 13.021484375
55 12.248046875
56 12.154296875
57 13.755859375
58 11.771484375
59 12.220703125
60 13.310546875
61 12.7109375
62 11.6796875
63 13.2734375
64 9.650390625
65 10.54296875
66 11.822265625
67 11.923828125
68 12.908203125
69 13.060546875
70 12.5390625
71 12.8203125
72 14.85546875
73 12.830078125
74 15.19921875
75 15.552734375
76 13.78515625
77 14.08984375
78 12.81640625
79 14.19921875
80 13.21484375
81 12.236328125
82 13.4609375
83 12.3359375
84 11.892578125
85 11.45703125
86 13.125
87 12.8984375
88 12.2265625
89 11.470703125
90 11.3671875
91 11.56640625
92 11.27734375
93 11.46875
94 11.455078125
95 11.423828125
