7 0.234375
8 5.03515625
9 3.9921875
10 4.015625
11 3.953125
12 3.99609375
13 5.099609375
14 5.375
15 4.8515625
16 4.841796875
17 5.189453125
18 4.78515625
19 4.79296875
20 4.412109375
21 4.6328125
22 4.408203125
23 4.255859375
24 4.3671875
25 4.2734375
26 4.376953125
27 4.53515625
28 5.619140625
29 5.87109375
30 7.396484375
31 8.2890625
32 9.66796875
33 10.765625
34 12.24609375
35 12.404296875
36 12.419921875
37 13.068359375
38 13.828125
39 12.99609375
40 10.306640625
41 9.7734375
42 9.244140625
43 8.615234375
44 8.560546875
45 8.28515625
46 7.97265625
47 7.931640625
48 8.78515625
49 8.169921875
50 8.25
51 7.3515625
52 7.47265625
53 7.1875
54 7.603515625
55 6.779296875
56 6.84375
57 6.923828125
58 6.681640625
59 6.9453125
60 8.169921875
61 10.07421875
62 9.951171875
63 11.541015625
64 12.37109375
65 14.21484375
66 14.734375
67 15.8125
68 13.9140625
69 12.482421875
70 12.232421875
71 11.9765625
72 12.548828125
73 12.490234375
74 12.21484375
75 11.71484375
76 11.611328125
77 11.03125
78 12.685546875
79 13.1328125
80 12.759765625
81 13.21875
82 12.78515625
83 12.978515625
84 12.60546875
85 13.451171875
86 13.720703125
87 14.05078125
88 13.541015625
89 13.978515625
90 13.541015625
91 12.830078125
92 13.12109375
93 12.744140625
94 13.5
95 12.9609375
