7 0.234375
8 2.634765625
9 2.671875
10 3.037109375
11 2.560546875
12 2.697265625
13 3.31640625
14 3.65234375
15 3.8125
16 4.08203125
17 4.427734375
18 5.17578125
19 5.712890625
20 7.390625
21 7.345703125
22 7.869140625
23 8.40625
24 7.69140625
25 7.205078125
26 6.849609375
27 6.416015625
28 5.693359375
29 4.7734375
30 4.15625
31 4.119140625
32 4.52734375
33 4.333984375
34 4.2734375
35 4.119140625
36 4.201171875
37 3.998046875
38 4.7578125
39 5.283203125
40 5.7421875
41 6.73046875
42 7.0234375
43 6.75390625
44 6.939453125
45 7.58984375
46 7.916015625
47 9.13671875
48 8.353515625
49 7.951171875
50 8.208984375
51 7.517578125
52 6.833984375
53 6.857421875
54 7.111328125
55 5.849609375
56 5.416015625
57 5.083984375
58 4.416015625
59 4.384765625
60 4.267578125
61 4.0703125
62 4.78125
63 4.70703125
64 5.25
65 6.14453125
66 7.56640625
67 8.201171875
68 11.572265625
69 12.05859375
70 12.06640625
71 11.21875
72 11.326171875
73 10.16015625
74 9.728515625
75 9.787109375
76 9.67578125
77 8.71484375
78 8.935546875
79 9.369140625
80 8.42578125
81 8.333984375
82 8.52734375
83 8.697265625
84 8.830078125
85 8.697265625
86 8.884765625
87 9.486328125
88 9.998046875
89 10.48828125
90 12.611328125
91 13.087890625
92 12.88671875
93 12.693359375
94 11.591796875
95 11.69140625
