7 0.234375
8 2.6484375
9 2.728515625
10 2.482421875
11 2.525390625
12 2.546875
13 3.279296875
14 3.26171875
15 3.53515625
16 3.943359375
17 4.5390625
18 4.76953125
19 5.72265625
20 6.951171875
21 7.017578125
22 7.921875
23 8.337890625
24 7.890625
25 7.478515625
26 6.73828125
27 6.17578125
28 5.513671875
29 4.71875
30 4.5078125
31 4.337890625
32 4.00390625
33 4.10546875
34 4.267578125
35 4.2734375
36 4.392578125
37 4.275390625
38 4.58203125
39 4.908203125
40 5.2734375
41 6.4609375
42 7.0390625
43 6.740234375
44 6.796875
45 7.4765625
46 7.896484375
47 8.033203125
48 8.208984375
49 7.6015625
50 7.986328125
51 7.8984375
52 6.583984375
53 6.65234375
54 6.6796875
55 6.0
56 5.392578125
57 5.013671875
58 4.275390625
59 4.197265625
60 4.234375
61 4.03125
62 4.685546875
63 4.716796875
64 5.27734375
65 6.013671875
66 7.28125
67 7.63671875
68 11.205078125
69 11.693359375
70 12.3125
71 10.931640625
72 10.84765625
73 10.138671875
74 9.939453125
75 9.390625
76 9.416015625
77 9.765625
78 9.189453125
79 9.2421875
80 8.447265625
81 8.03125
82 8.078125
83 8.73046875
84 8.755859375
85 8.849609375
86 9.0
87 9.576171875
88 10.365234375
89 10.61328125
90 12.333984375
91 13.087890625
92 12.880859375
93 12.34375
94 12.146484375
95 11.8046875
