15 0.234375
16 7.421875
17 7.421875
18 6.041015625
19 6.73828125
20 6.70703125
21 6.6484375
22 7.650390625
23 7.26953125
24 8.0546875
25 7.328125
26 8.037109375
27 7.8046875
28 8.525390625
29 7.896484375
30 8.111328125
31 8.4921875
32 7.919921875
33 8.376953125
34 7.4296875
35 7.44140625
36 7.58984375
37 8.240234375
38 8.2265625
39 9.92578125
40 8.44921875
41 7.421875
42 6.859375
43 6.9609375
44 6.71875
45 7.0390625
46 7.185546875
47 7.240234375
48 6.791015625
49 7.3515625
50 7.5078125
51 9.71875
52 13.125
53 10.349609375
54 10.845703125
55 10.537109375
56 10.626953125
57 10.775390625
58 11.552734375
59 10.0390625
60 11.728515625
61 11.8203125
62 12.55859375
63 14.2265625
64 13.53125
65 12.703125
66 12.26953125
67 12.33203125
68 12.353515625
69 13.703125
70 13.3203125
71 11.384765625
72 11.845703125
73 11.611328125
74 13.296875
75 13.64453125
76 12.21875
77 12.2421875
78 9.84375
79 9.9140625
80 10.7109375
81 10.197265625
82 9.8515625
83 10.19921875
84 9.423828125
85 8.90234375
86 8.359375
87 8.6953125
88 8.70703125
89 9.025390625
90 9.560546875
91 9.345703125
92 10.734375
93 10.962890625
94 10.900390625
95 11.505859375
