7 0.06807955420913997
8 3.623937081363178
9 2.2703245858922463
10 2.5105115952694077
11 0.8322331309689729
12 0.006317467409385733
13 0.0
14 1.9009473404424049
15 2.0375303212022526
16 1.9632676634694113
17 2.0993203614584717
18 2.065095110500899
19 1.7100089889888008
20 1.824371388505885
21 1.351469419863476
22 0.8427297485127002
23 1.0691158996424095
24 1.1242000379316386
25 1.2232971508063175
26 0.5769472679155705
27 0.7272132440357245
28 1.7208475959350549
29 1.8626228269231562
30 2.12763879027363
31 3.569336365220479
32 3.203176120826579
33 4.135081861066389
34 4.466511239149721
35 4.55173243638029
36 4.513416493020065
37 2.9378093003491332
38 1.2942057095706683
39 5.065068114990403
40 4.78859120739591
41 3.0470978255705865
42 1.2962440752763797
43 0.6285174034898918
44 1.2253030851787996
45 1.7518014365346346
46 1.8515769031412987
47 2.040153641788197
48 2.2768138310144725
49 2.84328895546399
50 2.9637924544657346
51 1.866169977751324
52 0.8310921023280183
53 0.6082328889173803
54 0.7436084262280204
55 1.5347258234356553
56 2.062071076309355
57 1.6764577740639695
58 0.6684716145850957
59 1.1070844417839316
60 1.203000896402479
61 1.0771301307346492
62 2.236981759083994
63 4.12585938496863
64 3.1582262842851754
65 4.557504461346924
66 3.1314922288599143
67 1.4509158728266867
68 1.4672927522683004
69 1.40273673236696
70 0.7584526887911133
71 0.79760293188692
72 1.6210475860248768
73 2.5589317110749956
74 3.64040571444721
75 3.0675515347905633
76 2.1897399360765886
77 2.0210970265675474
78 3.700297823972444
79 5.1346378320342305
80 6.048724473684566
81 6.566474710262144
82 4.972023954156095
83 4.020197688290734
84 3.1859111905447124
85 3.2147053669569687
86 4.381238468771458
87 3.0559019920790793
88 1.5239845398516274
89 2.2187859431542103
90 1.8836184196365657
91 7.325216893266846
92 9.197936892171274
93 7.182860280469649
94 0.41114205316038044
95 6.650562630471511
