11 0.0
12 2.075549109212086
13 1.6772544760697488
14 0.8725185234847797
15 1.0366196243256944
16 2.1977785168444526
17 3.81508254982617
18 0.5616152115898657
19 1.3193406874416511
20 3.2104207657875032
21 4.515021488116334
22 1.059280183312263e-05
23 5.727273217877191
24 5.936167797710194
25 7.0671575044312185
26 2.6380954025901584
27 0.2956688869849404
28 0.4993879057484433
29 4.492674311235517
30 0.09565930391152051
31 5.049619219846298
32 9.340751896328484
33 5.9675592428152395
34 4.033944213745055
35 1.5706501878551178
36 7.705502404247812
37 11.45031132602087
38 10.449882505330784
39 3.0063040210980843
40 0.9664215371297645
41 8.45770955844783
42 9.955552130286046
43 0.5647661014188824
44 6.440473540808256
45 6.763262645668739
46 3.372921051234294
47 0.1435063626357292
48 3.12512257852828
49 8.298491364468452
50 8.032449124264284
51 8.158834236388884
52 3.0945996752953615
53 7.107738344536122
54 6.859433524776326
55 8.07218807617884
56 3.509509032585048
57 5.8649044829601324
58 0.13990808699996735
59 1.2612766253025471
60 4.6545832584161015
61 0.07163235679858306
62 0.09765603066915869
63 0.776444866322093
64 0.5843550288504082
65 0.5391629440620095
66 1.749924299492551
67 5.906349629276948
68 2.9391741233341993
69 0.0
70 0.008452433267773932
71 3.5535341491476315
72 1.6870419166198383
73 1.8584579332305808
74 0.02477352408749021
75 2.0409950555852863
76 0.18295922132043757
77 0.0
78 0.0002971744379901784
79 0.6761585000401532
80 0.11632887175079347
81 0.0
82 6.720421857593965
83 4.795768307609843
84 5.895280303725591
85 10.163865899430823
86 8.581515554390215
87 8.684445381772465
88 9.66417742079987
89 8.97946351435749
90 9.907002682993799
91 10.026140797109539
92 9.606469921525852
93 10.965459878744248
94 6.066021342754308
95 9.105694959738669
