11 0.0
12 0.0373243971566823
13 0.0
14 0.6657085972108189
15 0.8965087880221297
16 1.873493797408344e-05
17 2.0415738988191046
18 0.43742519658587825
19 0.0
20 1.7105500276356893
21 2.5505558426497474
22 5.424851369045456
23 6.101506576236293
24 7.161824237134457
25 0.0838595489499173
26 4.626214454197505
27 11.60691745850284
28 11.47506542609552
29 6.177569481494622
30 10.079015850209496
31 5.494139130689724
32 0.998406317092131
33 1.7735368900249415
34 3.7132944251867976
35 4.587129240182046
36 9.900393498183345
37 4.567535637840884
38 3.697544679628602
39 5.085225670536139
40 8.345519705746684
41 0.03224493185535587
42 9.46869552734462
43 10.446727995633964
44 7.862148895068325
45 4.855910847519061
46 4.183439627190028
47 0.5824580830038137
48 9.111513247030297
49 9.213504006542287
50 5.115266336239488
51 6.48659632261563
52 2.3863393794305314
53 9.020369744823306
54 9.100411367214713
55 6.4771697066444744
56 0.6573599028276133
57 0.0013912070587575277
58 0.0
59 0.0
60 5.010915106899522e-06
61 2.0059717864286166
62 1.4186633094516738
63 6.739535652987659
64 5.6691252693955265
65 5.501550747765196
66 7.915102323197607
67 8.132786844863993
68 9.643115199348223
69 8.973088996219962
70 10.079495838128231
71 9.508269604475093
72 3.494147290126838
73 9.988362008850864
74 11.493494272299108
75 1.1643743873940584
76 9.418937826035675
77 3.6372771069994663
78 5.75714834831934
79 0.029284652228088525
80 0.0
81 0.6319945929459208
82 0.0
83 1.8085604562480633
84 0.39988635707435505
85 0.6068474402054217
86 0.030820171671025378
87 0.0
88 1.3932838897360484
89 0.002822613147218697
90 8.79447404260857
91 9.848885735740518
92 9.441182038189373
93 8.92872665123915
94 8.227196284611882
95 8.07319203396272
