11 0.0
12 1.9339323445083414
13 1.7611684529532716
14 1.1493997898776211
15 1.0177288058776859
16 2.074362439056033
17 3.1699830789215824
18 1.0751960510897636
19 3.665354336801339
20 2.346106852949101
21 4.038701996039493
22 3.777849478128554
23 6.95596878721414
24 7.061356365605988
25 5.088922294173542
26 0.6014859013232463
27 0.06532107084870327
28 3.5707240498906696
29 2.2733765518436817
30 0.0
31 7.568202746646141
32 6.060697000149225
33 2.0182519023853644
34 0.010410464843444081
35 6.103976324489122
36 4.63961267074392
37 11.042983217409164
38 10.93055157718314
39 5.1469527458691555
40 8.478990605563718
41 6.987236341720538
42 1.4890110610966572
43 6.324484957089683
44 3.9739432786677256
45 0.8017216173191285
46 0.022587677685144265
47 0.0
48 3.6508023365319278
49 0.00339923568596064
50 1.3121703369220812
51 3.7824667996731245
52 4.657092664651441
53 2.0236013077523785
54 0.0
55 8.780393389464402
56 9.543039569442072
57 9.104817596735364
58 8.564983150665675
59 0.051693821818972606
60 7.608856291999179
61 0.0
62 3.9785802542772046
63 0.0
64 1.196582264643155
65 9.176578547647784
66 8.63745238208224
67 2.0129242234175315
68 7.084801121290041
69 4.659286562589917
70 0.7308408954653792
71 4.772022827339929
72 5.210431609616601
73 1.4509278518817308
74 5.028668486328039
75 6.590184641947921
76 5.777085815539529
77 0.554873178550862
78 0.38732810481408453
79 0.0
80 0.0538177716008879
81 0.0
82 0.0
83 2.6875842448171987
84 4.172781744941377
85 4.948362037253018
86 9.377036156537141
87 5.786288708783359
88 3.5401197944758453
89 3.7651126004736115
90 4.946941457159569
91 5.308986635907608
92 5.3020777015953255
93 6.287557660942659
94 5.832635247532727
95 4.91244958907813
