15 0.0
16 1.393088124205257
17 0.0
18 9.640384791563633
19 0.0
20 4.500057528420548
21 4.2772929911857105
22 8.995040021137106
23 9.681003598143526
24 6.466828490556574
25 2.673159643226861
26 0.962000246758671
27 4.461756146932477
28 6.110667678088287
29 1.3723790360528048
30 1.428877612311048
31 0.1960916851526897
32 6.929198983215624
33 6.240449147081997
34 5.029744183948107
35 0.870432488159339
36 3.4251521820023147
37 0.054952726830134954
38 0.005254582530702671
39 0.34457457249405266
40 0.1437957353840108
41 9.199704975249983
42 4.552851182132222
43 1.0233776625406927
44 1.9826308973820244
45 2.5378620315460525
46 7.747436189738111
47 0.009585866557182106
48 0.0
49 2.260724254101267
50 1.498440169962391
51 8.289911633552148
52 2.9512169834840734
53 7.917577835193703
54 2.8553823891061523
55 0.008650029814720912
56 7.239786565404039
57 4.710835222975227
58 5.427724915696505
59 5.382850549396846
60 8.07591684615287
61 8.206498865415833
62 6.336348714960685
63 0.6360720775752117
64 0.7871502200996717
65 1.1932295804475817
66 4.377034713289876
67 7.373272149064816
68 10.561348681440569
69 10.69942606504361
70 5.998085701021337
71 1.3604846724994775
72 0.008074710205915884
73 2.5483343069703754
74 3.4274403962021114
75 9.7704774252374
76 8.094477708104872
77 4.006510778599779
78 0.0
79 3.924456113065005
80 5.916683609063979
81 6.390349077352348
82 10.409389634793675
83 7.77843384681157
84 2.1971625499658307
85 9.452675296306715
86 9.672707472303415
87 9.296718621797403
88 5.892181610823585
89 2.441733046232396
90 3.2903438558658986
91 7.611457951404917
92 5.232071196647961
93 2.4815411095701956
94 4.232216228470895
95 4.396320655731289
