13 2.1391553634106035 0.029412409544877203 0 1
14 1.9506213233554028 0.0015179645265034605 1 1
15 1.8893019728439695 0.010510709996280385 2 1
16 1.9732849541702908 -0.017116167685237035 2 1
17 1.1769464650305483 0.3767177636595882 2 1
18 1.7529643796810408 0.04849007569088228 2 1
19 0.5058017459487711 0.8227055523233469 2 1
20 2.007456216448672 -0.10034364339679196 2 1
21 2.2338351847248674 -0.15846858884241147 2 1
22 1.6035110505659862 0.19003922040895788 2 1
23 1.9683596787722273 -0.017480179022993165 2 1
24 1.4355105152652747 0.49563496576356936 2 1
25 1.728530046728979 0.2635876321334529 2 1
26 2.0873491485326783 0.0012639469113008618 2 1
27 1.5056974746259186 0.4796938592037408 2 1
28 1.252919218830617 0.6736191616022825 2 1
29 1.0620850857563067 0.7080930387316214 2 1
30 1.2254358567964632 0.5987149977158622 2 1
31 1.160327152542446 0.6848750891579626 2 1
32 1.1981138916442324 0.6262411070959972 2 1
33 1.314786140983303 0.48804628960802415 2 1
34 1.583290871640119 0.28389653333496606 2 1
35 2.054241429654355 -0.0632678913553273 2 1
36 2.153943203664249 -0.16341051537971665 2 1
37 2.0636750046016967 -0.06705305968649791 2 1
38 1.442285156145303 0.2154617329054545 2 1
39 1.59314920755879 0.288289430353829 2 1
40 1.6389593696249465 0.2736640117885015 2 1
41 1.5791037233301868 0.22467327781181967 2 1
42 1.1863495143760296 0.5296396868342195 2 1
43 1.4539444490052063 0.23155708069925643 2 1
44 1.6031050074413535 0.1635984573478143 2 1
45 2.110900272968295 -0.025502566215933796 2 1
46 2.546453384134476 -0.11886147948454907 2 1
47 2.176199072304726 -0.07264153886165652 2 1
48 2.1016865755906533 0.01645404282874832 2 1
49 1.6170626510962398 0.32062907564316456 2 1
50 1.542288824743565 0.42934283649592925 2 1
51 1.6670079361435333 0.32082894710917215 2 1
52 1.2902365823265836 0.4546920047502552 2 1
53 1.4176979337052025 0.4430158810490192 2 1
54 1.6345651019276612 0.2970356438531709 2 1
55 1.556968671524813 0.33624268581601746 2 1
56 1.5995058486724751 0.17267160990469835 2 1
57 1.1144815016037004 0.5802201061674438 2 1
58 0.7761244036392361 0.8453116674972939 2 1
59 0.9363590618743434 0.6994763468842325 2 1
60 0.7772687956530246 0.8594644577713151 2 1
61 0.8317975678172393 0.7451637829872264 2 1
62 1.0455809883349554 0.5313519760904213 2 1
63 2.1422962715891662 -0.07433527404064429 2 1
64 2.081995934542877 -0.17366994364774585 2 1
65 2.1967644640680284 -0.13103400206988225 2 1
66 2.0978108360110737 -0.06834066445841047 2 1
67 2.149743354327745 -0.15677612994941423 2 1
68 1.5365994294614636 0.0716653968575676 2 1
69 1.7008596524134854 0.1990935549061561 2 1
70 1.9240392892565081 0.09270491779192665 2 1
71 1.4690313786338196 0.201202061955768 2 1
72 0.8964952821764651 0.7762438900830114 2 1
73 1.232275837768075 0.30841927908807365 2 1
74 1.896662600093732 -0.028416735204718498 2 1
75 2.1311595459881456 -0.0912175803260661 2 1
76 2.0254454669895674 -0.088455659774261 2 1
77 1.7561509720241384 -0.01175203783775049 2 1
78 1.672205800451212 0.0919918913477023 2 1
79 1.5078023223349781 0.37526396800260314 2 1
80 0.9820837194063161 0.7528575550829103 2 1
81 0.9342940587909654 0.7937204055687851 2 1
82 0.984270405292162 0.7872987510213603 2 1
83 0.8547669083600526 0.8133812055985292 2 1
84 0.8168068750889743 0.8381669679295622 2 1
85 0.7592703980290256 0.872038238034799 2 1
86 0.6832534814866067 0.8961204655981638 2 1
87 0.7183980097892526 0.8656371979393117 2 1
88 0.7480284529208383 0.8218291546072217 2 1
89 1.012008704347183 0.663352378388796 2 1
90 0.8700069443590817 0.7314999841200847 2 1
91 0.6527880322243771 0.9114286596437164 2 1
92 0.6635665756540021 0.9093860258155209 2 1
93 0.6857474432287445 0.9050406442699258 2 1
94 0.6337208142000961 0.9207829513518195 2 1
95 0.6602197400399135 0.8795042508996284 2 1
