18 1.2339803414868022 0.517342900596412 0 1
19 1.5123015373354178 0.3313251244469698 1 1
20 1.4396924729204814 0.3771492972175577 1 1
21 1.4979491629191113 0.36187129113600897 1 1
22 1.2882658691790994 0.492113562907923 1 1
23 1.2417470588936235 0.5453082631336672 1 1
24 1.0083643344474407 0.6358787541806887 1 1
25 1.1490272847645162 0.5626422432697759 1 1
26 1.3401251673394867 0.41311167043572733 1 1
27 0.9120288843021997 0.6762796389985373 1 1
28 0.7660687997906299 0.7977128769781856 1 1
29 0.6444693153756127 0.8842324021910539 1 1
30 0.6029230509352068 0.8643615500202843 1 1
31 1.3544418030964671 0.4076566144390094 1 1
32 1.6309343829531464 0.2783721218409233 1 1
33 1.5745246730536238 0.3387893145846839 1 1
34 0.9409086286426236 0.7660696370752701 1 1
35 0.8930462516308193 0.8034782833183399 1 1
36 1.3001949461585287 0.5137386321842167 1 1
37 1.4711890233442046 0.37275251087488315 1 1
38 1.3477116483490956 0.47806422535231574 1 1
39 1.2563429618047266 0.6210680830488693 1 1
40 1.0947922627002429 0.7673334100947004 1 1
41 0.9624232321047508 0.7762428784940587 1 1
42 1.1309135771010217 0.6280159216956118 1 1
43 0.5649034999970741 0.9188709312769554 1 1
44 0.7918199006567281 0.7866183686838877 1 1
45 1.0274938059046672 0.6737159147482479 1 1
46 0.6917644446606879 0.8712436118811132 1 1
47 0.8584781159794215 0.7759325907018244 1 1
48 1.6329868264905913 0.32451798059002035 1 1
49 1.0241167661246724 0.6441076729566558 1 1
50 0.6328634342895016 0.938109327408216 1 1
51 1.1616992734637792 0.6476427087904885 1 1
52 1.2235681136297378 0.5642495288027087 1 1
53 0.8568161933816665 0.7338864339507429 1 1
54 0.8371204916766448 0.701397997218138 1 1
55 0.9419064561887573 0.6478065770698428 1 1
56 0.9777346390850123 0.6254409061059424 1 1
57 0.8533968956642983 0.7091636430818876 1 1
58 0.5644633773686465 0.8955796779327172 1 1
59 0.5917524495726072 0.9118672575250493 1 1
60 0.6456335689792825 0.8508811832669789 1 1
61 1.1062322420666453 0.49785419781070644 1 1
62 1.530164788544874 0.31571299688523685 1 1
63 0.47746274554792123 0.9085194807340292 1 1
64 1.2738565223221894 0.35132717875242214 1 1
65 2.0722188576564724 -0.031642635591080555 1 1
66 2.28031074771041 -0.11530127342411736 1 1
67 2.3547713886947887 -0.09258637082989732 1 1
68 2.0188202706602 0.008489851415658868 1 1
69 1.6322024161515678 0.24500757214019306 1 1
70 1.5521700851949634 0.3200864190925154 1 1
71 1.5546821410720382 0.3003911822862835 1 1
72 1.5121964710455984 0.39318723716637843 1 1
73 1.4207724858333508 0.4837808203308585 1 1
74 1.2499315841174239 0.6013983754295491 1 1
75 1.172420723788595 0.6148065885173252 1 1
76 1.2882962627944297 0.5064993830125869 1 1
77 1.1370660783122872 0.6557958126925275 1 1
78 0.9637282766381672 0.8249300217417503 1 1
79 0.857848876799137 0.868510618556269 1 1
80 0.7983552983315256 0.8690471666327726 1 1
81 0.6932517986925895 0.8832078410034674 1 1
82 0.6991224292905249 0.8409757852864114 1 1
83 0.6513568200948239 0.868574579030414 1 1
84 0.7806614277455486 0.794386373258369 1 1
85 0.815449310937784 0.7742850471563298 1 1
86 0.748337012376247 0.8034950567430458 1 1
87 0.657090198011014 0.8461915067947634 1 1
88 0.5364038017077339 0.8700216312575145 0 1
89 0.6159405839523817 0.870638618178882 1 1
90 0.593335411818674 0.8830564299162982 1 1
91 0.5819101884025084 0.8906134660499988 1 1
92 0.5733612335904272 0.898774992470457 1 1
93 0.5711293925699437 0.8993183476858383 1 1
94 0.5721107403140611 0.8978511230420331 1 1
95 0.5740998963911599 0.8960297599920759 1 1
