3 10.665973574369051 0.3713886857556096 0 1
4 8.67186813706903 0.7234348132406394 1 1
5 14.35459837722145 0.10117437573685704 2 1
6 15.03496568870391 -0.11068049609624223 2 1
7 16.28232377501419 -0.12884221794967798 2 1
8 15.75013583112295 -0.14514070172041998 3 1
9 9.05992176768234 0.49044918540678617 3 1
10 13.341381638615388 0.2397233878298908 3 1
11 15.697124038887207 -0.06914057559950817 4 1
12 15.40338586406564 0.03290299862008403 4 1
13 15.44488068308867 0.23891375141953333 3 1
14 17.642073388604345 -0.10325756152682017 2 1
15 16.201559597850693 -0.1737001282325531 3 1
16 16.68566857960215 -0.1923935639781265 3 1
17 15.697637012553212 0.1301488635846369 4 1
18 16.559898090656404 0.08706093553228282 4 1
19 17.737360778125307 0.01740021980131605 4 1
20 17.608045981609937 0.05251956074109971 4 1
21 16.791963677887026 0.1290865454179126 4 1
22 15.317362782893028 0.13092471973890363 4 1
23 14.88284328027298 0.2147661343889004 4 1
24 15.9425194250382 0.03235749818513355 4 1
25 16.537706680607336 -0.1654257092991316 4 1
26 16.755670345220658 -0.052823620729234425 4 1
27 16.916739263154724 0.008818842405682646 4 1
28 16.57218699717366 0.05068941807878567 4 1
29 14.095455389557934 0.4677878813518926 4 1
30 11.802784575598562 0.7269451708201384 4 1
31 15.696604393262945 0.15608091248614475 4 1
32 17.366930082945984 -0.008649738569200769 4 1
33 15.534473150388372 0.14864993321905542 4 1
34 13.406021714341485 0.5072406657174655 4 1
35 13.612716519526785 0.4556646231403441 4 1
36 13.324314577633423 0.5243976881229072 4 1
37 15.46897775487566 0.3201627498801438 4 1
38 14.888142671628245 0.3239041671195746 4 1
39 15.551225859062285 0.27332845704449116 4 1
40 16.455486505172324 0.08533232923579345 4 1
41 17.25608722557343 -0.004896752283189991 4 1
42 17.415396810021754 -0.05070469871093531 4 1
43 17.316594647444468 -0.01846513603858228 4 1
44 16.36771206811153 0.0930845639514039 4 1
45 14.781574390671505 0.25949530984307173 4 1
46 14.087629654552394 0.3888087565015812 4 1
47 14.059270588792987 0.35795553997995977 4 1
48 15.189360198695404 0.1865164493786195 4 1
49 16.59514969551207 0.15514345994985948 4 1
50 17.079418489273817 0.1516948019682929 4 1
51 15.946782953015443 0.23830518393813632 4 1
52 15.882446870378502 0.2834349361323376 4 1
53 14.521778278640099 0.4480446467123216 4 1
54 12.798992181146716 0.7211835630593392 4 1
55 13.20590870429777 0.7450695582590346 4 1
56 11.818471398796305 0.8358236106971789 3 1
57 10.438740572040075 0.8338454555024241 3 1
58 10.567558126458877 0.8197532739305644 3 1
59 10.690458423658438 0.7442757812672153 3 1
60 12.787959943430678 0.365495923749878 4 1
61 16.07303195645267 0.1320432560762639 4 1
62 17.230694684109878 0.06179713209342446 4 1
63 17.15330547121034 0.06553543450941944 4 1
64 17.117093118495486 0.05639572006406326 4 1
65 16.605675851994164 0.03840081056721159 4 1
66 15.908506276420503 -0.11355952371242017 4 1
67 16.30624315007082 -0.26999661167350963 4 1
68 16.94111388639309 -0.23872742261897106 3 1
69 15.818589397229207 -0.1613171568729996 3 1
70 14.313871349160962 0.046432884404142304 3 1
71 12.515588806469225 0.5102399216994136 3 1
72 13.016555372236873 0.630590531207042 3 1
73 14.429203646068899 0.29358907906969095 3 1
74 13.8123433846012 0.25455908750089534 3 1
75 13.413531254177705 0.1407684469297669 2 1
76 15.70590017463666 0.058785928502698315 3 1
77 14.840145610963617 0.21330546032150274 3 1
78 14.725012195992122 0.27548050143932634 3 1
79 15.710683678689698 0.30055558923923603 4 1
80 15.722289922180813 0.3567697771845025 4 1
81 15.347058889891258 0.4729374450174125 4 1
82 14.277780893977788 0.5798911019066956 4 1
83 14.484189713619394 0.5131429290182025 4 1
84 14.327274801378728 0.5043317737578841 4 1
85 14.857658298810481 0.4473596874858206 4 1
86 14.989968057883392 0.4814982945945628 4 1
87 14.836177029834971 0.5225208049116392 4 1
88 14.249352567622445 0.5670869495556101 4 1
89 13.400347863936318 0.6352550161483109 4 1
90 12.330020228945646 0.7707332145587087 4 1
91 12.048873341453564 0.819948039239739 4 1
92 11.84949043445743 0.8272754978310939 4 1
93 11.725881282553388 0.8335959080785321 4 1
94 11.522056321500934 0.8384732341173798 4 1
95 11.40434094557829 0.8442091789343544 4 1
