8 13.903159433161566 0.22841813190850083 0 1
9 17.517087514429555 0.04856598873530886 1 1
10 17.61998159445586 0.0310388215664594 2 1
11 14.756107905831797 0.37480555263503795 2 1
12 14.59092856999117 0.4083073632499124 2 1
13 12.012695442491523 0.4418803481057801 3 1
14 12.823612381728875 0.38899253672480993 3 1
15 15.798415623724281 0.17232370154662283 3 1
16 17.100158400854504 0.08237457626012942 3 1
17 15.850487716232784 -0.01582899338176269 3 1
18 15.693408341455356 0.16166532870907038 3 1
19 13.666807204213068 0.4257451616239519 3 1
20 14.124483584081922 0.06405617361405445 3 1
21 17.11641750413937 0.0561507045743638 3 1
22 17.808128847394233 0.017237039617658347 3 1
23 18.146218608854795 -0.010330267428037516 3 1
24 17.613475299441003 -0.01942400816137223 3 1
25 16.921263479349314 0.0809421293586707 3 1
26 14.178389791974915 0.3919695021101891 3 1
27 13.28340026642583 0.4336260363756215 3 1
28 13.26535070249253 0.6013128531182805 3 1
29 12.137436776806954 0.6480348615471305 3 1
30 12.797099388154482 0.6550145340503655 3 1
31 13.057339742825071 0.529826830376493 3 1
32 14.265745365616937 0.42901106966950886 3 1
33 11.107202772730684 0.6706336757103036 3 1
34 10.72513876196387 0.8487246724895783 3 1
35 9.485470797362023 0.7499520445567648 3 1
36 16.11965495943385 0.0526023624202816 3 1
37 18.41989893489341 -0.031182725129122867 3 1
38 17.874844973799576 0.03210873047147858 3 1
39 16.948576544144018 0.13230346557415842 3 1
40 14.729608208454163 0.37372395038729633 3 1
41 14.336500360816007 0.6075334423668511 3 1
42 14.664392004057298 0.5900525783408634 3 1
43 14.799842927235815 0.5812293804453751 3 1
44 14.699344107117405 0.5531749519503836 3 1
45 14.33914157345276 0.5765676473079346 3 1
46 13.80643038125353 0.6297990589343783 3 1
47 13.528881300380291 0.6604377815990788 3 1
48 11.188643975289416 0.7823776533417723 3 1
49 13.057160185075652 0.8088633560394869 3 1
50 13.132028721559617 0.7951204780532483 3 1
51 13.034110795384194 0.7901846016922988 3 1
52 12.468421791327092 0.7830224938059241 3 1
53 11.107052724411481 0.5215681547721432 3 1
54 13.909332031563167 0.1358498276196749 3 1
55 17.451562956039893 0.02418979832023365 3 1
56 18.723338263746747 -0.06865403338568844 2 1
57 18.222366718181213 -0.043008899666632086 3 1
58 13.798862767634297 0.4214451691157085 2 1
59 14.57831686149919 0.2749519327513125 3 1
60 15.084491298604156 0.1920677427240658 3 1
61 15.788386323116569 -0.010008553735393503 3 1
62 16.295009960187592 -0.18096261957534576 3 1
63 17.578005328835513 -0.2854148058845484 3 1
64 15.865203449885026 -0.22042572928928023 3 1
65 14.782196061429971 -0.24839093659360495 3 1
66 15.876635593087101 -0.2694438202227604 3 1
67 15.70187306790459 -0.25611725593940293 3 1
68 15.221830047367828 -0.16999865290777336 3 1
69 15.094778627891394 -0.05502923797998483 3 1
70 13.480394407256362 0.39730785295157334 3 1
71 14.576824333851356 0.46214239565578935 3 1
72 16.284066907741177 0.2728372863337193 3 1
73 15.739335763179504 0.30736161697248476 3 1
74 15.831943690482731 0.44615678874471104 3 1
75 14.543913347718412 0.6480295629445538 3 1
76 11.14198694506226 0.8783333435170546 3 1
77 11.751573823543417 0.8678588750301648 3 1
78 11.845611986447022 0.8151812727003891 3 1
79 11.725709892246357 0.8149290351370846 3 1
80 10.069720648005582 0.853494201274289 2 1
81 11.285104587657223 0.8729228437774512 3 1
82 10.393010901966054 0.8878710219204625 3 1
83 10.786139421977857 0.8838663135557158 3 1
84 10.762400809515707 0.8733689297936522 3 1
85 10.430397135098403 0.8807625890268559 3 1
86 10.453794928508465 0.8790419766785343 3 1
87 10.201153138395172 0.886378370474782 3 1
88 10.740800541092959 0.859951599442957 3 1
89 10.540735556947208 0.8692271505627257 3 1
90 10.440531397454734 0.8691540458660839 3 1
91 9.533797099641482 0.9208485872302301 3 1
92 11.119074059461859 0.7692303381776371 3 1
93 12.955778319748045 0.6347661852599642 3 1
94 12.065814953943928 0.6619711666747937 3 1
95 11.98698774130898 0.6641026212612171 3 1
