12 6.543745690931555 0.8950748629796763 0 1
13 6.1349383912833915 0.7665508249459128 1 1
14 13.948082568570577 0.2585337297211307 2 1
15 16.191398910403223 0.09225462930611972 2 1
16 14.753509959803246 0.17944797405452662 2 1
17 10.28748112895131 0.6445800384200296 2 1
18 13.143474639214098 0.06140596320788142 2 1
19 18.352812181545556 -0.1377678883023966 2 1
20 19.17217431524115 -0.1744030556428702 2 1
21 13.80276807168011 -0.023950196451498217 1 1
22 11.298784053909781 0.8285508475030233 1 1
23 12.00028079784401 0.5283204592364243 1 1
24 11.268461461805593 0.5767687122347752 2 1
25 16.591326852965935 0.178768278051503 2 1
26 18.646233635324002 -0.03515106074933744 2 1
27 18.259037336130188 -0.02387951673136764 2 1
28 8.455924819338307 0.8613478270019805 2 1
29 14.070791057820493 0.22848899465966058 2 1
30 15.7344798921241 0.11991244151639863 2 1
31 15.28742649341789 -0.053901651011841925 2 1
32 15.533380170552498 -0.11661645112255159 2 1
33 14.677300080687885 -0.12418615505347844 2 1
34 12.155813787443307 0.12876972734107714 2 1
35 13.237594624695337 0.19960539862987026 2 1
36 14.109616367730887 -0.18153471616217942 2 1
37 15.511994539136097 -0.2608420250907224 2 1
38 10.532813067977969 0.13388048556899926 2 1
39 13.313421664512703 0.5180819639469357 2 1
40 15.624966103499496 0.16551831854270083 2 1
41 16.275052590650205 0.10980714283105253 2 1
42 13.501377043744007 0.4867116892021999 2 1
43 9.90543069265163 0.5398922687223944 2 1
44 11.691407467433372 0.5273836325377778 2 1
45 13.011117589815335 0.44245466520759485 2 1
46 15.911384634771192 0.046278306437216414 2 1
47 16.87904488055682 0.1345350510114085 2 1
48 15.022157272185297 0.3668143529418647 2 1
49 12.899485261190797 0.6292841225645913 2 1
50 13.209987390702427 0.8007617147652977 2 1
51 11.691838507145427 0.8323261962326527 2 1
52 11.460881606409348 0.806494375274125 2 1
53 10.04452040926273 0.832478198722572 2 1
54 11.08133188078827 0.725185310457229 2 1
55 11.41656110071752 0.23341289666361462 2 1
56 16.964280711891053 -0.01312724759922417 2 1
57 16.940927126488226 0.03951502562659011 2 1
58 16.906789003395378 0.04731896629821127 2 1
59 14.38332818963086 0.4303032599113561 2 1
60 12.09440003050631 0.6876179770380052 2 1
61 9.679353320945392 0.6589177145739067 2 1
62 14.363622043406156 0.3518225723144141 2 1
63 14.613535736579788 0.2405986110856091 2 1
64 13.466299281110558 0.047236736256945036 2 1
65 14.258155811696653 0.021300356583202947 2 1
66 15.223475993715923 -0.0033182788770923137 2 1
67 14.560134317993707 0.002934271808903947 2 1
68 14.98195195368622 -0.0957313379321961 2 1
69 15.361468765749095 -0.20132277867260073 2 1
70 15.064952932921983 -0.19575745762224467 2 1
71 15.522588753717574 -0.18034320410143076 2 1
72 14.355969086349763 -0.1169179675466008 2 1
73 15.642392575039146 -0.023015780223242296 2 1
74 15.550530876967606 -0.00022499908548977867 2 1
75 15.611457448617259 0.009147607986070219 2 1
76 15.017551358719164 0.11063769988394151 2 1
77 14.862093837854744 0.27337332928773933 2 1
78 13.683651548577199 0.5054399626540321 2 1
79 13.425702668877229 0.6241429951173838 2 1
80 14.87845373005926 0.4058110319348254 2 1
81 15.546711579726978 0.28268457510127587 2 1
82 14.869966490899166 0.23138790138314266 2 1
83 12.62463993373365 0.4251921275028586 2 1
84 9.674157952975182 0.6939537310646448 2 1
85 10.621363972535569 0.828058134553408 2 1
86 11.04340837240434 0.8486576746472295 2 1
87 10.815101461880218 0.8523181122054981 2 1
88 7.926901318500962 0.90677581856375 1 1
89 7.685073029349063 0.9052163350798645 1 1
90 7.917783648991222 0.9315098482070987 2 1
91 9.926248859315177 0.5742247221620548 2 1
92 11.299092035917155 0.5955010002144968 2 1
93 11.261507178936963 0.5958429053275787 2 1
94 9.464511406358444 0.762013379897122 2 1
95 11.42205890006202 0.836976277857021 2 1
