18 2.2926762222603836 -0.06948143839342032 1 1
19 0.740597878867419 0.6159299646693283 2 1
20 1.3362920154647426 0.46209080636841693 2 1
21 2.1739086213565333 0.26235151625278574 2 1
22 2.2581510504534865 0.1260443073855299 2 1
23 2.827828615367916 0.1625918974156482 2 1
24 2.677325445469453 0.15944930161492915 2 1
25 3.511995128258344 -0.018546747678126578 2 1
26 2.2353400102951726 0.28372482843095614 2 1
27 0.6841330228534241 0.8051296477943949 2 1
28 0.6875785101476541 0.7362676559247074 2 1
29 1.6124663550769611 0.3024912018001955 2 1
30 0.8675955301263238 0.633596501019452 2 1
31 1.7872547174945357 0.38421517700071667 2 1
32 1.9502383473955245 0.2337200647086993 2 1
33 1.4680186801731878 0.4710118237835034 2 1
34 1.9648562243979608 0.3047696816124941 2 1
35 2.4708043210002817 0.03879932869548966 2 1
36 2.3169268179901863 -0.03468962642134839 2 1
37 2.5160057470019552 -0.03990407038138008 2 1
38 2.0885037507308954 0.07731260761257469 2 1
39 0.8996438739200778 0.6694390181252958 2 1
40 1.1298743930779498 0.5432246918955963 2 1
41 1.9846939101914067 0.3256353021673273 2 1
42 2.5367157198398598 0.15595806111465735 2 1
43 1.6266316894689545 0.35720596888765466 2 1
44 2.7284008434843727 -0.14191394003000846 2 1
45 2.9616785254843307 -0.1867562929745379 2 1
46 2.917443527341166 -0.18141663248804576 2 1
47 4.60704776539257 -0.2071148884930701 2 1
48 3.4276300196657106 -0.1714878627432077 2 1
49 2.568614658785065 -0.11065526574720379 2 1
50 2.288752565681796 -0.08891429418180291 2 1
51 2.332748085377199 -0.09482481400145382 2 1
52 3.262857757238087 -0.30535226519138026 2 1
53 1.2934035204684902 0.47327351331100664 2 1
54 1.1538903870075314 0.5592747792782826 2 1
55 1.3239932766904703 0.3833358241027741 2 1
56 1.0744773821645648 0.49167523715663397 2 1
57 1.971633919570035 0.28576978866730146 2 1
58 2.3293105508618446 0.266753465213174 2 1
59 2.748018269910287 0.1916215412848401 2 1
60 2.3733421578696037 0.2899528106290134 2 1
61 1.9591883506040038 0.32735203925442136 2 1
62 1.2663088293790183 0.4328360473493286 2 1
63 2.3289210610115987 0.08739654250971854 2 1
64 2.22091393399454 0.10435016410254945 2 1
65 1.4456836182089576 0.3028527721647778 2 1
66 2.6097469589569746 0.1807896318062767 2 1
67 3.4821430200109518 0.02459812110741371 2 1
68 4.487416562779426 -0.13897770167840007 2 1
69 4.224367642251439 -0.11497354674562081 2 1
70 4.356397738411378 -0.12643670768221416 2 1
71 4.20482774592799 -0.10234502778579925 2 1
72 2.9126169794881527 0.1358265591187417 2 1
73 2.816404268728391 0.11315740587579848 2 1
74 0.9854266288289697 0.6046134004538347 2 1
75 2.2763246476346737 0.1330337753719158 2 1
76 2.0118420769359933 0.25320919373175177 1 1
77 1.8110157453635116 0.3448202607889002 2 1
78 1.9185659655814984 0.20864588730622932 2 1
79 1.4086515943134863 0.32514001640061146 2 1
80 1.1506492757911762 0.46702316870172467 2 1
81 1.132822346804721 0.48465338028403504 2 1
82 1.2722922238816148 0.5119661033064449 2 1
83 0.8155954284153761 0.7019911696979568 2 1
84 0.9618933980242499 0.6325426454517954 2 1
85 1.9751047507894457 0.2849571821520108 2 1
86 1.8297339749737533 0.3840316522614504 2 1
87 2.1305046096139595 0.38862601480083275 2 1
88 1.3470306671889345 0.5658470773832441 2 1
89 0.806168516728957 0.7467120309432616 2 1
90 0.552827851867348 0.8595682610383925 2 1
91 0.952511260748441 0.6825057660487722 2 1
92 0.6126065027716612 0.8343948735821193 2 1
93 0.8025643304289325 0.7223312943263304 2 1
94 1.5710348484836558 0.36104353150941937 2 1
95 1.6341833739556977 0.43544565294051546 2 1
