16 6.495529054276961 0.8474241075804468 0 1
17 7.874291745550551 0.7706212108835079 1 1
18 10.652299288299464 0.38437656178332064 1 1
19 9.196323045727851 0.533468546866319 1 1
20 5.773906498907092 0.7588913782084707 1 1
21 18.35689470908159 -0.13464951060275565 1 1
22 18.973497826423838 -0.1159632071895066 1 1
23 18.171087837359458 -0.00662830682197701 1 1
24 14.665775845609097 0.5171304236796694 1 1
25 14.967553239926126 0.5186789734818047 1 1
26 14.1761029960918 0.5726198541813043 1 1
27 13.06236721718151 0.6804405659213805 1 1
28 12.825370872849945 0.8087918318218728 1 1
29 12.832522141634904 0.8165715608655686 1 1
30 11.511073375058537 0.8350289519489854 1 1
31 9.725645234424237 0.8771317752340321 1 1
32 8.423771400597111 0.811234182156126 1 1
33 10.45140668944103 0.5553924054341607 1 1
34 11.050615128803997 0.24889380246554435 1 1
35 17.12210150526322 -0.0732758147245066 1 1
36 18.464474005580385 -0.20667135595852223 1 1
37 18.59101319305606 -0.3022509156351769 1 1
38 17.76780699975498 -0.26067571471015705 1 1
39 15.541507354420965 -0.17144010123355183 1 1
40 15.569430122160504 -0.06504746255495643 1 1
41 16.337724117745516 -0.264265507991233 1 1
42 16.943581073930336 -0.3270004282055917 1 1
43 16.759617391183323 -0.21337425842671512 1 1
44 16.933815678637032 0.044464707927440214 1 1
45 16.939050349552705 0.13593754024769447 1 1
46 16.613121442605376 0.24264759054001953 1 1
47 15.875908081804265 0.41928722699372 1 1
48 14.590842293863862 0.5600214864728273 1 1
49 13.922977681202994 0.6501658641013147 1 1
50 13.539613368327444 0.6753294702849438 1 1
51 13.412634370854917 0.6757456458162063 1 1
52 13.145990555723095 0.6830273767769889 1 1
53 10.610947566865384 0.7616631868756853 1 1
54 12.412492306484495 -0.1782342414099215 1 1
55 17.289827172130245 -0.2907458496193381 1 1
56 16.69917837172271 -0.22951277343688709 1 1
57 14.825001483961408 0.19118822238727878 1 1
58 14.742283085679386 0.37194678667549846 1 1
59 13.755618636517383 0.3429429853051133 1 1
60 11.685117978081458 0.47748444245774596 1 1
61 13.984380307164543 -0.029440668967976803 1 1
62 17.366546839028853 -0.14933417112303032 1 1
63 15.461874608611424 -0.10291352696650675 1 1
64 11.963825884438528 0.17764652018606028 1 1
65 14.474436198840024 -0.11004110525149784 1 1
66 9.903111200308215 0.4155896424315702 0 1
67 8.982446634008443 0.479715186022677 1 1
68 19.48550208416479 -0.2774856772971349 0 1
69 17.212235682932914 -0.08462106558994878 0 1
70 7.015210335034009 0.8682774105954503 0 1
71 7.57330184163601 0.4386923410893048 1 1
72 18.130835272927058 -0.08560350022021213 1 1
73 19.336666865563366 -0.12744621479789606 1 1
74 16.00673813339829 -0.05133457847879404 1 1
75 13.254919307094443 0.10730201967648824 1 1
76 13.199907978855094 0.18349224042680484 1 1
77 14.21315939130995 0.2864516930472894 1 1
78 14.408197972121002 0.2407971630380812 1 1
79 13.611223456390832 0.5579009759429188 1 1
80 13.808736600884234 0.7214478534513963 1 1
81 13.447863580886999 0.6671431059517576 1 1
82 12.961866387176237 0.49060735850035286 1 1
83 12.713128198667768 0.4011689420143127 1 1
84 10.703537767850428 0.524490588240473 1 1
85 9.478341681375793 0.6453457599296453 1 1
86 10.554989187739622 0.6881283585729357 1 1
87 10.252079234957202 0.7103407295029471 1 1
88 9.019071308678072 0.757017781098245 1 1
89 7.015690340641839 0.9054913581361357 1 1
90 8.85531997409072 0.7125333803000085 1 1
91 8.6764874020204 0.7063933426679315 1 1
92 7.021008918895614 0.8790870630695272 1 1
93 10.054855339540598 0.647247001985084 1 1
94 10.540119216049895 0.5652731646137817 1 1
95 13.274688733439344 0.13196825047737415 1 1
