2 1.1506844709654356 0.591352955272342 1 1
3 1.0200841253231605 0.47438985500240666 2 1
4 1.2196245098774963 0.3550222485328788 3 1
5 1.2086059868218975 0.35614325635088073 3 1
6 0.7069431489924503 0.6526784636484619 4 1
7 1.6702660802932474 0.45782823067261014 4 1
8 2.457405270813573 0.28646241286167523 4 1
9 1.947197545090141 0.3469164832400188 4 1
10 1.5851689736683419 0.3661004302911123 4 1
11 1.3073235337511475 0.4315223799362231 4 1
12 0.6679414868254812 0.726091916214854 4 1
13 0.8472998036804338 0.6369897454058738 4 1
14 2.3288614311930367 0.04252374262154448 4 1
15 4.714807739032372 -0.22731957121455568 4 1
16 3.8546739173987197 -0.1935685317326602 4 1
17 3.0660417235749655 -0.13321340030110243 4 1
18 2.9084972407492566 -0.08280568582653333 4 1
19 2.694631881232149 -0.03742775088021964 4 1
20 3.1410355839866986 -0.16942161460479296 4 1
21 0.4320875177550265 0.8229649258960007 4 1
22 1.4101644198870993 0.265330474135845 4 1
23 1.5808397887303096 0.22907470328288349 4 1
24 1.4264929796128287 0.2746243655146537 4 1
25 1.703781010161185 0.30208720679731926 4 1
26 1.481191741975671 0.4546915173711945 4 1
27 0.9500611960390577 0.6828741851804662 4 1
28 1.061691768545745 0.5597496373052824 4 1
29 1.2727460862576256 0.3959560109091354 4 1
30 1.2334422041360247 0.40702228332075713 4 1
31 0.771284867629439 0.6993108466824538 4 1
32 0.805583147506101 0.7124746270325909 4 1
33 1.134558806232059 0.6141698043468439 4 1
34 0.6005506764540849 0.8241086159263111 4 1
35 0.7889188098404336 0.7286227264119747 4 1
36 0.8272309446749588 0.7220871311428703 4 1
37 0.7587237660632642 0.7412416899948219 4 1
38 0.6652442967393153 0.7977660722834461 4 1
39 0.5574972200101946 0.8671663869151126 4 1
40 0.7062781980502733 0.800836420388704 4 1
41 1.0661338635038708 0.6759166591028368 4 1
42 1.0963998415820138 0.6664489780793246 4 1
43 0.9485218874959447 0.7108278631894649 4 1
44 0.8782656387260754 0.7304731527346702 4 1
45 0.8698652399591662 0.7274918599527141 4 1
46 0.6071789826854213 0.7766173280045321 4 1
47 0.9811285711711442 0.6043228261913345 4 1
48 0.8822993832128629 0.64317858946975 4 1
49 0.692841908284092 0.7641674714763216 4 1
50 0.6348564497077556 0.817143334416031 4 1
51 0.52649898817271 0.8222973943493322 4 1
52 0.9817183247311396 0.572319611146115 4 1
53 1.241500360816305 0.38304415876577946 4 1
54 0.9937932880825029 0.5041941357464828 4 1
55 0.6734106256576551 0.7686878278226741 4 1
56 0.6477621582442676 0.7607890801362699 3 1
57 1.0342465227672317 0.5535195037299817 4 1
58 0.8840885021013518 0.6349676929244638 4 1
59 0.7694910736034837 0.7154836322582299 4 1
60 0.7560068116250536 0.7048861323925841 4 1
61 0.9636790916940408 0.605411454813052 4 1
62 0.8948083267874702 0.659581787910231 4 1
63 0.8846725093820149 0.6819832996380681 4 1
64 0.8196350983936069 0.7204780442137064 4 1
65 0.7508489894854229 0.7550794169863326 4 1
66 0.7040220991756705 0.7790510438432884 4 1
67 0.5722045197883281 0.8210860501248346 4 1
68 0.6744993657022471 0.7443249689730399 4 1
69 0.5344517088465617 0.8515005870866035 4 1
70 0.5211053721419772 0.8519963709606638 4 1
71 0.58477494239055 0.8222012392185152 4 1
72 0.4989866247237025 0.8410559318940785 3 1
73 1.3092891583145185 0.5065530860415671 3 1
74 1.5609604776557253 0.42507277738848975 3 1
75 0.8615673756974163 0.6294602974891188 4 1
76 0.8654782599625728 0.6190234452541216 4 1
77 0.807878652131123 0.685099648659342 4 1
78 0.8314094758460886 0.6704679617273811 4 1
79 0.8227063492662587 0.670652001378616 4 1
80 0.8706465506681651 0.625432028824988 4 1
81 0.9293083248445715 0.5635125051078546 4 1
82 0.9918173327910482 0.5317171196221714 4 1
83 0.9459408588516709 0.5532182702946251 4 1
84 1.113676810187238 0.40128012217845105 4 1
85 1.6572443618848878 0.2819576361312774 4 1
86 1.6274084528915163 0.4150495376318551 4 1
87 1.3009685362687486 0.5555336476775419 4 1
88 0.699197770961602 0.7723176277200318 4 1
89 0.6486864474201735 0.8024610942920907 4 1
90 0.7044206248660387 0.7693879143532528 4 1
91 0.7414858856083466 0.7458655620341338 4 1
92 0.7155732492176625 0.7626327652093541 4 1
93 0.7465966600712646 0.7532100403722032 4 1
94 0.7052625197660882 0.7820857974081166 4 1
95 0.6838554965226589 0.7963160025317942 4 1
