8 1.6830347329621054 0.2815017765184012 0 1
9 1.7369387629007011 0.12297421463815703 1 1
10 1.8056929677154159 0.04300871973148121 2 1
11 1.8300978691094043 0.07695446483369225 2 1
12 1.7711210820368803 0.10113852087064062 2 1
13 1.6391642005667686 0.15081544237954073 3 1
14 1.7406935216397112 0.21609585705085219 3 1
15 1.5680523224712921 0.3032902193770032 3 1
16 1.660997897399115 0.2903784709028081 3 1
17 1.5827086738393294 0.1850530651476802 3 1
18 1.917979903944115 0.019600875041668592 3 1
19 1.9597765841202968 -0.013153297472851566 3 1
20 1.6109336106585452 0.23214462886217457 3 1
21 1.511413855974082 0.27928285842167744 3 1
22 1.696650980007644 0.1866487100704633 3 1
23 1.5879798211304594 0.26992154323178363 3 1
24 1.4933659772982493 0.2970378202928796 3 1
25 1.903282660670798 0.06237408198304201 3 1
26 1.8858055221443681 0.09239568796801409 3 1
27 0.9536729888052875 0.7397984805118871 3 1
28 0.9107894149428271 0.8269025345511201 3 1
29 0.9598620481274436 0.7808472763459415 3 1
30 1.267128193299838 0.433694573400783 3 1
31 1.235633205177713 0.3449350981995012 3 1
32 1.3883643549036364 0.3531206455026158 3 1
33 1.3079005649626492 0.47726315499213134 3 1
34 0.8181280649564568 0.6272784494032283 3 1
35 1.9403472605458658 -0.07867941338323518 2 1
36 1.3250936742099464 0.05503522014954413 2 1
37 1.1087775201430814 0.5062147346066752 3 1
38 1.0396989625770257 0.5810340043975358 3 1
39 1.8052931024483385 0.14097999486592583 3 1
40 0.6244248479241294 0.7160122845518486 3 1
41 1.2686131968067533 0.24718222259118172 3 1
42 2.2020856329858285 -0.2495979920026476 3 1
43 1.7739647152469225 -0.1535834150389265 3 1
44 2.0404120839994775 -0.0216322169183425 3 1
45 2.011989995083999 -0.0764941766342566 3 1
46 1.7773165690188844 0.04616725212862644 3 1
47 1.613117574164968 0.19473234403816503 3 1
48 1.6660371911219425 0.22613972816407907 3 1
49 1.6055033757670705 0.2857360889196836 3 1
50 1.617955885976614 0.29048770148689645 3 1
51 1.661254297431693 0.32057858243523807 3 1
52 1.3248388241051021 0.6071842409589022 3 1
53 1.2776690519713103 0.6386386626003189 3 1
54 1.515899847631875 0.4479591086211449 3 1
55 1.2923436126051513 0.6292407330510047 3 1
56 1.1008203153587717 0.7425854373641203 3 1
57 1.0450746217051927 0.7758689169387616 3 1
58 1.333260096202995 0.42353747777412004 3 1
59 2.3062069935365175 -0.15080497410897936 3 1
60 2.421597017958269 -0.24472009148488896 3 1
61 2.1383075464021806 -0.07667303437196626 3 1
62 1.8868081657932025 0.1429998366457348 3 1
63 1.75825022491217 0.2543654412613386 3 1
64 1.6559641390757127 0.2701499041552388 3 1
65 1.7505541642821711 -0.02103081904024691 3 1
66 1.9677161164927082 -0.38525812269715504 3 1
67 2.0352110001901513 -0.4168483373012928 3 1
68 2.044597779803496 -0.3440447579470557 3 1
69 1.7463508167615043 -0.26975947541104883 3 1
70 1.7868770542540684 -0.10964085373122129 3 1
71 1.5754226746766884 -0.07683266694464096 3 1
72 1.5572979105414628 -0.07194438830477326 3 1
73 1.413469245945751 0.18477610603752156 3 1
74 1.3378664106999656 0.39438958702960364 3 1
75 1.5494614964836266 0.34799703238676105 3 1
76 1.5717251585769247 0.3089423563834873 3 1
77 1.638121924572463 0.24613688770791883 3 1
78 1.5006409247115657 0.411446124335817 3 1
79 1.005083513355892 0.7619231224830416 3 1
80 1.367100659665958 0.590297009863935 3 1
81 1.3864159132247655 0.5875525247119003 3 1
82 1.3349646635521477 0.6081795268711301 3 1
83 1.3176120313341508 0.5976754886053601 3 1
84 1.087776717961952 0.7871248703060841 3 1
85 0.8858476278351102 0.8698791491999619 3 1
86 0.842817884117478 0.8859343028784997 3 1
87 0.6957325640025456 0.9113815712618802 2 1
88 0.6693051310097999 0.9218933186559618 2 1
89 0.6560735316476123 0.9210216854324603 2 1
90 0.5828276176843872 0.8506745870500788 1 1
91 1.1879513205024477 0.5358307819613887 2 1
92 0.985219014451304 0.5991056112878083 2 1
93 0.8348863426732835 0.7281214309704384 3 1
94 1.547472188949249 0.21296147805479407 3 1
95 2.1041180486981172 -0.2406153473001404 3 1
