8 15.276001014925612 0.2815017765184012 0 1
9 16.603319320048797 0.12297421463815703 1 1
10 16.813015734400164 0.04300871973148121 2 1
11 16.80424498879446 0.07695446483369225 2 1
12 16.426712181970014 0.10113852087064062 2 1
13 15.731087830950294 0.15081544237954073 3 1
14 16.249967899722783 0.21609585705085219 3 1
15 14.852291728760324 0.3032902193770032 3 1
16 15.66189005314601 0.2903784709028081 3 1
17 14.487922398513597 0.1850530651476802 3 1
18 16.75327664227433 0.019600875041668592 3 1
19 16.54203609898377 -0.013153297472851566 3 1
20 14.532020736234415 0.23214462886217457 3 1
21 13.244806399298323 0.27928285842167744 3 1
22 15.106912284741448 0.1866487100704633 3 1
23 14.176073267988365 0.26992154323178363 3 1
24 13.269622905161729 0.2970378202928796 3 1
25 16.2495650345546 0.06237408198304201 3 1
26 15.758858656088748 0.09239568796801409 3 1
27 10.693206322683828 0.7397984805118871 3 1
28 11.14851812713379 0.8269025345511201 3 1
29 11.035979777873884 0.7808472763459415 3 1
30 13.221621479335244 0.433694573400783 3 1
31 13.338024370107007 0.3449350981995012 3 1
32 11.510535766512927 0.3531206455026158 3 1
33 10.632801903055892 0.47726315499213134 3 1
34 8.127553542679605 0.6272784494032283 3 1
35 16.1499736788075 -0.09950647545603235 3 1
36 11.842797407976686 0.04557861424787846 3 1
37 11.191637455994961 0.5062147346066752 3 1
38 11.153678800365231 0.5810340043975358 3 1
39 16.76923544736239 0.14097999486592583 3 1
40 7.392689906121699 0.7160122845518486 3 1
41 12.374802931683718 0.24718222259118172 3 1
42 17.736565000840457 -0.2495979920026476 3 1
43 16.417477206732293 -0.1535834150389265 3 1
44 18.257115634891086 -0.06131081467231186 2 1
45 16.114356786467166 0.08966036179949324 2 1
46 16.60918824478362 0.04603818918955501 2 1
47 15.16051328538099 0.27181365192175044 2 1
48 13.97105882627114 0.47310889728001715 2 1
49 15.77556636589604 0.28277671995222825 2 1
50 15.551561000432574 0.3326441107226722 2 1
51 14.249509373231199 0.6699809135576609 2 1
52 14.3635844120614 0.6071842409589022 3 1
53 13.903034332913364 0.6386386626003189 3 1
54 15.549859042369789 0.4479591086211449 3 1
55 14.344793143734279 0.6292407330510047 3 1
56 12.534947238360047 0.7425854373641203 3 1
57 11.957913390201206 0.7758689169387616 3 1
58 11.924333782152491 0.42353747777412004 3 1
59 17.535383217836873 -0.15080497410897936 3 1
60 18.073419426871762 -0.24472009148488896 3 1
61 15.735771459497197 -0.07667303437196626 3 1
62 15.396802235710258 0.1429998366457348 3 1
63 15.001024505035709 0.2543654412613386 3 1
64 15.704655908055777 0.2701499041552388 3 1
65 15.366805799635777 -0.02103081904024691 3 1
66 15.560565790320148 -0.38525812269715504 3 1
67 16.60341367493877 -0.4168483373012928 3 1
68 16.905362937128384 -0.3440447579470557 3 1
69 14.282144977861687 -0.26975947541104883 3 1
70 15.6660660531602 -0.10964085373122129 3 1
71 13.477027510280529 -0.07683266694464096 3 1
72 13.466073182749302 -0.07194438830477326 3 1
73 13.797031277974344 0.18477610603752156 3 1
74 13.846751891554675 0.39438958702960364 3 1
75 15.27088630827653 0.34799703238676105 3 1
76 15.532234507562023 0.3089423563834873 3 1
77 15.778382191865003 0.24613688770791883 3 1
78 14.775483481912538 0.411446124335817 3 1
79 11.970207222538598 0.7619231224830416 3 1
80 14.228601713001424 0.590297009863935 3 1
81 14.455864334193883 0.5875525247119003 3 1
82 14.092158575015958 0.6081795268711301 3 1
83 13.888743301152783 0.5976754886053601 3 1
84 12.824652032197996 0.7871248703060841 3 1
85 11.36469885848561 0.8698791491999619 3 1
86 11.134808055206157 0.8859343028784997 3 1
87 11.019127656008195 0.8979569171632578 3 1
88 10.945663216439378 0.9032731701665943 3 1
89 10.993461063952914 0.8983379837678416 3 1
90 9.485477334317267 0.8074905258627508 3 1
91 10.7402848885141 0.507158018117016 3 1
92 10.154674410987287 0.6526925324517897 3 1
93 8.68526102733617 0.7281214309704384 3 1
94 11.26902662482994 0.21296147805479407 3 1
95 16.30506373968977 -0.2406153473001404 3 1
