2 1.2607865983294406 0.533816571122284 0 1
3 1.1668707033347072 0.5760461984669829 1 1
4 1.22723432818238 0.5703608081352017 2 1
5 1.0908887385596895 0.6481708633844099 2 1
6 1.1731436786097182 0.5601660669509594 2 1
7 1.4119770211364244 0.4319073902464002 3 1
8 1.3553166702203923 0.47971618062012494 3 1
9 1.2088195194207971 0.5964111009856911 3 1
10 0.862732198646337 0.8275478256049569 3 1
11 0.8626390638496124 0.878658442973655 3 1
12 0.879502848812936 0.8491811962657885 4 1
13 1.1049665011757126 0.6776049605229927 4 1
14 1.1660075843458237 0.5457562754363353 3 1
15 1.5072601959304777 0.33951156006251326 4 1
16 1.4985580145687214 0.3542281686745489 4 1
17 1.198850746215629 0.5432074222559261 4 1
18 0.9459313654759374 0.6236187546276497 4 1
19 1.652138965215343 0.21393256825342855 4 1
20 1.5853845401394455 0.302799313500095 4 1
21 1.64318362781186 0.22579693965905612 4 1
22 1.6091172882313538 0.2790381198485598 4 1
23 1.5995496460226892 0.2790943167812212 4 1
24 1.3993526827373373 0.48468672510807587 4 1
25 1.4761950458663806 0.41440103057189676 4 1
26 1.5026248419448711 0.38051096300183734 4 1
27 1.4694456561117093 0.40983699258534106 4 1
28 1.108942584104173 0.6235879116231957 4 1
29 1.0545534305271218 0.7514200684696645 4 1
30 1.0482776163777316 0.6687609964074995 4 1
31 0.8942862836165517 0.8185058495954836 4 1
32 0.7472281201312239 0.8028479132511475 4 1
33 1.5381788665393836 0.2362974572777293 4 1
34 1.7305591250335715 0.19348108216182702 4 1
35 1.7483139628652538 0.19545262640604924 4 1
36 1.9170524935930793 0.07445349607742315 4 1
37 1.973468610807708 0.032019512544887364 4 1
38 1.5973333245368941 0.2954581476267575 4 1
39 1.224675641323313 0.6294094047768382 4 1
40 1.247444799525578 0.6232669218120933 4 1
41 1.2579173407471211 0.6098954934144755 4 1
42 1.2552657901791973 0.6134498435835698 4 1
43 1.2386546070046327 0.6119320518638116 4 1
44 1.1676654709110377 0.6657153886054454 4 1
45 1.102638001417338 0.7088596168579627 4 1
46 1.0516231375018181 0.7366250458663145 4 1
47 0.7577642346706215 0.9075121116420691 4 1
48 0.9680515700252643 0.716587071704123 4 1
49 1.6906502581028127 0.21306040485368422 4 1
50 1.498832442861893 0.3458231890462893 4 1
51 1.3296663105364726 0.4584207648452867 4 1
52 1.2649040875343562 0.5378435446839382 4 1
53 0.6724058301179232 0.9033867325764728 4 1
54 1.039246965165308 0.7462476549839874 4 1
55 1.3364882702700616 0.5793798421730268 4 1
56 1.2053458864014592 0.634271224307681 4 1
57 1.119596567139796 0.6896911225746188 4 1
58 1.137134545910027 0.6373551357267907 4 1
59 1.326491069223536 0.4965340927515677 4 1
60 1.5203255486095664 0.34495778398411026 4 1
61 1.4953096354127187 0.3408548540033598 4 1
62 1.515588143506296 0.3415281613146809 4 1
63 1.3010871688957302 0.5357076452709271 4 1
64 1.3419783690082188 0.5312698162869799 4 1
65 1.4845410507910772 0.4150879961338395 4 1
66 1.4944805842921802 0.41817070609196705 4 1
67 1.391986725351484 0.5022843074182605 4 1
68 1.4072105140354738 0.42614936459724434 3 1
69 1.4436512967658546 0.4134810043489052 3 1
70 1.47716707538937 0.41282953991284665 4 1
71 1.477561768735578 0.4188437357222535 4 1
72 1.4789515881148647 0.414913696156469 4 1
73 1.4851068490138406 0.4023654557324994 4 1
74 1.4900127126649023 0.4077148164794291 4 1
75 1.3208245789390487 0.4844466183693537 4 1
76 1.1762835097250814 0.4221252443707019 4 1
77 1.7369678339268573 0.10998430209980219 4 1
78 1.8375368255184288 0.024026099598469144 4 1
79 2.0567812706701964 -0.07457704221850699 4 1
80 2.0250091806654087 -0.023134872886438708 4 1
81 2.013398531841668 -0.013891917163788292 4 1
82 1.7868383487856292 0.17709439586727002 4 1
83 1.5640597372435856 0.3900104918703178 4 1
84 1.4567728565568219 0.4660233301257944 4 1
85 1.441189367933001 0.47620897868303513 4 1
86 1.4574086866880522 0.4651990952322809 4 1
87 1.3098690671018058 0.5518653988246933 4 1
88 1.3080792775525056 0.5166485554824845 4 1
89 1.233265395058046 0.5695030866556037 4 1
90 0.7786809421762175 0.8491777308803224 4 1
91 1.1527266793772437 0.5565923133050232 4 1
92 1.3876719035241063 0.3822894677498076 4 1
93 1.7356895159300256 0.09151320929276621 4 1
94 1.842088581804867 0.02165691206980548 4 1
95 1.8763004826056662 0.027562586587432675 4 1
