16 18.979596142610298 -0.22886634876858464 0 1
17 18.99256185621077 -0.1506657617712763 1 1
18 17.671215578672204 -0.06571798716613822 1 1
19 7.087321910726949 0.8425040691257077 1 1
20 16.013628366748705 0.003168480353947079 1 1
21 17.72007222373884 -0.0799292929289734 1 1
22 14.818462773833883 0.051296110763573766 1 1
23 10.781763197310749 0.34502346289978447 1 1
24 12.106977387708582 0.25380293596301584 1 1
25 17.763145331845553 -0.10803057728159784 1 1
26 12.671685100744433 0.2510117374077302 1 1
27 9.168003444987203 0.8996276121718335 1 1
28 7.699628510853106 0.911030027933263 1 1
29 13.657047046247492 0.37273878818736156 1 1
30 7.341958950332719 0.6217849692761176 1 1
31 11.389419472629168 0.40404480777997276 1 1
32 16.983977106510572 0.019569092346403628 1 1
33 10.677896443419808 0.625771929181765 1 1
34 11.436425957168112 0.4400661433416065 1 1
35 13.965224049911512 0.0012039659419953413 1 1
36 16.79902886783597 -0.05982266786636496 1 1
37 17.533804843351756 0.027375580069790188 1 1
38 14.52356451917833 0.33686048953620634 1 1
39 10.495925778707829 0.8272932025156554 1 1
40 9.19695489839641 0.8755923943822106 1 1
41 10.984420719814779 0.48384549540292876 1 1
42 11.937230342486618 0.25854638707037786 1 1
43 7.8838455718256775 0.6648499302901348 1 1
44 14.118012401188338 0.08409803860841668 1 1
45 17.79568989405252 -0.08809759015598614 1 1
46 18.8513752569362 -0.13671029983246008 1 1
47 13.935262074866596 0.23798116540822886 1 1
48 14.893055978441595 0.2943326760541935 1 1
49 16.21555018633392 0.34689486364707534 1 1
50 14.559855082154847 0.2643675241053241 1 1
51 13.899603337843814 0.18794363543233164 1 1
52 15.147538148850842 -0.20344054037385906 1 1
53 14.294508766306592 0.07505165569506188 1 1
54 15.173679763694864 0.19585716383642626 1 1
55 13.585572570039584 0.4259971258840896 1 1
56 16.175708602941864 0.021179308859992998 1 1
57 16.151407344907277 -0.013221290322466423 1 1
58 13.215124636635966 0.3059505447456453 1 1
59 12.528111252461958 0.33528496136614866 1 1
60 10.812998458991938 0.5096267653152339 1 1
61 11.175948111264425 0.38254924195474155 1 1
62 12.557299333183725 0.43889709209746536 1 1
63 13.753068178790208 0.2009748539994668 1 1
64 12.098057667792784 0.3981654008151067 1 1
65 8.023570371512664 0.8673423767953017 1 1
66 14.278214000444244 0.3558356396373277 1 1
67 14.320205332684544 0.0005230440340502471 1 1
68 14.517990102564404 -0.00011389880734029557 1 1
69 12.9920834452261 0.11196991254240567 1 1
70 14.523003556326763 0.058654256555853254 1 1
71 14.418912095268066 0.03054715517817201 1 1
72 12.536757400479864 0.3247475183319455 1 1
73 13.89876449457762 0.3036558186942377 1 1
74 9.679764877592284 0.7551087773585515 1 1
75 13.160840903073574 0.18524222900996215 1 1
76 13.473428212741197 0.25004010063899584 1 1
77 10.633813940606586 0.5970332991483597 1 1
78 12.511496651599494 0.7015498831984249 1 1
79 6.711294019177716 0.8481813579283767 0 1
80 10.837922210820448 0.8740170189846278 1 1
81 11.537709354786791 0.7233292671468183 1 1
82 10.216209931737172 0.6505571792071326 1 1
83 7.810416086864681 0.8819406098940532 1 1
84 6.229175981058688 0.8450262621585038 1 1
85 11.946580358019546 0.4130744098247928 1 1
86 10.30167957088891 0.5020038425451255 1 1
87 10.046732787741483 0.576821247508004 1 1
88 10.144079855780378 0.6927745029599304 1 1
89 7.657247074601365 0.9076163915715473 1 1
90 7.208889921665994 0.8919843570198561 1 1
91 8.733326664717586 0.6654988916631184 1 1
92 6.5619265044380715 0.887528533984622 1 1
93 7.623695718544752 0.8994330023493602 1 1
94 8.69374062127214 0.6325783375434317 1 1
95 6.800423765561442 0.6303611414646302 1 1
