12 16.37847535241638 -0.023381896299418746 0 1
13 19.552974095695873 -0.12933044209104536 1 1
14 18.763890431068823 -0.09967053657568602 2 1
15 15.160306819345791 0.2894501779569896 2 1
16 14.960781520928435 0.5034140964052972 2 1
17 16.083955248695773 0.3805948511728742 2 1
18 15.901536415494768 0.38533075231958847 2 1
19 14.411543895335136 0.5561256318369909 2 1
20 12.196516951974328 0.6268350698968317 2 1
21 11.361126492469754 0.7073251917594747 2 1
22 13.087981188798267 0.345238102451964 2 1
23 16.17101212743207 0.054127692311036105 2 1
24 17.50380939300186 0.007576714185969403 2 1
25 15.943142192506492 0.18188922211456987 2 1
26 12.81962261655606 0.521227463326053 2 1
27 11.078671940884 0.7327831256979951 2 1
28 11.061193577261776 0.7582154144592569 2 1
29 10.770412404878833 0.7834664901411236 2 1
30 10.540969251556412 0.8092026274613127 2 1
31 10.350582734765421 0.8170402068944247 2 1
32 10.111012687882997 0.8235263220337369 2 1
33 9.834455590668028 0.826467195804833 2 1
34 9.454481988185385 0.8224260831684235 2 1
35 9.072122579893305 0.7629135614460193 2 1
36 10.056718279952676 0.6866212244083044 2 1
37 10.351962514185855 0.688903166219329 2 1
38 8.73007297683298 0.7700065499160473 2 1
39 8.47586834565858 0.9272451137965649 2 1
40 8.161994227217999 0.8969513460265399 2 1
41 9.68120828344891 0.8144594585826687 2 1
42 9.144563869303765 0.7264003498024842 2 1
43 12.487867709204416 0.4659152857985243 2 1
44 11.556336711795662 0.5548481645546056 2 1
45 11.008970783100047 0.6182245376861835 2 1
46 10.655066468264668 0.6885331507374315 2 1
47 10.45245396476307 0.7427127297123209 2 1
48 10.49777908134622 0.7451510839227742 2 1
49 10.192985876243208 0.747396481284559 2 1
50 9.992552879646656 0.7609952502910694 2 1
51 10.14807781575637 0.7549130932697481 2 1
52 9.750250025013074 0.7674330481173591 2 1
53 7.772642390476715 0.9062260764124792 2 1
54 8.283351298300627 0.7640597725519868 2 1
55 11.137974424627899 0.5394883149204203 2 1
56 12.658468392295198 0.4312486096737726 2 1
57 13.02705360739344 0.44173828695100087 2 1
58 11.678372450013285 0.6579622962345147 2 1
59 10.35769975516508 0.7794558763121018 2 1
60 10.704123262680191 0.6944987438069383 2 1
61 11.610356194382824 0.6565892098794845 2 1
62 9.23216798425856 0.831087007685596 2 1
63 9.143627626003264 0.9132227118424054 2 1
64 9.312247026868413 0.9185311733826416 2 1
65 9.63765332002726 0.894741921555896 2 1
66 9.190347027946991 0.8750294745248859 2 1
67 9.525177759024622 0.8547351669953821 2 1
68 9.421360607119812 0.8471402444325432 2 1
69 9.353675282388803 0.833003620625071 2 1
70 9.184419899521806 0.8235338911602931 2 1
71 9.148238640072694 0.7955957648315202 2 1
72 9.531226588580136 0.7590736109123839 2 1
73 8.86209403109496 0.8016424692719815 2 1
74 7.3973072422246755 0.8217858632908641 2 1
75 10.690319561518514 0.4742640146175661 2 1
76 12.84060449014084 0.35827309361161164 2 1
77 12.676329370709606 0.37013584283760126 2 1
78 12.336396801151572 0.4945883359821513 2 1
79 11.79144834456189 0.7412402405257625 2 1
80 12.076967950075144 0.8266610284507401 2 1
81 12.08461104210356 0.838210048007425 2 1
82 11.893481032370097 0.8582775549340437 2 1
83 11.36524489448265 0.8554844946335282 2 1
84 10.990787541551878 0.869725379220316 2 1
85 10.332652419914453 0.8733925759508058 2 1
86 9.972731679298084 0.8662713554253737 2 1
87 10.05606491192065 0.8448320624864104 2 1
88 8.212142644884134 0.8811191372765697 1 1
89 7.843001291956728 0.891716329329181 1 1
90 9.286363183220903 0.8837013933347049 2 1
91 8.697264538817404 0.9118974387057373 2 1
92 9.103583226581186 0.915648721747644 2 1
93 8.971291302780209 0.9184271358982075 2 1
94 8.886919545515555 0.9204228648629842 2 1
95 8.92512064684431 0.9239341243927964 2 1
