18 1.6331671013121838 0.3456601051118764 0 1
19 1.800329130765749 0.17378149102904245 1 1
20 1.3852679315566245 0.43378646523582953 1 1
21 1.1920455566928272 0.535492263748917 1 1
22 1.3236623055740901 0.4839052575181096 1 1
23 1.2524919326941255 0.5277873019596857 1 1
24 1.545789391268534 0.38750251330839397 1 1
25 1.6614267631220523 0.3446235559920182 1 1
26 1.4980681129390065 0.4340874545435709 0 1
27 1.3215295435917103 0.5128933134110355 0 1
28 1.0766405273515822 0.63314154288427 1 1
29 0.922959304347529 0.7393425379082946 1 1
30 0.8616388446066514 0.7635717110536797 1 1
31 0.4663338961169776 0.9326571449063327 1 1
32 1.245493367245154 0.504777976570334 1 1
33 1.4959028218665296 0.33741850115455796 1 1
34 1.970107153876266 0.08309656805590153 1 1
35 2.041443920940213 -0.10119234287811686 1 1
36 1.8967674470450202 0.059016506123079945 1 1
37 1.3359176916736804 0.36400742020600857 1 1
38 1.680181386081208 0.3082339054914095 1 1
39 1.36989837035106 0.531333756853717 1 1
40 1.0592019632541838 0.725487049551516 1 1
41 1.196882856042535 0.5976996799692158 1 1
42 0.8040456753630378 0.8132144815577119 1 1
43 0.9446382797669841 0.8246599007931861 1 1
44 1.096826091120426 0.7758040266813817 1 1
45 0.9095867471717938 0.8272731529986169 1 1
46 0.7207832198409259 0.8860372321773118 1 1
47 0.6434957410564222 0.8913237792728544 1 1
48 1.3648212136190248 0.4255134865906894 1 1
49 1.400968374792444 0.35195473431849045 1 1
50 1.6537104727965737 0.29565334941287186 1 1
51 1.3354619458250472 0.5002822661647542 1 1
52 1.2356884467011788 0.6317887818548484 1 1
53 0.9851860404459396 0.7550380943837367 1 1
54 0.9397938067832525 0.7382936421347726 1 1
55 0.9176446167611498 0.7304507214898975 1 1
56 0.9060909022337249 0.7369054694399391 1 1
57 0.6247339628892457 0.8347417071940638 1 1
58 1.9664167093832088 0.08864563630641718 1 1
59 2.613988482146679 -0.1574675315889221 1 1
60 1.9456346299737008 -0.06327578651544578 1 1
61 0.8747883217914518 0.7969012815334916 1 1
62 0.9534540915038043 0.41871824237171934 1 1
63 1.5305552122674877 0.2211846602888169 1 1
64 2.6700496106406835 -0.18941373252549668 1 1
65 2.5341580540309163 -0.21498819670879504 1 1
66 1.7349613180689998 0.21155041483607698 1 1
67 1.7237327904755055 0.2316285886167855 1 1
68 1.7388209992502484 0.1733296228452924 1 1
69 1.7435890398282012 0.15900806071007284 1 1
70 1.7387274156051378 0.1631617704347002 1 1
71 0.9906561981227764 0.5256321889056665 1 1
72 1.3782235949805077 0.4794388746921077 1 1
73 1.4199457426035442 0.3559940834523298 1 1
74 0.9456914339524696 0.7410153884353355 1 1
75 1.669603583665424 0.27491181809022763 1 1
76 1.9810623370219922 -0.01644438936766328 1 1
77 1.9535656856350574 0.18859012960611637 1 1
78 1.7190123656128842 0.23613140378039932 1 1
79 0.8704194226037743 0.7890876800664051 1 1
80 0.8211186973227509 0.8857801298887157 1 1
81 0.9714127534912667 0.7836468963818481 1 1
82 0.5316792198248317 0.9023591961572338 1 1
83 0.829782456885261 0.7546078310499612 1 1
84 0.8071005178729704 0.7637203623076116 1 1
85 0.6755939929784898 0.8474306515361985 1 1
86 0.5689232629175676 0.9000366116549613 1 1
87 0.6239113255167066 0.8348504638906425 1 1
88 0.956743550659235 0.6348565378921127 1 1
89 0.853305985015516 0.7029461444011795 1 1
90 0.6183276168433993 0.8297022443662982 1 1
91 0.6703566828195466 0.8059341541576538 1 1
92 0.6329493456619009 0.8338031499752092 1 1
93 1.4556832175725098 0.4495222348112974 1 1
94 1.4686838751228697 0.4375608158685241 1 1
95 1.0563857549837552 0.6345728032102497 1 1
