13 2.365146305859544 -0.06116921437383893 0 1
14 1.866019054578711 -0.036917998477412776 1 1
15 2.0741503781276656 -0.03634245521675871 1 1
16 2.1947846639872894 -0.08302547939293421 2 1
17 1.8787123587581416 0.051409366859542525 2 1
18 1.1621556516699458 0.5457352191689835 2 1
19 1.7653983316770328 0.138837076455911 2 1
20 1.9227961794484347 0.0256842500426695 2 1
21 1.7801894113462184 0.12777097643472188 2 1
22 1.5256273608347986 0.34679733584689443 2 1
23 1.5026444278002824 0.3515244512564671 2 1
24 1.499375043371927 0.35131336710751543 2 1
25 1.4815652630704683 0.36196138459991467 2 1
26 1.415978088385729 0.4134764732524165 2 1
27 1.412080212294481 0.4147064714247769 2 1
28 1.4496944697072793 0.38840790948445236 2 1
29 1.4300990649682568 0.3982912057135594 2 1
30 1.3959726932634107 0.4322047919589397 2 1
31 0.7315463292122759 0.8139782153096901 2 1
32 0.945207741137911 0.7809377327840408 2 1
33 0.8366510005605301 0.7379830157692059 2 1
34 1.694574775533269 0.09785708124719066 2 1
35 2.4430455265154922 -0.12243337556652015 2 1
36 2.2059277071408268 -0.04074987323913334 2 1
37 1.0464669255218544 0.5671951408690531 2 1
38 1.1453685884123042 0.5875376983987748 2 1
39 1.6270624338661488 0.21779359409821183 1 1
40 1.2021886845129641 0.5025731936283627 1 1
41 1.2707153181574453 0.5140449893495531 2 1
42 0.822415985461082 0.8176535094907429 2 1
43 0.704738917881282 0.8829960699693862 2 1
44 0.6845729246527785 0.9093351592793508 2 1
45 0.6872276218280593 0.9060310066757614 2 1
46 0.7137666310836321 0.8967562268321411 2 1
47 0.7401657832227091 0.8828312996165892 2 1
48 0.6208057680688341 0.8848775469908312 2 1
49 1.2355360058482194 0.5079300235153429 2 1
50 1.0377234051234083 0.6099001602545799 2 1
51 0.6848410351313623 0.8530787026875101 2 1
52 0.6813605516684138 0.8996552956048159 2 1
53 1.1192137218782676 0.4940482694107349 2 1
54 1.8767460925995962 0.06893531641384383 2 1
55 1.8500908338144901 0.12472707558505662 2 1
56 1.3963238810811864 0.3483941483714959 2 1
57 0.7004582746724148 0.8688233727347355 2 1
58 1.199716480738494 0.5567649691195032 2 1
59 1.2354231967624933 0.5267811311546513 2 1
60 1.0539517283028292 0.6619501659419891 2 1
61 0.7570344129230691 0.8578481930396966 2 1
62 0.751908259968018 0.8516156821418125 2 1
63 0.7449570450743375 0.8556805255780868 2 1
64 0.7514949915229225 0.84271479348693 2 1
65 0.6478012547077121 0.8383706835011827 1 1
66 0.7327639584955881 0.784015908062645 1 1
67 1.124602446564893 0.47335757061243394 1 1
68 1.8688387037986338 0.14283798213982166 1 1
69 0.6396724140375065 0.7955995912825804 1 1
70 1.0210269267058525 0.4499585168654822 1 1
71 2.2896253326000275 -0.07993259393877314 1 1
72 2.1503773879784047 0.008934913904698355 1 1
73 1.5824277058669152 0.3265540695817878 1 1
74 1.436677540702008 0.44639211142858654 1 1
75 1.0897370855393484 0.6009469469373866 1 1
76 1.010685809946139 0.5509436822169368 2 1
77 2.1658889644336323 -0.23715733615342338 2 1
78 2.0841293828490643 -0.17871396318557534 2 1
79 1.5872631347578734 0.24367241635042142 2 1
80 1.0475474057326908 0.7101017187352506 2 1
81 1.296801844489229 0.563523042169732 2 1
82 1.5125093290645184 0.33311897561591 2 1
83 1.7718662901235884 0.163358106715817 2 1
84 1.741174713652395 0.19677698783919748 2 1
85 1.6201974505812613 0.3135042072181505 2 1
86 1.4583207912579255 0.38788549443626996 2 1
87 1.4410710861032188 0.3793548991374579 2 1
88 1.2988423811452794 0.5023517743251884 2 1
89 1.2662127088082675 0.5351775715215744 2 1
90 0.8104274279097838 0.8300287500262151 2 1
91 0.899460234918056 0.8544456585187318 2 1
92 0.7907620487375935 0.8900063928020234 2 1
93 0.6664528020708769 0.9251988345503591 2 1
94 0.48893857798050977 0.8375136830736774 2 1
95 2.063618058694767 -0.07988914427835263 2 1
