8 12.356104246969483 0.3522273874184343 0 1
9 11.066419422103031 0.5077977348116265 1 1
10 11.532121816126434 0.6066259095164342 2 1
11 10.126393171237494 0.820659929032158 2 1
12 9.793730011064948 0.8264387316254049 3 1
13 13.324986185672344 0.4668076033176612 3 1
14 16.659926358884782 0.0007471832815454818 3 1
15 18.04721385608517 -0.14373414275931426 3 1
16 17.954809377211763 -0.13099901493898475 3 1
17 18.60512543535011 -0.051240038311655446 3 1
18 17.317376975003555 0.10248573597118013 3 1
19 15.003721094960191 0.43022966260746415 3 1
20 15.643976411694382 0.2954748146483756 3 1
21 7.72424156802084 0.7839146781722616 3 1
22 15.823167656539251 0.22469284075070015 3 1
23 16.805550196595135 0.15127088336084807 3 1
24 16.590412558783925 0.15141556101569514 3 1
25 15.755706150366997 0.14986968255029448 3 1
26 13.98845982045928 0.401251673958116 3 1
27 14.201768870152282 0.46573469480097407 3 1
28 15.175637266723857 0.3525178928204016 3 1
29 14.910803610241587 0.3954199721917426 3 1
30 12.977484667322202 0.6841247552878623 3 1
31 10.74093636287298 0.8651560175726297 3 1
32 10.597459418092566 0.7550248229471864 3 1
33 11.536079633364622 0.6583767103723445 3 1
34 10.481660027337739 0.8842369735548565 3 1
35 10.021798592933568 0.8217260125704401 3 1
36 11.76215039010481 0.6850470202021055 3 1
37 12.66174858301104 0.6263182953776235 3 1
38 12.768114370398056 0.707033976234253 3 1
39 10.63725015478964 0.8297404358791772 3 1
40 10.014107831104615 0.8407248505337315 3 1
41 10.87969201960577 0.7191801379930077 3 1
42 11.521148542224587 0.6917756622420976 3 1
43 11.053391351475462 0.7227443218065925 3 1
44 11.168832456976773 0.7395060375294127 3 1
45 10.828339239299858 0.7737931393225659 3 1
46 9.128089543123016 0.8669537399808107 3 1
47 11.631187409883662 0.6886053361581405 3 1
48 10.915994617166032 0.6959478665363733 3 1
49 10.942052233595525 0.7850700224438665 3 1
50 10.018837724409462 0.8375585194870248 3 1
51 8.947438804900516 0.7731392282749737 3 1
52 13.839259928077965 0.3919227755943279 3 1
53 14.697130259966631 0.24087760322629284 3 1
54 12.215571397907368 0.4259642219677889 3 1
55 10.72435584321893 0.7429521341417391 3 1
56 9.527484660208074 0.8087645377831594 3 1
57 11.874837670156069 0.6875075931111403 3 1
58 10.47748387773764 0.8230466051406355 3 1
59 11.036057705908604 0.8817337471671804 3 1
60 9.255881557040219 0.8834491661317291 2 1
61 8.056862205771125 0.8519220803253404 1 1
62 9.67023955830802 0.8226179083941398 2 1
63 9.477361627723305 0.8261841809921824 2 1
64 10.75679315844063 0.8101626218972552 3 1
65 10.626743106347313 0.8306778202267889 3 1
66 10.075775684763276 0.8615671556989171 3 1
67 9.380491622887495 0.8950513189323821 3 1
68 10.048625650429422 0.8307710317590022 3 1
69 9.13149832549654 0.9132311073916989 3 1
70 9.49304764579307 0.8556523644791117 3 1
71 9.756224771899939 0.8023588287448441 3 1
72 6.746758797952134 0.940343294601274 2 1
73 10.173044285261007 0.6097778366592214 2 1
74 12.345319265620759 0.4940526662429012 2 1
75 7.550790063340187 0.9007593095683397 1 1
76 9.828417176572867 0.9112563595807198 1 1
77 10.095995812887107 0.9120407621743462 1 1
78 8.567676468063963 0.9238837264719958 1 1
79 7.951710396211233 0.9255928617873692 1 1
80 7.643271980504103 0.9172131938739566 1 1
81 9.801567321892948 0.7704999891171423 2 1
82 11.040426187060497 0.715665026443541 2 1
83 10.620287943755368 0.7611783717858948 2 1
84 12.291514941840859 0.4757800170485747 3 1
85 12.241065658845407 0.38207824297220566 3 1
86 11.892669388716175 0.5607402432429862 3 1
87 11.10152005130493 0.6474589719208526 3 1
88 9.861507571012293 0.8647159782043607 3 1
89 11.234723892673774 0.8037151176752353 3 1
90 13.529332598467477 0.7131850769003263 3 1
91 13.137847918986601 0.7670558273382708 3 1
92 12.620073220793472 0.7914393322436465 3 1
93 11.361022497639862 0.8377130529459824 3 1
94 10.752813958060294 0.8705934493669865 3 1
95 10.789268564360732 0.8723928118484446 3 1
