12 5.487001205034456 0.8889565276916699 0 1
13 9.218620139616448 0.6870130275531139 1 1
14 10.503624193712952 0.5989731254194905 2 1
15 13.353530861622318 0.34776042664751944 2 1
16 14.281818243650271 0.3258653517344623 2 1
17 10.677075383101304 0.5976684718484644 2 1
18 9.137303429214622 0.46864195577410406 2 1
19 16.459854684376317 0.035548706640151424 2 1
20 16.522439697388606 0.11903747095198629 2 1
21 9.211791151131308 0.7297394539501469 1 1
22 11.081712824020805 0.5560127571550564 1 1
23 9.741933313048253 0.6303975277665289 1 1
24 11.515834611027607 0.5278310899172236 2 1
25 11.63655391396286 0.5212714687842562 2 1
26 12.436675065156447 0.4451584527260669 2 1
27 12.479252942460988 0.47995510939338615 2 1
28 10.04945145265902 0.6936028611744958 2 1
29 10.556522405305468 0.80182641964941 2 1
30 9.076067137404436 0.7167382769730917 2 1
31 9.590786915597155 0.7517474644159343 2 1
32 6.043375509235544 0.9050401590424413 2 1
33 12.837764837060092 0.3401140078327894 2 1
34 17.1035500045541 0.04986745165884139 2 1
35 18.080106240566806 0.005544909469741209 2 1
36 14.864167444500843 0.3118297179485059 2 1
37 11.163266673383756 0.6943420055302866 2 1
38 10.777770249235054 0.7528346678383987 2 1
39 10.685131063488651 0.7552849943631237 2 1
40 10.93194312662515 0.7227284929516307 2 1
41 10.868350221458144 0.7219008852188089 2 1
42 11.13158120377236 0.7283800157876823 2 1
43 10.917756943900699 0.7095141343325068 2 1
44 9.8119071449983 0.7559019280783261 2 1
45 9.326705745620536 0.7879027236529997 2 1
46 9.168665353962407 0.786151507866012 2 1
47 7.412291138804807 0.9501962885071672 2 1
48 8.973397857874016 0.7672984867537281 2 1
49 14.068923645290958 0.2065662565765912 2 1
50 14.537863374187985 0.309254012498261 2 1
51 11.599725966354534 0.58133060536163 2 1
52 9.610335604233793 0.8599473712027803 2 1
53 10.523246077571965 0.7808672069191117 2 1
54 12.903969866855931 0.528186622847682 2 1
55 12.513798532715857 0.5924994647779136 2 1
56 10.296322714520933 0.6936523912229273 2 1
57 9.441183768189878 0.7610596996392011 2 1
58 11.698384832472083 0.4343576039677625 2 1
59 13.721974600682504 0.3838857759569773 2 1
60 12.45109615122973 0.464518444589226 2 1
61 10.809579613476263 0.6120062757672657 2 1
62 10.943500610129217 0.5829993571953211 2 1
63 11.068446540932698 0.5861383816462041 2 1
64 9.798749284401698 0.6112928540160799 1 1
65 12.431360611150332 0.45582138959965074 2 1
66 12.909145878973426 0.4593035955179379 2 1
67 11.162212024514275 0.5677201353915465 2 1
68 11.392090114634495 0.46173186308968817 2 1
69 12.633994825443125 0.4409175621618551 2 1
70 12.689407290626345 0.46178656682305785 2 1
71 12.501963008866873 0.48765996644975723 2 1
72 12.938590543975216 0.474065913445654 2 1
73 12.745020972832691 0.45255020993243755 2 1
74 12.722437018254798 0.4788227004272712 2 1
75 10.534857558700228 0.5448891980166313 2 1
76 10.347204176855175 0.33261222842340704 1 1
77 18.068626183226044 -0.033348430401059004 1 1
78 17.99454441535496 -0.04653150341430417 2 1
79 18.420212510235487 -0.12289756126607224 2 1
80 15.695886754966232 0.1829945201380393 2 1
81 13.430705151242083 0.4424052768945117 2 1
82 12.222607783178752 0.5107300445570307 2 1
83 12.317888010970389 0.5475064335682495 2 1
84 11.950107681102395 0.5661531036585598 2 1
85 11.868150201241953 0.5735852752029375 2 1
86 11.783836876315277 0.5510463593888918 2 1
87 11.161636564404851 0.6533972214530076 2 1
88 10.711161937756167 0.5702490469682802 2 1
89 11.827767201495114 0.5895882461326403 2 1
90 7.3344525417429125 0.8836306784639969 2 1
91 9.905619499630923 0.5177871301415459 2 1
92 15.488947437106262 0.17438943605613022 2 1
93 17.39712867996173 -0.019390547840524974 2 1
94 17.83607180688967 -0.03895584866421696 2 1
95 12.072646950802717 0.4637657726506907 2 1
