8 7.867098306607904 0.7707825497814388 0 1
9 8.10374978969617 0.8000718017148549 1 1
10 9.410102596130772 0.8485103189165364 2 1
11 5.830724159089275 0.384886586760561 2 1
12 19.202914747564463 -0.10336376158755377 2 1
13 14.806438633791842 0.16213407479420253 3 1
14 16.794033931449654 -0.01443705935017196 3 1
15 18.34588670483407 -0.10582950918233944 3 1
16 13.078013899675074 0.3284665437061782 3 1
17 12.416251531013572 0.49986080783156717 3 1
18 12.687000969404263 0.6267853467890767 3 1
19 14.182013129110608 0.2811437400764711 3 1
20 16.37806595241406 0.21881220306067023 3 1
21 16.212797409607838 0.11914143297825257 3 1
22 16.083841006416826 0.09166688168988657 3 1
23 16.743190018122412 0.04914801452364897 3 1
24 8.777854064915658 0.7768398372993512 3 1
25 9.043336157084976 0.5402565132480898 3 1
26 17.7952158683481 0.007891162697135244 3 1
27 18.02724360459736 0.01542217202694747 3 1
28 18.186397860211976 0.02168786544558299 3 1
29 18.334429360557987 0.004464034683251269 3 1
30 15.525018538960062 0.3319076112556462 3 1
31 13.613548811637429 0.7273566182609249 3 1
32 12.790340880536487 0.702135059882639 3 1
33 13.927328032242809 0.5702195819914704 3 1
34 13.995879581981633 0.5314608578741188 3 1
35 13.658466811166722 0.5799893405697619 3 1
36 13.22788472998333 0.5875527610738267 3 1
37 13.163349902571035 0.6349063922458785 3 1
38 12.6299819603965 0.6520771581323566 3 1
39 12.34916264946736 0.6838406528672134 3 1
40 12.144830427558581 0.6450772112065553 3 1
41 12.205369822220998 0.5863414951287498 3 1
42 11.879939017998797 0.625403411866971 3 1
43 9.914894906373558 0.774866405500274 3 1
44 9.451405618747083 0.81626715732405 3 1
45 13.427603057748414 0.20484151420334534 3 1
46 18.481188394843095 -0.0519485829848184 3 1
47 18.82965642133318 -0.0604503185136027 3 1
48 18.95192413518336 -0.06355121123217077 3 1
49 18.278223517552036 0.01045226310095332 3 1
50 15.306207940997588 0.22584223126757139 3 1
51 14.511175637234892 0.48759312138212046 3 1
52 14.85574423657647 0.5862281950985619 3 1
53 14.63105879531896 0.5977026096172244 3 1
54 14.829697628364357 0.5813324817148459 3 1
55 15.171702433620787 0.5828759358294855 3 1
56 13.342885054607386 0.7484127132569055 3 1
57 12.252702156340309 0.828844418928114 3 1
58 10.924076578204058 0.840955332143121 2 1
59 12.293074339594106 0.7820857921840315 3 1
60 12.528531823361678 0.7728948664932576 3 1
61 12.339181318361948 0.78872598271708 3 1
62 12.242505202945125 0.7920748143629879 3 1
63 11.7138712956759 0.80234100043327 3 1
64 12.6056891780146 0.7186757550771209 3 1
65 12.758700575829288 0.7189444968484441 3 1
66 12.160233234664474 0.7181651011741899 3 1
67 11.789354923252574 0.7148419320591036 3 1
68 13.247032883051574 0.5082553986587267 3 1
69 13.598773096865912 0.5158202327835513 3 1
70 13.680736876035716 0.5394583018154229 3 1
71 13.314312316221518 0.6044769017186185 3 1
72 11.33431988811921 0.7636735876273091 3 1
73 12.09182745468614 0.7086195385476929 3 1
74 12.714746394898874 0.7032212249203349 3 1
75 12.646162378055937 0.701008428500727 3 1
76 12.279261607332266 0.7140351485931828 3 1
77 11.331580699909384 0.7278913556436979 3 1
78 12.380526578906824 0.7459626197630412 3 1
79 12.735320242136588 0.7522683959342378 3 1
80 11.740428894548163 0.7688572691509002 2 1
81 12.767510857126684 0.7518612363083029 3 1
82 12.747302206697547 0.788866222785833 3 1
83 12.087634022909562 0.8151787373949082 3 1
84 11.713501244549299 0.8495550703778427 3 1
85 12.448085410608801 0.7958338943824405 3 1
86 12.554822259080009 0.7953372916692698 3 1
87 12.533869617879123 0.799597044434998 3 1
88 12.294669182598547 0.812327128708309 3 1
89 11.381746690017042 0.8697455036062537 3 1
90 8.561135073572189 0.6856355243055057 3 1
91 10.215621965253582 0.6277440954527764 3 1
92 11.103435764427289 0.8274600411049867 3 1
93 10.789685621801862 0.8538144694598502 3 1
94 9.616123916440003 0.8280829120030602 3 1
95 14.398146479219609 0.2024524834688978 3 1
