8 9.649699760603642 0.36957202534817774 0 1
9 17.28530028329461 0.001924040294444285 1 1
10 17.752019800911462 -0.09675367554938122 2 1
11 19.021715315113546 -0.15589412264165592 2 1
12 18.395233393068033 -0.10767798416160514 2 1
13 17.967083968350437 -0.07338081208573978 3 1
14 17.659611932680637 -0.025699985043577848 3 1
15 17.060217623747757 0.030152071186863933 3 1
16 15.785339317721647 0.17621955402097914 3 1
17 15.057327099851733 0.2902789753096237 3 1
18 15.116957798419847 0.257625323165021 3 1
19 15.819223600798189 0.14208649152076305 3 1
20 16.0269042519391 0.1032357163987414 3 1
21 15.993780459992482 0.12882007025726872 3 1
22 15.20773065201277 0.24346789602925714 3 1
23 14.527584626116585 0.3225971228797826 3 1
24 12.993616667742941 0.3979458874525754 3 1
25 14.018934114764491 0.414129919776289 3 1
26 13.230310364149439 0.4837578768471519 3 1
27 13.109813116663279 0.6102398979229025 3 1
28 14.057907297625075 0.48518242005512 3 1
29 12.858607085050568 0.6389061820383414 3 1
30 11.908742391549353 0.736808560928932 3 1
31 13.004872596477725 0.3705581822846423 3 1
32 14.964874732622206 0.25587446614373505 3 1
33 15.208650536989499 0.27108159525254116 3 1
34 14.624272397646969 0.3803213745854802 3 1
35 13.968642479649382 0.4213428177461748 3 1
36 14.737349517001363 0.2563201352437532 3 1
37 15.277769912850392 0.22285803786046873 3 1
38 15.14722799969531 0.40381078276299115 3 1
39 14.367157993897663 0.48886054796219053 3 1
40 13.727184106471057 0.6291470010498622 3 1
41 15.345309813588742 0.403158746133625 3 1
42 15.581581123611478 0.2796203333022644 3 1
43 13.166711374286301 0.7381682952468698 3 1
44 12.460564620576214 0.7529136459923743 3 1
45 12.406594357762945 0.7116337628878289 3 1
46 12.198325238085268 0.7910515467400271 3 1
47 12.331842561696273 0.7076484232277044 3 1
48 14.271122002313824 0.349258946455597 3 1
49 12.969715197375898 0.5476734031611341 3 1
50 12.314641874945284 0.8044592211883176 3 1
51 11.932134988574497 0.7967212672830077 3 1
52 13.745722475432977 0.6262109676257253 3 1
53 14.828042521316469 0.5013922312712557 3 1
54 14.371848532800772 0.42079701455019847 3 1
55 15.128132020047474 0.3339550661378242 3 1
56 12.405987703500138 0.5232960614559851 2 1
57 14.020882295445531 0.3667088518504933 3 1
58 10.519645812654954 0.7193455850991786 2 1
59 11.750250917382228 0.7501959942189179 3 1
60 10.787453051583697 0.8733389198565488 3 1
61 10.52067918861318 0.7021682339446983 3 1
62 13.681365695105875 0.3428246006322773 3 1
63 9.407715977055428 0.8293368316006291 3 1
64 9.808764283547202 0.644705691322256 3 1
65 13.99995210364386 0.23764465289219577 3 1
66 16.883738683479603 -0.0920041582377123 3 1
67 18.451674159480177 -0.13982649551934492 3 1
68 18.808631964995925 -0.2040527541260935 3 1
69 17.894772877234523 -0.15960378278190357 3 1
70 17.27694245592366 -0.09897655072579634 3 1
71 16.474674348744976 0.05720851572464515 3 1
72 16.131052198264513 0.17640241991523223 3 1
73 16.12149025245715 0.19737668320015486 3 1
74 15.331084882227373 0.2948042256253099 3 1
75 14.454770104497669 0.35830081287800203 3 1
76 14.788321956562285 0.44128869676820315 3 1
77 14.684865132762006 0.5487022596357017 3 1
78 14.391942810611273 0.6287419927588115 3 1
79 13.855162007540216 0.6680025663825152 3 1
80 12.891757908161416 0.7745208417891918 2 1
81 13.307819248552114 0.7206208839596898 3 1
82 12.872678712132277 0.7170094965061526 3 1
83 12.945956733864413 0.7031064733903888 3 1
84 12.622323613544353 0.6404902085700651 3 1
85 12.58727397260743 0.6452524666406406 3 1
86 12.43716075850346 0.6667970705823754 3 1
87 12.125082156620607 0.7172481445323258 3 1
88 11.82825495219529 0.7628082050243253 3 1
89 11.431697734615291 0.7906571772827616 3 1
90 11.31214580507212 0.8201749367671052 3 1
91 11.196230911679507 0.8384697918020275 3 1
92 10.846820505319101 0.855608721585368 3 1
93 10.891508173228324 0.857855930138084 3 1
94 10.794226888557144 0.8618778086848018 3 1
95 10.808176385805684 0.8602389950108164 3 1
