3 3.82144920454731 0.8261330307476337 0 1
4 16.978085785721667 -0.27683336934767727 1 1
5 19.394317184775964 -0.33793700587473685 2 1
6 19.635157513722724 -0.32932406513494056 2 1
7 18.17876019498269 -0.2441500318781782 2 1
8 17.768610222950173 -0.052969372727298236 3 1
9 16.740690922509216 0.06595439405447663 3 1
10 16.3124623304234 0.049232188754765115 4 1
11 16.55568317568796 0.14498891414940832 4 1
12 15.97721472972481 0.25212439911129425 4 1
13 16.12938789124042 0.24219543548159625 4 1
14 13.940416358351477 0.3292943398780856 4 1
15 15.061475587782283 0.33376787362293064 4 1
16 16.050282736794323 0.315827955777408 4 1
17 7.367702134134504 0.48829860118817403 4 1
18 15.814423234328398 -0.037890140412008305 4 1
19 15.11570005995145 -0.08684976823593549 4 1
20 16.370009061237084 0.06438814161074141 4 1
21 14.605420954729766 0.17382631183001174 4 1
22 14.133477963115375 0.2814474721513468 4 1
23 16.271854734435667 0.03585292756960443 4 1
24 13.021332894523582 0.5764512905101111 4 1
25 14.236037150552779 0.4430303449256206 4 1
26 11.355892459828723 0.735533952644723 4 1
27 12.148269185622414 0.8217685954419115 4 1
28 11.076515023701873 0.7992638097383484 4 1
29 12.269941650095216 0.8034775778748238 4 1
30 11.66515342114316 0.6041352535018238 4 1
31 14.657947743483856 0.2374998674698447 3 1
32 15.968261901615367 -0.09633915944187847 3 1
33 18.852464899124346 -0.310553453582644 4 1
34 18.05036372062529 -0.25272545775419797 4 1
35 17.32997123061707 -0.11324905085787804 4 1
36 16.928502780518976 -0.06438345322324997 4 1
37 17.091097013954204 -0.041113472312666266 4 1
38 17.018439893010925 -0.020665116111068704 4 1
39 17.070330587352043 0.03558210522676775 4 1
40 16.987496945660386 0.03481431017314738 4 1
41 16.798790167872134 -0.017506109156266374 4 1
42 17.505292104124457 -0.11639744710774305 4 1
43 17.141199559819512 -0.08036841671697449 4 1
44 16.74504853793794 -0.042334933819501104 4 1
45 16.029490881997503 -0.0013703707693827232 4 1
46 16.15993396475406 -0.022538999464972977 4 1
47 16.355364612825177 -0.025501687982343556 4 1
48 16.327991379949733 0.07431974121508887 4 1
49 15.879733463429627 0.17853731488067376 4 1
50 14.697990674926004 0.4442982094569268 4 1
51 15.059474392711799 0.45463197430465224 4 1
52 14.647391639472001 0.3295194239471435 4 1
53 12.891725799990613 0.5455436515261816 4 1
54 13.842282513148852 0.2891212037203951 4 1
55 14.8654066166091 0.01929274503281328 4 1
56 12.05084035627372 0.1228485915191526 4 1
57 13.601485711779873 0.10687568319971072 4 1
58 16.85087608476509 0.08540452354375656 4 1
59 9.882978389286883 0.13860510983842336 4 1
60 8.78464073714415 0.24830085556356576 4 1
61 16.451746670849943 -0.09147897628368859 4 1
62 16.762229906845846 -0.015515696761472495 4 1
63 16.125005447751214 -0.09886169851361036 4 1
64 14.760281834207674 0.2877924372040321 4 1
65 15.237283448410565 0.08721754623489122 4 1
66 15.607215295061753 -0.12900702213781728 4 1
67 15.607974759662962 -0.24233087859908883 4 1
68 15.143009469483221 -0.3317357816622718 4 1
69 16.919259785446286 -0.45417474219288867 4 1
70 16.86422103645395 -0.40473714769019764 4 1
71 16.35645353553208 -0.37933020281978735 4 1
72 14.144915606905407 -0.09630188885528831 4 1
73 13.832226217113906 0.5078721645452349 4 1
74 13.66970281971794 0.46933337744482656 4 1
75 14.052161494481425 -0.06425604734378935 4 1
76 15.131084653364333 -0.3563031228091786 4 1
77 14.283700736342134 0.14772505417004878 4 1
78 16.099521896753274 -0.008578460039285824 4 1
79 13.442110558422705 0.35140349935161364 4 1
80 13.130706099886531 0.4663670537366367 4 1
81 14.13297573498921 0.4759221124735828 4 1
82 15.114688699572412 0.023131196292287833 4 1
83 15.283734071632459 -0.1422056112813854 3 1
84 14.74328217701283 -0.08554635063359016 3 1
85 13.602628520814893 0.24092160985624245 3 1
86 12.786806507104458 0.6336990488674321 3 1
87 14.12765392697428 0.6318261618995177 3 1
88 14.615932542518255 0.502702031213667 4 1
89 14.63195886086502 0.3988936138215148 4 1
90 13.54041290638391 0.3333591118328813 4 1
91 15.238755276568035 -0.1924660711753658 4 1
92 13.281443426779937 0.42061759670520016 4 1
93 13.149995065202326 0.5695682899570819 4 1
94 12.283961490733873 0.3482998998007842 4 1
95 15.345204651617411 -0.2990707808157128 4 1
