13 0.7736014630751722 0.7285405483455405 0 1
14 1.2899595051228472 0.4461680280960286 1 1
15 1.6073438127753956 0.26629318344063807 2 1
16 1.8779047695383717 0.11384230506706637 2 1
17 2.201256103080537 -0.012985135809473282 2 1
18 2.2033426839497716 -0.014154682196369688 2 1
19 2.320167459898677 -0.07956949469237878 2 1
20 2.18758432414821 -0.043407988355149155 2 1
21 1.9786108155385254 0.06000075478122515 2 1
22 1.824843311382672 0.16392334277821272 2 1
23 1.7286235987648242 0.22720475977941246 2 1
24 1.634541477705361 0.25319200973440387 2 1
25 1.6199940413512097 0.13269420206374444 2 1
26 1.642384762649118 -0.0072942129021239775 2 1
27 1.768160782423025 0.12482387605820758 2 1
28 1.7797162853778614 0.17412696687607068 2 1
29 1.751072317324307 0.21346138766927222 2 1
30 1.4426577656933217 0.40980854053613053 2 1
31 1.0439134556324854 0.6783081296323114 2 1
32 0.6809255774478125 0.876325910434815 2 1
33 1.4195227367827679 0.44020583520155915 2 1
34 1.7677858434122609 0.19982315558737013 2 1
35 1.7340758554302536 0.1751986415145023 2 1
36 1.860339208045728 0.10955073690820119 2 1
37 1.4898464279534949 0.3813617590964344 2 1
38 1.3711605316017854 0.5150456877554713 2 1
39 1.2071573010559558 0.6230406210670628 2 1
40 1.4855605810609491 0.4234431116657122 2 1
41 1.5391545445045836 0.39829829778693154 2 1
42 1.4780079701064386 0.4225619279353728 2 1
43 1.491795836151466 0.4339082662355606 2 1
44 0.9173711887767908 0.7654413228376713 2 1
45 1.1508043242521984 0.3996838751725581 2 1
46 1.8143560787126578 0.02374186832657521 2 1
47 2.098331210398844 -0.024928229464017085 2 1
48 2.0545703981274306 -0.007098418843128898 2 1
49 1.2298839319963815 0.5280935432346441 2 1
50 0.9534036123803542 0.6963933634500045 2 1
51 0.9522939620856947 0.7463926502011065 2 1
52 0.8681580518840972 0.8064110489683186 2 1
53 0.8825911428029833 0.7905545991691459 2 1
54 0.925838667003843 0.7513814979505221 2 1
55 0.8018505588768345 0.8209028999802955 2 1
56 0.7512258128576965 0.830812727950899 2 1
57 0.8313446111601799 0.7853342879945899 2 1
58 0.7353796207122416 0.7897462058604802 2 1
59 1.814245819565282 0.07164000308010054 2 1
60 2.4825725479812446 -0.12472971824692583 2 1
61 2.625486490623282 -0.13020444062063966 2 1
62 2.5454513697440904 -0.11437894861031302 2 1
63 1.5801343273971415 0.3406577678285676 2 1
64 1.2090102138148282 0.612380555031013 2 1
65 1.009707953995144 0.7371060234791769 2 1
66 0.9292991807523538 0.7765875503156981 2 1
67 0.9773662385941462 0.7581283380671028 2 1
68 1.0466319344704331 0.7035990651398646 2 1
69 0.8150365816437022 0.8202201658203233 2 1
70 0.6564182890559183 0.9214225667888813 2 1
71 0.6992068329490504 0.8809285192410687 2 1
72 0.7056999134596174 0.8166092858007604 1 1
73 0.8129636272340344 0.7684089728419478 1 1
74 0.7638276085452222 0.7870436577335573 1 1
75 0.9502887225705532 0.7260611464840918 2 1
76 0.6209923856864688 0.9101237851992999 2 1
77 0.6740393831529481 0.8156898247713883 2 1
78 1.4676106890892022 0.19332868749464832 2 1
79 2.0634873556412083 -0.00572020919276653 2 1
80 2.132146631683624 -0.017235739877197977 2 1
81 1.8653602769339308 0.08906757641860227 2 1
82 1.4830777972360414 0.33472296614455493 2 1
83 1.2389866216428285 0.5260118336630871 2 1
84 1.584835860403408 0.30731278017055824 2 1
85 1.554363379608164 0.3236040165765727 2 1
86 1.1712127867600728 0.5778131945582532 2 1
87 1.0341582992637885 0.6726889786391382 2 1
88 0.9104850592849694 0.7702239827034426 2 1
89 0.8298285921365149 0.830593068735744 2 1
90 0.7858324600249835 0.8648299615877418 2 1
91 0.7242418456513642 0.8949928158226992 2 1
92 0.70005288202759 0.9027591351919917 2 1
93 0.6583048581738158 0.9144200556667539 2 1
94 0.6511165841579452 0.9142168238766184 2 1
95 0.6476605701980196 0.9108127783170734 2 1
