13 1.387809020536352 0.4553384705926213 0 1
14 1.5238900721758935 0.24588050389503058 1 1
15 1.6385983601838854 0.1992234054668527 2 1
16 1.3337060215002365 0.5217537120855297 2 1
17 1.0561446407234625 0.6763722861304049 2 1
18 0.9383844395753913 0.7062183106349195 2 1
19 1.0706543237060915 0.6452548297363551 2 1
20 1.6487313495905687 0.22782584522585506 2 1
21 1.9458921468382533 0.02537855897518562 2 1
22 2.2143433918063167 -0.0683532643289378 2 1
23 1.6871949145069811 0.1786564693173257 2 1
24 1.3502031670180994 0.4583438838827525 2 1
25 1.15048095503085 0.6021726806431722 2 1
26 1.1937404720323102 0.5725899723011433 2 1
27 1.0875023095403389 0.6493004231934929 2 1
28 1.0849130612348912 0.6435088138563063 2 1
29 1.0624015682484274 0.6542833656485779 2 1
30 0.7330525887576762 0.8152641135170295 2 1
31 1.268793506795765 0.4566548031846971 2 1
32 2.142685644913861 0.029838898637206235 2 1
33 2.005651562696694 0.10136075080530153 2 1
34 1.7676096006856135 0.23605530515660816 2 1
35 1.4427932223971123 0.41131242266972823 2 1
36 1.4937183001640264 0.2914599544308732 2 1
37 1.3991274641955505 0.3974424015113291 2 1
38 1.5496446291033923 0.38065975484197695 2 1
39 1.4958213804235339 0.41327430185835334 2 1
40 1.4068253379455253 0.5033395007269532 2 1
41 1.106316974567437 0.7248433503458432 2 1
42 1.377462791738754 0.4901546045408068 2 1
43 1.325704199787161 0.5158682842831025 2 1
44 1.1235943380205375 0.691736672770974 2 1
45 1.0742091417587556 0.7474355851095262 2 1
46 1.2297474034376608 0.6826380131905313 2 1
47 1.1855411005241567 0.6933057973786372 2 1
48 1.0689044600390787 0.7673521626171239 2 1
49 1.0081126419521862 0.7990654733911763 2 1
50 1.0022918944680654 0.8023526722544526 2 1
51 0.9725241730351772 0.8230783403239746 2 1
52 0.8795936237258335 0.8216752658562256 2 1
53 0.969166063999575 0.7679454017943796 2 1
54 0.9701009069979225 0.7598857229992025 2 1
55 1.4937645824037595 0.3429990741904688 2 1
56 0.7245942120791922 0.6232805327693872 2 1
57 1.869550728104108 0.0061625273455175305 2 1
58 2.027132175963845 0.0161514610553728 2 1
59 1.8248863814609422 0.13943007280089195 2 1
60 1.8595645724286225 0.07762730706051534 2 1
61 1.2658331327216663 0.4882643347607396 2 1
62 1.3192234685443767 0.4818218084238906 2 1
63 1.2838484607028233 0.5043559156320558 2 1
64 1.2811108365547694 0.5031220749313318 2 1
65 1.305420582946252 0.5093271123365317 2 1
66 1.4458362217226357 0.4080678039117317 2 1
67 1.468894737870543 0.40335941165389755 2 1
68 1.5335722547550326 0.36089411232367274 2 1
69 1.722134556612816 0.20288216298741948 2 1
70 1.7773875368897682 0.15751297737307796 2 1
71 1.7707090910903123 0.15915525087702617 2 1
72 1.7348145290438683 0.18818855366766954 1 1
73 1.6641833659432743 0.22470147677944793 1 1
74 1.64286846840825 0.2594828584326996 1 1
75 1.6899469897057067 0.16781381476698545 2 1
76 1.6953242419235055 0.15971104013008944 2 1
77 1.7453664777360505 0.04445343717211645 2 1
78 1.4401775435392103 -0.05460350201290282 2 1
79 1.664650471944288 -0.07260350167803648 2 1
80 2.258161905947011 -0.20774447657364153 2 1
81 1.9568856288989176 -0.0905120504305712 2 1
82 2.1564874030380103 -0.10084551818921034 2 1
83 1.9341154185889335 0.06989561873463608 2 1
84 1.6788212030546852 0.24422636622640856 2 1
85 0.7684701381065651 0.5898552959124267 2 1
86 1.6134014377563153 0.18901359127758113 2 1
87 1.7533213122981994 0.19306561034531383 2 1
88 1.8938496190797736 0.08306072629495397 2 1
89 1.5382428536035926 0.30837397717767306 2 1
90 0.7604706611471874 0.8962017393941714 2 1
91 0.7548089968871112 0.8938676095514071 2 1
92 0.6835676307143741 0.9203565323852875 2 1
93 0.7525612978692733 0.8809295086191046 2 1
94 0.758659835572689 0.8441961841032989 2 1
95 0.9000336470572199 0.742206026896245 2 1
