8 11.583073661410943 0.6007602552432646 0 1
9 16.439220450916977 0.13013117063485616 1 1
10 16.998979594105343 0.1530895913431567 2 1
11 16.115335193936936 0.13948206371958757 2 1
12 14.277907770780267 0.23740182240169766 3 1
13 15.104367807045794 0.27910186987444996 3 1
14 16.320559360465346 0.1565833687679404 3 1
15 16.187811316765508 0.11211920066398162 3 1
16 16.401240080924566 0.06290725514939363 3 1
17 14.697816467767652 0.1479188314372135 3 1
18 15.367410195618135 0.05511452598724182 3 1
19 6.70905742883971 0.8339195671761723 3 1
20 15.983334812895034 -0.02905660860806881 3 1
21 17.00410734375257 -0.11982166545825818 3 1
22 16.882879045264502 -0.06284186100048558 3 1
23 17.400010009117835 -0.05710157299825701 3 1
24 17.15084714433206 0.09865965111395561 3 1
25 15.617194177368056 0.49015444454737095 3 1
26 16.93078062743414 0.2636705166397363 3 1
27 17.421370826049333 0.08931164684127885 3 1
28 16.036920381696106 0.38955570313919957 3 1
29 13.605839018274299 0.5529955163053472 3 1
30 13.42647333873564 0.5709826525017814 3 1
31 13.937886255595814 0.6554508404790437 3 1
32 13.640806394849388 0.6040778425285303 3 1
33 13.754930987681846 0.4033595602539541 3 1
34 14.311557411763069 0.1425415343567278 3 1
35 14.901090223710238 -0.05752394620891754 3 1
36 15.909519938765442 -0.14357455764780414 3 1
37 17.364468736062154 -0.03840595230949175 3 1
38 14.24611114745342 0.15812897957875477 3 1
39 14.776908699255856 0.21172727080638792 3 1
40 14.27053063752166 0.37481839335883405 3 1
41 14.139727510476128 0.35810779428354844 3 1
42 13.585518193210685 0.2987748834467237 3 1
43 14.17337460701497 0.11162969350936673 3 1
44 15.225202582170159 0.22484150384528184 3 1
45 17.122265852862352 0.038461477143496896 3 1
46 18.28079153018342 -0.043527970832424344 3 1
47 18.618537849393245 -0.1667911867093988 3 1
48 18.185092336500993 -0.15082146304197813 3 1
49 15.85287584036993 0.16920606056512852 3 1
50 16.156688418618742 0.3720044608864057 3 1
51 16.11857827419038 0.369871812811342 3 1
52 13.903604539780538 0.4325028005361748 3 1
53 14.332855939743077 0.4336612879101114 3 1
54 15.98766613855095 0.35792282392044256 3 1
55 15.006201513255839 0.3944040640750008 3 1
56 14.861266314525913 0.29776758302205114 3 1
57 14.83176028145592 0.28354204670409894 3 1
58 12.165697697666879 0.7287940570270295 3 1
59 11.300410570206097 0.7449240188288023 3 1
60 9.995713220443779 0.8594644577713151 2 1
61 7.619299257651615 0.6354295704280941 1 1
62 8.10162489896208 0.5313519760904213 2 1
63 16.909997863377583 -0.07433527404064429 2 1
64 16.855736488591777 -0.13125349393160027 3 1
65 17.654899965956275 -0.10886201746342226 3 1
66 16.678996136806177 0.04496580678058816 3 1
67 18.290241847951272 -0.16507141387597798 3 1
68 16.22404880865579 -0.03981788132159113 3 1
69 17.41133985799084 -0.13716026080446697 3 1
70 16.066779162823604 0.057114653425833925 3 1
71 11.852247998068322 0.4340838573079655 3 1
72 10.210958264138608 0.7762438900830114 2 1
73 11.106318740234798 0.30841927908807365 2 1
74 16.916056872585745 -0.028416735204718498 2 1
75 18.1203298588753 -0.0912175803260661 2 1
76 17.004097959477185 -0.088455659774261 2 1
77 16.438273436278042 -0.01175203783775049 2 1
78 13.012657404149898 0.2293417784081254 1 1
79 10.08270371963488 0.7373620062016643 1 1
80 11.500203492332304 0.7528575550829103 2 1
81 11.362313418499575 0.7937204055687851 2 1
82 12.073111034563176 0.7872987510213603 2 1
83 13.354267599540776 0.7230715682320985 3 1
84 12.337928161355006 0.7770765543883861 3 1
85 11.900008590120784 0.8156759762854141 3 1
86 11.084119951028455 0.8533033741822077 3 1
87 10.584641772970258 0.8304496542062284 3 1
88 10.806358482357375 0.7882285571444912 3 1
89 11.695574392341904 0.6379729878207823 3 1
90 9.846119977467655 0.7041608544587162 3 1
91 9.673423633810337 0.8605383498909978 3 1
92 10.215930462003293 0.8932666159102856 3 1
93 9.623076066557797 0.8986568138419285 3 1
94 9.995903540639722 0.8929621489017663 3 1
95 9.319322484866255 0.8710181955194967 3 1
