18 2.031063108802692 0.17933313936151304 0 1
19 2.0229975456496625 0.07159445935887229 1 1
20 1.702663137216267 0.2310722820915469 1 1
21 1.4725545452093636 0.39667921365277126 1 1
22 1.2931153881937334 0.5148701217324337 1 1
23 1.3097646313122873 0.4577386690494399 1 1
24 0.99081896820935 0.6268758436253071 1 1
25 1.3691619818292695 0.40386126124367544 1 1
26 2.1488196316787223 -0.023020987257621993 1 1
27 1.8194974121343463 0.18574483137040274 1 1
28 1.5168971748263758 0.2849995981303892 1 1
29 1.8715207058558088 0.10638873659057539 1 1
30 1.4353742767368525 0.29228746476226264 1 1
31 0.8381016769831495 0.7326980746971397 1 1
32 1.5718090856818208 0.21431930366368965 1 1
33 1.744890427193348 0.14281487581975663 1 1
34 1.2572032234832218 0.4888434073334586 1 1
35 1.01923117862649 0.6970500996390868 1 1
36 1.0325320686039365 0.6868977661627175 1 1
37 1.0262306715666494 0.6656386768430903 1 1
38 1.0111436097883901 0.6730323781740692 1 1
39 1.3931426676181449 0.39625748788243914 1 1
40 1.7432623192747316 0.21662828902390388 1 1
41 1.2486509497071854 0.5183804920946068 1 1
42 0.9595691260279038 0.6920425448780637 1 1
43 0.5865400035780244 0.8549430330308452 0 1
44 0.6684182305992064 0.8960477631061601 1 1
45 0.9883662971979268 0.721924323221948 1 1
46 1.368945406245845 0.39923945980049924 1 1
47 2.261723192424503 -0.08173570283157916 1 1
48 1.820710721814236 0.08556695769051269 1 1
49 1.0058037552647114 0.22435906110845621 1 1
50 1.8779541731308118 0.05085003255146325 1 1
51 1.803392330371281 0.06195189348461909 1 1
52 1.052587687605409 0.6465652099583624 1 1
53 0.8289875102459732 0.786976945159098 1 1
54 0.6039509786049164 0.8943947874357562 1 1
55 0.8871030895726548 0.7580957225755953 1 1
56 0.9944859146176572 0.7131405671128503 1 1
57 0.5772175664614272 0.9256657828437937 1 1
58 0.8051845490087306 0.7724001922674699 1 1
59 0.8152732193989705 0.7626374375829187 1 1
60 0.708014619867857 0.8442069791611965 1 1
61 0.7119508399928938 0.8973877245510151 1 1
62 0.6736553432643229 0.9122991312066726 1 1
63 0.7969078330733863 0.8209757533100268 1 1
64 1.0790248327778231 0.6082143935821653 1 1
65 1.5865957922518676 0.3785693012910888 1 1
66 1.0759944214666008 0.6046535012849633 1 1
67 0.6846477284710559 0.7822971832685727 1 1
68 1.6617054233635153 0.26004221112544584 0 1
69 1.4725703662587772 0.12852392878686292 0 1
70 1.3094807380592677 0.13706002699962447 0 1
71 1.060617299394413 0.5842168072864258 0 1
72 1.7423411917961076 0.1358738250978165 0 1
73 1.8704442139579678 -0.08862662145267937 1 1
74 0.9013391362910541 0.7567845843766408 0 1
75 1.4321166324082384 0.28277026967482843 1 1
76 1.4111359410519135 0.2953829031270058 1 1
77 1.3106835249401332 0.5143879631209286 1 1
78 1.191158098827069 0.6855654479244931 1 1
79 1.1695123480053056 0.6620129978899718 1 1
80 1.4719092768788435 0.45343684985031535 1 1
81 1.4168899146690102 0.45677863400204655 1 1
82 1.1945151866138897 0.534910829830831 1 1
83 1.0266941793438464 0.6407458460493479 1 1
84 1.2151825300931183 0.5607969066744953 1 1
85 1.0958810334415023 0.6095247115615434 1 1
86 1.190785009357354 0.5413920074549811 1 1
87 1.212480746287163 0.5286585571638699 1 1
88 1.0370299280611723 0.6421197036096553 1 1
89 0.8641849398792143 0.744826800550721 1 1
90 0.6655954429155635 0.8477912988260878 1 1
91 0.7204873475893896 0.788539434240584 1 1
92 0.8297196797447324 0.7245028285343569 1 1
93 0.5810934648448258 0.886714311561093 1 1
94 1.160203444213133 0.44754568537154155 1 1
95 0.9717510795044264 0.5309786296228419 1 1
