18 0.7063949526849305 0.6774110721161178 0 1
19 2.0014246656698287 -0.1388097032646393 1 1
20 1.834004784626499 -0.22162799917837986 1 1
21 1.9668569052663543 0.014043226710603103 1 1
22 0.6697806106591004 0.6116947210010917 1 1
23 1.9335623806464453 0.10808833251268898 1 1
24 2.3408961212039348 -0.09078072839087986 1 1
25 0.5417676494673254 0.7659032912335295 1 1
26 2.0207996302841362 -0.017077752758223038 1 1
27 2.1758577033022046 -0.07455659142509959 1 1
28 2.03453753654742 0.0008000493368849444 1 1
29 1.0207214874180268 0.6426801941244374 1 1
30 0.5623425549933048 0.9020508161421928 1 1
31 0.829406323436741 0.7179259428456525 1 1
32 1.4471304750092573 0.4198818836487932 1 1
33 1.5524422718313566 0.3458858589911687 1 1
34 1.2341325422779779 0.49185057786702413 1 1
35 1.1956739239411274 0.5042744116665827 1 1
36 1.373777900985834 0.2588074399866967 1 1
37 1.268854600475211 0.16857806371743497 1 1
38 1.3964699323875296 0.2831404635277056 1 1
39 1.7472587113904678 0.17331722167411254 1 1
40 1.7977972369452182 0.11961296057168316 1 1
41 1.6584406007988441 0.30899450663831424 1 1
42 1.7349266973696187 -0.02418722491898259 1 1
43 2.3590003080214226 -0.10184061417778573 1 1
44 2.061539523248989 -0.07799610539503572 1 1
45 1.230623537195851 0.5321869805330081 1 1
46 1.7254764130690239 0.23486103785664922 1 1
47 1.8690477226417705 0.1697708397536312 1 1
48 1.0743413246421838 0.5969419916796357 1 1
49 1.3667231469183188 0.5285318970996185 1 1
50 1.5578514208600263 0.4328823943334955 1 1
51 1.2555958249723327 0.5158541254298369 1 1
52 0.8223724510524821 0.697824500469417 1 1
53 0.6461605240028057 0.8662862126285985 1 1
54 0.43406681948289627 0.9402408375142474 1 1
55 1.8091991478407383 0.05936282933507188 1 1
56 2.339035712154887 -0.08498053672417068 1 1
57 2.296547553724926 -0.07362819132958616 1 1
58 0.9529415202250844 0.6098645266730262 1 1
59 1.1456341704477557 0.3906672360295364 1 1
60 2.015695652534027 0.007475017738189771 1 1
61 1.9167515454711124 0.04560423618769802 1 1
62 0.7138113631913265 0.8323329328905683 1 1
63 1.5304389909584808 0.1249244356826421 1 1
64 2.2018649585591437 -0.04064392842578974 1 1
65 2.00830546826567 0.056536720163876356 1 1
66 0.9002667058602905 0.7068594980497508 1 1
67 0.6441521872715601 0.8829903143288552 1 1
68 0.6363654143945316 0.8867351183647827 1 1
69 0.8112912651553721 0.5805965372486964 1 1
70 2.102969736708884 -0.1215758288130445 1 1
71 2.5914910304784575 -0.17599769616894598 1 1
72 2.0675119625016345 -0.0827855186819832 1 1
73 0.8801618915969653 0.6818736265455327 1 1
74 1.671307839894208 -0.020473261131668207 1 1
75 2.0864046774787948 -0.12819594681506707 1 1
76 1.8898232460529236 -0.028154174758652575 1 1
77 1.6335628621184402 0.3091564054577294 1 1
78 1.3185939826414028 0.44714695472925087 1 1
79 1.0265699861801716 0.7249868220570062 1 1
80 1.1206296623082403 0.7874090195906787 1 1
81 1.1505847168852474 0.769778466628073 1 1
82 0.808525067747019 0.8953387740629839 1 1
83 0.7404930968189909 0.8453379147353757 1 1
84 0.7937353474345938 0.7745569753017398 1 1
85 0.8381133649444505 0.7576826238176589 1 1
86 0.5243109522654246 0.8968934625618572 1 1
87 0.8963125065982638 0.6733231786071951 1 1
88 1.2189727933310088 0.4760207605517945 1 1
89 0.6955041757482654 0.8256509267271189 1 1
90 0.6436841421269008 0.8603374697412461 1 1
91 0.6049209556989865 0.9132089407031818 1 1
92 0.6375932792613845 0.8797410081896971 1 1
93 0.5004668500145737 0.9171190295288184 0 1
94 0.5991552438346286 0.9074607374510986 1 1
95 0.5918422582884038 0.9125107363387427 1 1
