13 2.6649822850637683 -0.1200064118256034 1 1
14 2.8209887897151775 -0.13264259729741668 2 1
15 3.037350767031441 -0.1197367093254353 3 1
16 2.8247314573199285 -0.07180479796912871 3 1
17 2.68859400238747 -0.03325501493872754 3 1
18 2.6431674976412793 -0.01762514471235512 3 1
19 2.6825477585176607 0.029976255334334533 3 1
20 2.32388509396434 0.2008474371200645 3 1
21 0.9260123635720934 0.7002293936629316 3 1
22 0.9622706089381659 0.6628344842649033 2 1
23 1.6556556106897053 0.3735978566195887 2 1
24 1.9894308436046737 0.29356722094661236 2 1
25 1.7156334398612882 0.38210533281281006 3 1
26 1.4217830320295652 0.5067815262578759 3 1
27 1.2477143675725904 0.5792883835506851 3 1
28 1.1965577254229869 0.5910392299639354 3 1
29 1.121200197230407 0.6151171674783789 3 1
30 1.0488257167126322 0.638037737046648 3 1
31 1.0159815245473771 0.6561634464073611 3 1
32 0.9229683917607057 0.7005829057496448 3 1
33 0.8457202169762725 0.7358186525093638 3 1
34 0.8693857360368353 0.7177200491010999 3 1
35 1.0483624743388171 0.6622420604893412 3 1
36 1.2728234191374543 0.6051939658907156 3 1
37 1.222271666731353 0.6245517644070091 3 1
38 0.9741805197677831 0.6966995172968692 3 1
39 0.5448006685671318 0.8642649460409001 3 1
40 0.6108841731780963 0.7963517896671078 3 1
41 0.7500285850148565 0.7162424856593974 3 1
42 0.8539987184577038 0.6288663397148768 3 1
43 1.3920556555886154 0.4110826819263355 3 1
44 1.4337683823096476 0.4359033438314628 3 1
45 1.3869442801236964 0.46647384534972164 3 1
46 1.3409594230785338 0.48979519342114486 3 1
47 1.339426416894911 0.497857655216267 3 1
48 1.2979762417024663 0.5148676250252895 3 1
49 1.2467043889529537 0.5390800583944415 3 1
50 1.1649292419246011 0.5779338295207309 3 1
51 1.180920635212951 0.5848729891102984 3 1
52 1.1490522249904789 0.6044799561170262 3 1
53 0.7274628252744924 0.7424252514751571 3 1
54 0.834458021751832 0.6324603740039398 3 1
55 1.185345477376063 0.4494757322266658 3 1
56 1.3200423966681658 0.37722581309755093 3 1
57 1.309032766697185 0.3787106324360041 3 1
58 1.2009120411551137 0.4415495495129517 3 1
59 1.1103347644885018 0.4843967029400741 3 1
60 1.4295750290636038 0.4446813562570999 3 1
61 1.5916127291588138 0.4105270807966807 3 1
62 1.0873048209346035 0.5596872784574699 3 1
63 0.8609744951037959 0.6727427324549478 3 1
64 0.7711524169724129 0.7626483738171544 2 1
65 0.7674570394272742 0.7941793988880238 1 1
66 0.7669608977481381 0.7846582829027859 2 1
67 0.7864356202579543 0.7675249154837663 3 1
68 0.8209490071676884 0.7507950472425128 3 1
69 0.8897494845880392 0.7223552950920984 3 1
70 0.9263740300211811 0.7082667387402307 3 1
71 1.0289136314070468 0.6739495116846216 3 1
72 1.176525167907494 0.623832664241013 3 1
73 1.0487750902088058 0.6532673001667861 3 1
74 0.8897758524959647 0.6989473035418393 3 1
75 1.7105601921087557 0.42285675737343353 2 1
76 1.9744326927102822 0.3412644086743862 2 1
77 1.9637561738090916 0.3312781371593387 2 1
78 1.7594341627599217 0.38267564350758176 2 1
79 1.327572093146654 0.5111080154323662 2 1
80 1.1153672048453505 0.5769700945357327 2 1
81 1.0387638969898898 0.6098497737184468 2 1
82 0.8668619700533036 0.6899122412313052 2 1
83 0.8198631295333811 0.7393321647952723 1 1
84 0.8226256280529851 0.7256646689389731 2 1
85 0.7887726580794281 0.7534265734287732 2 1
86 0.7656072548472252 0.7427321650856966 3 1
87 0.7548307584147773 0.7721407346381011 3 1
88 0.7433898620664161 0.7756518040974547 3 1
89 0.7532345343030027 0.767430895383063 3 1
90 0.7061819488093297 0.7901082614192194 3 1
91 0.6427259059400008 0.8180760889270515 3 1
92 0.6273737083615192 0.825510255197231 3 1
93 0.6268289786010328 0.824528162501986 3 1
94 0.6327141471920532 0.8224812373539477 3 1
95 0.6482604036750041 0.8160626487781898 3 1
