8 18.010956487360296 -0.1133887488723367 0 1
9 18.030149827353455 -0.05216549828658888 1 1
10 17.313132260693223 0.013473235186453186 2 1
11 15.10598278943366 0.3130674459344854 2 1
12 15.122020693496708 0.3360041835880795 2 1
13 16.386852631949267 0.2015943219209771 3 1
14 15.737262631428163 0.2646259347419965 3 1
15 14.339641307933668 0.3944088301351037 3 1
16 15.176251636865004 0.3605643899678947 3 1
17 13.864117759944591 0.32705373651772957 3 1
18 16.705036170711267 -0.00808642958168473 2 1
19 16.053439976498176 0.1195659049830519 2 1
20 13.933227836711172 0.34426489706413416 2 1
21 14.68211382673379 0.3308507683157675 3 1
22 14.342507192468148 0.3730460895822257 3 1
23 13.674456827675282 0.39063811650440006 3 1
24 14.156266389573176 0.37567907495674197 3 1
25 13.56294715964654 0.5609874688873283 3 1
26 13.12402523668404 0.5979866394305337 3 1
27 13.182769347691316 0.6294125237880377 3 1
28 12.544903393020952 0.7135347382560753 3 1
29 10.689100000001758 0.851040512960257 3 1
30 10.595772229512423 0.8662209640467904 3 1
31 10.207421962619595 0.5196680354419903 3 1
32 14.541656499605399 -0.007608382512067709 3 1
33 14.841467762086157 -0.0033661551264437825 3 1
34 13.58395871527437 0.1642239102751935 3 1
35 14.274241536792587 0.14452567028378116 3 1
36 14.561187108363626 0.18545985500333825 3 1
37 15.166649374644301 0.1665156560107454 3 1
38 15.080493401708004 0.19321050257907138 3 1
39 14.942313133080862 0.22722810266145468 3 1
40 14.816748226371445 0.24123697211643239 3 1
41 13.956741127749723 0.44063857516085086 3 1
42 14.790180255283037 0.5413567833705767 3 1
43 14.996225333939115 0.5439577580945167 3 1
44 15.001487803836646 0.5570966246163104 3 1
45 15.054626279135963 0.5625766096496663 3 1
46 13.369284709220423 0.7256650703685666 3 1
47 13.28639967668903 0.6761898341565122 3 1
48 13.453878033290326 0.7216313367651831 3 1
49 12.937773101230206 0.7633968125586076 3 1
50 10.5777884770661 0.7682826011116495 3 1
51 14.83767534374698 0.24050451334579162 3 1
52 15.384140410918192 0.12973230359709712 3 1
53 13.0584805040255 0.47184207122461175 3 1
54 13.64240173053902 0.5494862475473046 3 1
55 12.741909477671733 0.672126056938699 3 1
56 11.935156475219781 0.8600940405518959 3 1
57 10.7351909302558 0.7472170951009726 3 1
58 12.76127664631452 0.3880243764152046 3 1
59 12.048438034992941 0.6438648465502294 3 1
60 11.920115086377287 0.6892497756549922 3 1
61 11.816672666281868 0.6943197507304053 3 1
62 12.266850323426254 0.6585588469305613 3 1
63 11.737491330859427 0.6711588981278978 2 1
64 11.481914731047219 0.6723705732576765 2 1
65 9.403535948099744 0.7297435056109445 2 1
66 12.641601065402881 0.3342814293066111 3 1
67 10.050520044858075 0.7410292720669817 3 1
68 11.262602670956579 0.6524233526891744 3 1
69 12.923574843045806 0.35213303692342734 3 1
70 15.379303426021579 0.15498369011196428 3 1
71 16.65530763199527 -0.262353100900727 3 1
72 17.238004509854598 -0.2092067535173482 3 1
73 15.943445867452763 -0.11688430877289245 3 1
74 15.438576869407044 -0.07246138958926213 3 1
75 14.93706194145184 -0.0593826146471924 3 1
76 14.668542933434235 0.05527843545203233 3 1
77 14.997053075735447 0.4054415187438653 3 1
78 15.079103792905109 0.5103039419071738 3 1
79 14.889043051112893 0.5341518663178663 3 1
80 15.532128409779574 0.49516720616180915 3 1
81 15.315954762780748 0.5469631276358237 3 1
82 13.143697706841323 0.7405861567025062 3 1
83 12.558836039105323 0.6389088123448939 3 1
84 13.258287937169335 0.588528595699822 3 1
85 12.67685128396997 0.6479155399863673 3 1
86 12.538301812002452 0.6374907362609081 3 1
87 12.659972938155253 0.6461650328395486 3 1
88 11.883410345506427 0.6997460781355574 3 1
89 11.632381421774944 0.7258279737526127 3 1
90 9.145228591126452 0.8862892123140365 3 1
91 10.564873265723527 0.7688422051547256 3 1
92 11.496655515189655 0.7470212060042188 3 1
93 9.873956111621375 0.8185794464098307 3 1
94 10.191068327436378 0.8605999396186454 3 1
95 10.371871030959579 0.8531447358218344 3 1
