2 1.4027848163575705 0.47061822685532895 0 1
3 1.2513606274455116 0.4783742082158273 1 1
4 1.1500027666350539 0.4664498753544669 1 1
5 1.6694043870801805 0.023348023639840423 2 1
6 2.2330288763582065 -0.14754587041845899 2 1
7 2.215525936790425 -0.13959327272484334 3 1
8 2.404421692356551 -0.22225507266282804 3 1
9 2.21563861278738 -0.3925837816291542 4 1
10 2.227694364178187 -0.3900674518792672 4 1
11 1.6589055691936876 -0.033098292954048904 4 1
12 1.5957978901667484 0.22538369633085076 4 1
13 1.6617740968173615 0.16374625243350374 4 1
14 1.731005277981402 0.15776475142669694 4 1
15 1.6539505220159088 0.16278625944442454 4 1
16 1.63935990682723 0.22945859244514544 4 1
17 1.668406059798266 0.23616662885524567 4 1
18 1.768652174929172 0.11999375371716997 4 1
19 1.6934912560588682 0.15468150194894018 4 1
20 1.7359338879176995 0.12289050904888918 4 1
21 1.0701098317458007 0.39008958437541397 4 1
22 1.5860109331227878 0.012278699100949215 4 1
23 2.1493098482278548 -0.06156872666466658 4 1
24 2.2710691567064174 -0.09094278590853733 4 1
25 2.245344421606167 -0.09701708595937412 4 1
26 1.9494048511156565 -0.11396549499170623 4 1
27 1.942277069430257 -0.08108089619143678 4 1
28 1.7387378581361972 0.08014541881337287 4 1
29 1.3661870355743577 0.14899411580395558 4 1
30 1.6494024733207677 -0.0545954840732965 3 1
31 1.1066670794784814 0.4927585778705744 3 1
32 1.614131868722585 -0.02602102268028856 4 1
33 1.9747159713515074 -0.1745829630002164 4 1
34 1.9073568162921193 0.024757849937288308 4 1
35 1.9477879019894635 0.02457573950368924 4 1
36 1.758820013318954 -0.013237691120077593 4 1
37 1.074336902980952 0.5380340610217188 4 1
38 1.22629112946621 0.5214781486844157 4 1
39 1.1404605638713052 0.5877827415802432 4 1
40 1.5944974430724335 0.2776299768765568 4 1
41 1.8066039337625526 0.05703828375239685 4 1
42 2.012122682238024 -0.12768819412804472 4 1
43 2.055769088431516 -0.08377796833904491 4 1
44 2.0632224852527594 -0.046310446479441596 4 1
45 2.0634596703721666 -0.04775000739611587 4 1
46 1.947571169075399 0.046166147117527104 4 1
47 1.9250512856067088 0.06557556748239451 4 1
48 1.7556475161472962 0.12502575979530067 4 1
49 1.7908899766204858 0.14736801341142947 4 1
50 1.7316326529679795 0.19703199818446257 4 1
51 1.6961594592229163 0.20930286625082256 4 1
52 1.6149368741349281 0.21833170504068716 4 1
53 1.6199048859947505 0.1671493659892596 4 1
54 1.607310773338055 0.20710457438757732 4 1
55 1.750962699657613 0.13755193900154686 4 1
56 1.7496905602660338 0.13864081236683684 4 1
57 1.7067801421397082 0.15678496197805802 4 1
58 1.5935303676915487 0.27082866602311023 4 1
59 1.4574349042752068 0.45146898654825857 4 1
60 1.4216079361921352 0.3700539091872435 4 1
61 2.082840276375485 -0.20479818161146796 4 1
62 2.1953413514929334 -0.22274449278798428 4 1
63 1.646333772017627 0.19467213648370482 4 1
64 0.9811380325731527 0.7144155644686446 4 1
65 0.837378809248503 0.8068909491475003 4 1
66 1.6298254842824962 0.13243081290203026 4 1
67 2.095384039725113 -0.307114584956521 4 1
68 2.1047749329525596 -0.379440591693299 4 1
69 1.9674298832048942 -0.1845497976638886 4 1
70 2.0665258169510814 -0.06725983911189248 4 1
71 2.0306710416394633 -0.05941736018927585 4 1
72 1.8127985146357624 0.06743475034277503 4 1
73 1.638202285722202 0.23016992197204686 4 1
74 1.5996938312352933 0.2416801785705753 4 1
75 1.7872772462358686 0.18034683399913176 4 1
76 1.449105322292386 0.30908272221754507 4 1
77 1.3486637968618842 0.4068017845316987 4 1
78 1.5747066738430622 0.30986375436741215 4 1
79 1.6806433301544779 0.19901173430381414 4 1
80 1.604953388235483 0.16194330462381032 4 1
81 1.6942172869791978 0.21109875174954465 4 1
82 1.6263985699554633 0.2029556024340198 3 1
83 1.4763174439404452 0.36598956637189733 3 1
84 1.3812872597378352 0.44883619184811746 3 1
85 1.399009683939692 0.378786014474447 2 1
86 1.0806296249079397 0.656955162808913 3 1
87 1.0674511115914171 0.4560811070845783 3 1
88 1.5064821904126564 0.14936405822095672 4 1
89 1.7162784602420897 0.14557507785894822 4 1
90 1.1882319802495198 0.3662792613126105 4 1
91 1.136655268772203 0.6155587480304745 4 1
92 1.241651681418344 0.5675490324084665 4 1
93 1.5260143774083206 0.32489409043731277 4 1
94 1.7612915459774072 0.18844310303957343 4 1
95 1.809509211162693 0.12705231930797733 4 1
