15 0
16 -0.6286872870598471
17 -0.6189371680151976
18 0.5545234487785754
19 -0.6337933855713662
20 -0.4017097056340304
21 -0.4281318718120529
22 2.1148006232804173
23 -0.6188751238048934
24 -0.4209929472288274
25 -0.43906811563664033
26 -0.466838807758095
27 -0.43937978090529284
28 1.2475393075560626
29 -0.6240883196918744
30 0.04097267687909733
31 -0.19044704282454908
32 -0.37978959455547295
33 -0.6251644977472789
34 -0.49182173050413086
35 -0.2125098072777657
36 -0.6149564940928846
37 2.891212425834446
38 -0.4413036783803986
39 -0.3752494128948093
40 2.892985580746144
41 -0.3746987615067661
42 2.4486784904286427
43 -0.6189708840826923
44 -0.5910383759800104
45 -0.4480264463133631
46 -0.6153534445713186
47 -0.40882491721107256
48 2.896033359537622
49 -0.6332351417844321
50 -0.6190408740941771
51 0.5565803264549583
52 2.4920813219785476
53 -0.6309123157796417
54 -0.6240990430266041
55 0.9394048229782408
56 -0.6257194775574342
57 2.022335807394912
58 -0.4438701653874037
59 -0.6188778985256178
60 -0.4132772038145457
61 -0.6239326085472289
62 2.2621904267949704
63 2.2411875761998505
64 -0.6338402490131577
65 -0.45416389282407493
66 1.658461025127833
67 -0.6321833981943571
68 -0.6107050966927514
69 -0.4853337944435405
70 -0.6201660359616873
71 -0.5614237685706577
72 -0.614676757032884
73 -0.5639145336017606
74 0.8928873691777001
75 0.5785896664776442
76 2.4663545415607397
77 -0.6198086868820937
78 -0.34672932159168357
79 1.4988809094529842
80 2.7076243647035185
81 2.8680853100572965
82 -0.5551558377320306
83 1.45653331542459
84 0.6890136887940068
85 -0.5053669572442177
86 2.8347795795478636
87 -0.6268480508554145
88 1.5759229814636557
89 -0.510103596322725
90 2.758288538834804
91 2.7859377858356864
92 2.4377037712721026
93 -0.620993765213732
94 -0.3870111204524938
95 0.9857183736417677
