2 0
3 -0.49573918119864147
4 -0.5399332920213092
5 -0.42981845661411455
6 2.4101134424720434
7 1.347989373055728
8 0.2043785728260385
9 0.28958099605810494
10 -0.6460072772690895
11 -0.1934207348405456
12 0.2582302484900868
13 0.49288114257779675
14 -0.49348908205025
15 -0.7451460094414953
16 -0.29814959606401326
17 -0.47448462664793
18 -0.848570545635977
19 -0.696599286542476
20 -0.45659083480851687
21 -0.8052751644699169
22 -0.9190097517275726
23 -0.7477434542087853
24 -0.6703424236876074
25 -0.3982192310505838
26 -0.1114336658491914
27 0.22984628355406592
28 0.5966460353497367
29 0.10433116263579102
30 -0.1517847733043658
31 0.24147995184778917
32 1.0921374695901647
33 0.5293895012752383
34 0.5759146812996601
35 1.0407794419963288
36 0.6472870955347202
37 0.7746264485542527
38 0.6440580616145272
39 3.117417760841024
40 2.8179302182600576
41 2.347249192126805
42 2.2595205422058275
43 2.139232906622011
44 2.7824042284304285
45 2.8262976015725605
46 1.7054575163309698
47 0.6348919772153581
48 1.229719847353584
49 0.522949872937668
50 0.6072478471973419
51 0.38308800772991913
52 0.24959539298084996
53 0.9319850093905921
54 1.147614558754943
55 0.6491499822460116
56 1.2179214017926445
57 1.6990733315640651
58 1.9428261687546382
59 1.9667124317101536
60 2.4054895421050726
61 2.690198875559426
62 3.075302634077185
63 3.8009965347173904
64 2.548444274963188
65 0.8758213993307377
66 0.5293896767098009
67 0.5669235108760347
68 1.379119956472931
69 2.6523597673475963
70 1.8228407241996107
71 1.547295221945906
72 1.0475803778964239
73 1.109074153078412
74 0.45188272469171265
75 0.47355551068757523
76 -0.0763944394780147
77 -0.40278037938497696
78 -0.002670008658662173
79 3.150990697778509
80 3.081431064642745
81 2.768072246840999
82 1.9888741172080102
83 1.8899264884283355
84 0.24830939015102005
85 1.1291802422872634
86 1.3486116711643228
87 1.4523510419919023
88 1.632922181944798
89 1.9840733599377731
90 3.125940768679613
91 3.1386474110122604
92 3.1574821861155407
93 3.334055525529922
94 1.6154620153734416
95 0.7688549243229953
