2 0
3 -0.5537489306286708
4 -0.586068417856405
5 -0.6054530069245683
6 -0.4337373029551753
7 -0.4029000392780433
8 -0.44942616029448074
9 0.46814835971969293
10 1.6023675336813963
11 -0.8887259103547116
12 -0.2153919530527881
13 0.11938943316042082
14 -0.3528300467318629
15 -0.5893512796058762
16 1.142392224306935
17 0.500111246634605
18 0.23381135737243777
19 1.3841338748309584
20 1.499456576510452
21 1.57966541239317
22 1.5115839273442035
23 1.6845011624736137
24 1.7842980857207345
25 1.4845465143595298
26 0.7101083169847648
27 0.4127585183353128
28 0.47966185407398343
29 0.296253351187924
30 0.11951459338522946
31 0.12740238359076983
32 0.02152760114560545
33 -0.570038965898679
34 -0.9164073195576793
35 -0.959406295944539
36 1.6522254118838708
37 2.465147912756242
38 2.5578225930790133
39 2.4790406388236828
40 2.49346249655066
41 2.5626856297323406
42 2.7873158824527504
43 3.084946906721251
44 3.276559533429711
45 2.653870468132448
46 1.998843877714466
47 1.860253316961263
48 2.1464783509153995
49 2.434761818457317
50 2.328591237954429
51 1.7878045821486361
52 1.4409248874419336
53 1.380857570646918
54 1.5956511232487893
55 0.6600844416718823
56 1.8008751121290294
57 1.7350185027770373
58 0.7551072431569987
59 0.9745540163408158
60 1.4593580235127959
61 0.1816336687219597
62 0.09569780204871856
63 0.2272338711405354
64 -0.18315306092985031
65 1.2477534673095765
66 2.4406874404384866
67 3.0904691846618983
68 2.9766644547899896
69 2.697141760618325
70 2.1800187460062617
71 1.3325187034818702
72 1.2060488320717562
73 1.356874977435442
74 1.153199768198795
75 0.40917459772659326
76 -0.36454838924603145
77 -0.46589493377136987
78 1.3948147711333936
79 3.1536892840718065
80 3.2459287694026564
81 3.2922737358008827
82 3.182583188479133
83 2.635954790097382
84 2.831089539406888
85 2.7334056581470083
86 2.9024502601500513
87 2.7479136396383614
88 3.188903448629804
89 3.133005542498783
90 3.233205463119657
91 3.130447611683235
92 3.0814922676924423
93 3.3155759519927717
94 2.884684752821968
95 2.657121174898987
