7 0
8 -0.6191411921564006
9 -0.6190105037402196
10 -0.1675294327904204
11 -0.4222476519385399
12 -0.38706910176388576
13 0.5494669832811694
14 -0.11389103106013065
15 -0.845204194636089
16 -0.5608902009256558
17 0.9058689219553737
18 -0.02033733315616634
19 -0.45150923500318785
20 -0.2637607296861676
21 1.5334863038551843
22 0.006207400653803639
23 1.328290532624078
24 1.6232395423048902
25 1.7534503389518343
26 1.3637922468114514
27 1.0618802676560772
28 1.5162326907623123
29 1.399511393894675
30 0.7830720988475585
31 0.812991959000585
32 0.7858587418883657
33 -0.5968553798192687
34 -0.9616637302412644
35 -0.004056103617839906
36 0.5286311882050616
37 1.5162227529623484
38 -0.21778959409834386
39 0.008975063327399512
40 0.5733797737586477
41 1.7577295562757593
42 0.26958803529527264
43 -0.45196722335716516
44 0.036586514100010674
45 0.736938357009224
46 1.3630913943601728
47 1.8155609820328016
48 1.6948522858338613
49 0.9187198707653316
50 0.8364455298066388
51 0.8904853938530216
52 -0.1681489129311372
53 0.9527788200705194
54 2.540532518889901
55 2.373044319333651
56 2.2680505617231796
57 1.6195852389282543
58 2.0838464718993666
59 2.78653062754949
60 2.0436690828142363
61 1.303469941992522
62 0.9305368620067149
63 1.6222511365636307
64 0.5351033581334081
65 -1.0022147394507905
66 -0.4509571572622798
67 -0.1341193636299131
68 -0.2215458581666019
69 -0.6951056894523184
70 0.11815126378340268
71 0.4372371366035603
72 0.9905416423267879
73 -0.3050247115713895
74 -0.8708847235288815
75 0.01811505292296383
76 1.5872656497929547
77 2.197001644003082
78 1.857057539126784
79 3.3617475017723666
80 2.9600825378577578
81 2.94034050263331
82 2.8883711694618124
83 2.2371255355180724
84 2.402546343436945
85 2.9186631421630898
86 2.8064576853904732
87 3.061010867157821
88 2.931002944011839
89 2.550430853933134
90 3.131660725740687
91 3.162916642229165
92 3.2159296055356252
93 3.2940446024362013
94 -0.5561584364841771
95 -0.6188410025159495
