2 0
3 -0.5441222393117128
4 1.0655257083941538
5 1.9385356275969616
6 1.8434176658034167
7 2.528968226058762
8 -0.17692760570112356
9 1.2994099673291408
10 1.5495168071011485
11 0.7320585002123136
12 -0.03781315496955745
13 -0.026174546944905987
14 -0.699620655669597
15 -0.847109089556258
16 0.003162875710367281
17 2.035939684278922
18 2.052810129985309
19 1.1671602616516348
20 1.3961007303154822
21 1.5923043992804973
22 0.10025773023899205
23 -0.5880580092506466
24 -0.804495015142934
25 -0.7825776660051469
26 -0.4953157940487689
27 0.03628597865603268
28 0.1021180324019816
29 1.0328189798301906
30 1.336632713059135
31 -0.33497482385687843
32 -0.7877872326016445
33 -0.40016403030684555
34 0.6709106702857858
35 2.0719319909313105
36 1.8140573869495527
37 2.146915163779001
38 0.305910680224746
39 -0.32769197835787733
40 -0.28104150840256814
41 0.012980884781956222
42 -0.4078377615614282
43 -0.0909238724275618
44 -0.5566490835053414
45 -0.38091462872272996
46 0.13862455415906577
47 0.5958302267272813
48 0.10071033036006823
49 0.8189877187898859
50 1.0584808257558271
51 0.5792064873111485
52 0.5018614030956657
53 0.2874081593649827
54 1.2099808301790238
55 1.593452197898008
56 1.8640100719115043
57 2.5388688721604398
58 2.7974225838193147
59 2.2208543350839935
60 1.351218031941069
61 0.5848987823066827
62 0.4170048484963155
63 -0.27450022134664487
64 -0.39697885427566104
65 -0.6946911197180107
66 -0.4452668118063926
67 -0.2893804963152049
68 -0.6185658342725716
69 -0.7097935070714663
70 -0.6795851610619732
71 1.0521292118967673
72 0.5995656266720732
73 1.2331694266438682
74 0.7360620089035969
75 0.09671312519333591
76 0.30675439887696815
77 -0.2773450384177739
78 0.34210350622985575
79 2.1165993539565426
80 2.7900117422826964
81 2.869189566006745
82 2.86839994100331
83 3.0264175143327043
84 3.0847605812460923
85 3.0620238008476894
86 3.1800747718058293
87 3.2083273094824163
88 3.2694885105083387
89 3.1501367072509976
90 3.2459065104477753
91 3.1124103106266734
92 3.0756582541804454
93 3.308568470291205
94 2.7965556176588064
95 2.8567781910851453
