11 0
12 2.9029042079711895
13 1.8820145215628816
14 0.09292102211835748
15 -0.40697028924752693
16 2.370770737071148
17 -0.6319616211296878
18 -0.6190352569437353
19 -0.3842032663729748
20 -0.42552563710950664
21 0.3209152022043368
22 -0.6917274863969421
23 0.46163891726227635
24 -0.3995109501494706
25 -0.6252251662870364
26 -0.6191084810142045
27 -0.481001012571485
28 2.1092313515748264
29 -0.4194689366204692
30 -0.38603594352537185
31 -0.29736693140703624
32 -0.5141668814711453
33 -0.42108174023828476
34 -0.6193711077535449
35 -0.623751820898157
36 -0.6210079712353863
37 -0.4569384352576414
38 -0.4302594496374189
39 -0.6193890344408838
40 -0.5962666045622196
41 1.1385463263102333
42 -0.6250167813127723
43 -0.577297809378547
44 -0.33094093426936366
45 -0.3990335621310371
46 -0.6188713405277726
47 -0.39478838337558214
48 2.8363138052857306
49 -0.4172857937259022
50 -0.6240489389026567
51 2.7646380644088935
52 2.9046665326797125
53 2.8585199204026814
54 0.7887763750855957
55 0.9248327636505701
56 -0.6022955301829666
57 -0.6243198035392292
58 -0.5915723465484305
59 -0.6160282546273272
60 -0.6191045435172076
61 -0.6189278712784113
62 -0.4258211526419572
63 -0.43101147038447324
64 -0.3972934891500705
65 -0.4395700237945338
66 -0.5856807685292411
67 0.8476746649047036
68 -0.6222759214746492
69 -0.6132455882502141
70 -0.5529614039709057
71 -0.577509351623083
72 -0.6222400085210321
73 -0.6202526129349762
74 -0.574782945247056
75 -0.5944549040097579
76 -0.4318813380649065
77 -0.4833359681849634
78 -0.5497122135376707
79 0.7852939002153636
80 2.572615773140133
81 2.721172271784635
82 -0.5922138094111457
83 -0.6189923878943275
84 -0.5704978434466089
85 -0.0875451417295266
86 -0.6007219973354821
87 2.885815500610804
88 2.989771880353767
89 3.037836138773942
90 3.3024095860730496
91 2.8354295101154463
92 2.861769370121998
93 2.891081441236409
94 -0.619289366976315
95 2.5569004980559
