11 0
12 2.8423270844269757
13 2.6948939089659496
14 -0.23697877911772913
15 1.0614688476205132
16 2.9015003256339833
17 2.9315162511600543
18 0.035258165080730396
19 -0.41422160434181593
20 2.916009212388376
21 2.956334008851166
22 -0.40898637847651265
23 2.7277882339399793
24 2.4175492450528813
25 2.8870344574631406
26 -0.6086346496535683
27 -0.5067101155530254
28 -0.4343832127833332
29 2.3907318084700844
30 -0.449807165455281
31 -0.25883374257454306
32 -0.42515538323865415
33 -0.4353032741702307
34 -0.6189352992699454
35 -0.5737727393388192
36 -0.5149730610314245
37 -0.43051915292104714
38 -0.5624268235043539
39 0.6605975127469194
40 -0.4869744987064901
41 -0.4964757539371375
42 2.000265743183479
43 -0.6230657500115548
44 2.5662525460528123
45 2.6932687818804393
46 0.8737422597396984
47 -0.6211067655515409
48 -0.5119090848467404
49 2.8404550490439373
50 2.881155644816866
51 2.8839581797064797
52 0.8127350374580858
53 2.8136624932498897
54 2.684312694707316
55 2.8908135374997106
56 2.1925867307195124
57 1.917289440630385
58 -0.6232799514392637
59 -0.413080224941733
60 2.0874399209930994
61 -0.5188762275955605
62 -0.6230284006777214
63 -0.4295049671480934
64 -0.614281557866323
65 0.3825099746898965
66 2.534653830576691
67 2.87220135492913
68 -0.6062370873568638
69 -0.6191799550228559
70 1.7568866532058853
71 1.64289368641882
72 -0.5795788044259274
73 0.3187360357105849
74 -0.6135826493872919
75 0.1500095395281603
76 -0.6271977698859842
77 -0.6199786728802706
78 -0.39511817729850157
79 -0.43647213327198087
80 -0.6277916213331696
81 -0.4373222118568219
82 2.631420254614481
83 -0.5707813459533895
84 2.8752677271706983
85 2.888117275694212
86 2.0704514715862694
87 2.7367711899728397
88 2.913786601584879
89 2.844505755407367
90 2.8386643302151877
91 2.8667492619098613
92 2.8764294083524145
93 2.8917997402804385
94 0.5512889066443436
95 2.9218666779421336
