20771.320643266747 14 27 30 37 39 41 42 46
25780.218818994763 30 3 41 39 6 46 27 42
30785.895469817267 41 30 6 39 27 46 42 14
35819.43256570485 41 42 6 30 39 14 10 46
40819.432565704876 41 39 30 10 46 42 3 14
45819.4325657049 37 27 6 9 14 39 42 3
50820.72900205878 30 10 39 46 14 41 3 42
55835.20836017785 41 30 10 39 46 14 3 9
60847.22505274027 10 26 41 46 39 14 3 37
65889.36144654932 9 37 27 6 42 3 26 41
70904.6817061632 9 37 27 6 42 30 26 10
75910.4820313067 6 42 30 37 14 46 39 9
80952.12082428507 3 26 39 14 46 9 37 27
85967.90516357742 37 27 6 41 42 3 10 46
90984.86326302019 46 10 6 41 42 14 3 37
95995.85878402255 46 6 41 42 10 27 14 3
101005.99318702596 6 41 46 42 10 27 14 37
106024.93338234538 41 42 10 9 7 6 46 30
111028.69434339603 3 7 41 6 46 39 42 10
116032.90125083957 10 46 41 6 9 42 14 3
121052.00413645909 46 30 42 41 10 6 3 39
126082.25980274576 10 46 30 6 7 42 9 3
131120.03057835007 46 30 26 7 3 42 27 10
136127.0130314794 46 30 26 6 42 3 10 39
141196.50906364128 9 7 41 6 30 3 39 42
146207.917686923 41 39 10 42 3 46 6 30
151239.67834887447 42 39 10 3 46 30 6 26
156283.65709991968 39 42 10 3 46 30 6 26
161295.14611603122 42 39 26 27 10 30 3 46
166299.89819059137 42 26 39 27 30 3 10 46
171311.01003113264 26 42 39 30 3 27 10 46
176363.36330904326 3 30 10 46 6 42 39 27
181390.703236342 30 3 10 6 46 26 39 42
186431.61520820615 27 26 37 3 30 46 6 10
191459.72536597657 39 27 26 3 30 9 46 10
196477.5421184216 27 37 26 39 30 3 9 10
201520.04572378975 26 39 30 9 3 10 46 6
206539.61061467047 3 30 9 39 10 6 46 27
211571.49019788366 30 3 9 27 39 46 10 6
216646.43254129498 3 30 9 27 39 46 6 10
221676.44994484104 6 10 39 9 30 46 27 3
226802.18552078438 46 6 10 9 39 27 30 42
231954.60112187004 30 3 27 9 6 46 10 41
