20771.320643266747 14 27 30 37 39 41 42 46
25780.218818994763 6 46 27 42 10 14 9 37
30785.895469817267 27 46 42 14 10 3 9 37
35819.43256570485 39 14 10 46 3 37 27 9
40819.432565704876 46 42 3 14 9 37 27 6
45819.4325657049 46 3 14 37 42 27 9 6
50820.72900205878 14 41 3 42 37 9 27 6
55835.20836017785 46 14 3 9 37 27 42 6
60847.22505274027 39 14 3 37 9 27 42 6
65889.36144654932 14 3 41 9 37 27 6 42
70904.6817061632 14 10 3 9 37 27 6 42
75910.4820313067 26 41 14 37 9 27 6 42
80952.12082428507 14 46 9 37 27 6 41 42
85967.90516357742 14 10 9 27 46 6 41 42
90984.86326302019 14 9 27 46 10 6 41 42
95995.85878402255 37 27 14 46 6 41 42 10
101005.99318702596 14 7 39 6 41 46 42 10
106024.93338234538 7 3 6 41 46 39 42 10
111028.69434339603 3 7 41 6 46 39 42 10
116032.90125083957 7 3 41 39 42 6 10 46
121052.00413645909 7 41 3 6 42 39 10 46
126082.25980274576 30 3 41 39 42 10 7 46
131120.03057835007 41 6 30 42 3 10 39 46
136127.0130314794 6 3 30 7 39 10 42 46
141196.50906364128 41 6 30 3 39 42 10 46
146207.917686923 6 30 41 39 10 42 3 46
151239.67834887447 6 41 30 42 39 10 3 46
156283.65709991968 39 42 26 27 10 3 30 46
161295.14611603122 42 39 26 27 10 30 3 46
166299.89819059137 42 26 39 27 30 3 10 46
171311.01003113264 42 39 6 30 3 27 10 46
176363.36330904326 9 27 26 3 30 10 46 6
181390.703236342 39 30 27 26 3 10 6 46
186431.61520820615 27 26 37 3 30 46 6 10
191459.72536597657 27 26 3 30 9 46 10 6
196477.5421184216 26 39 30 3 9 10 46 6
201520.04572378975 27 39 30 9 3 10 46 6
206539.61061467047 3 27 30 9 39 10 6 46
211571.49019788366 30 3 9 27 39 46 10 6
216646.43254129498 3 30 9 27 39 46 6 10
221676.44994484104 30 3 9 27 39 46 6 10
226802.18552078438 30 3 27 9 39 46 6 10
231954.60112187004 30 3 41 27 9 6 46 10
