20771.320643266747 47 44 31 46
25780.218818994763 35 11 23 37
30785.895469817267 11 23 34 37
35819.43256570485 35 23 11 9
40819.432565704876 11 35 23 6
45819.4325657049 11 35 23 6
50820.72900205878 23 35 11 6
55835.20836017785 23 46 11 6
60847.22505274027 11 23 33 6
65889.36144654932 23 11 33 42
70904.6817061632 11 45 33 42
75910.4820313067 11 22 45 42
80952.12082428507 11 44 22 42
85967.90516357742 32 11 46 42
90984.86326302019 11 31 22 42
95995.85878402255 11 32 42 10
101005.99318702596 11 33 45 10
106024.93338234538 11 29 45 10
111028.69434339603 30 10 39 10
116032.90125083957 30 10 45 46
121052.00413645909 46 30 10 46
126082.25980274576 46 18 44 46
131120.03057835007 45 33 46 46
136127.0130314794 46 44 33 46
141196.50906364128 46 33 45 46
146207.917686923 46 10 33 46
151239.67834887447 46 33 10 46
156283.65709991968 31 46 45 46
161295.14611603122 46 11 30 46
166299.89819059137 46 35 10 46
171311.01003113264 34 18 22 46
176363.36330904326 22 34 30 6
181390.703236342 34 22 40 46
186431.61520820615 42 34 29 10
191459.72536597657 46 29 34 6
196477.5421184216 29 21 36 6
201520.04572378975 29 34 17 6
206539.61061467047 20 29 34 46
211571.49019788366 45 33 20 6
216646.43254129498 32 20 30 10
221676.44994484104 46 29 45 10
226802.18552078438 46 43 38 10
231954.60112187004 46 44 45 10
