15 0.0
16 6.253492838572721
17 7.9737575104147975
18 0.0
19 1.8754692365596888
20 3.015354363907547
21 4.522283521448272
22 3.5648694854615703
23 8.773807155548997
24 5.580641097347052
25 3.936830218909687
26 10.463506196932977
27 10.592626200532425
28 8.772322021801996
29 8.872870141150255
30 8.858485184891173
31 8.688275106143076
32 8.04906498823023
33 7.549620596785927
34 4.443516576787639
35 1.9961176732481702
36 0.419949597632287
37 3.3203519100388013
38 5.262517560963232
39 3.6654101099352308
40 3.1707288547992842
41 7.660825550130481
42 0.0
43 4.016602532884564
44 4.571942817486926
45 3.1597391042071146
46 8.366293714365897
47 10.07703243506325
48 9.889200001566971
49 8.816724324275876
50 9.042535776689592
51 10.388443812396913
52 10.663209704102405
53 8.601849426439658
54 2.496487316982404
55 0.0
56 6.741360773158987
57 2.7818430106861225
58 3.405271321447253
59 1.4382534888071896
60 5.420839544915943
61 4.593539039208582
62 2.552953525198806
63 5.945384211438412
64 0.6206066913377903
65 3.1738386866599844
66 6.8629268300739
67 2.542221521674612
68 0.0
69 1.4327449260845933
70 0.7476357566313323
71 0.6180345114137462
72 0.0250933842797388
73 1.9706295001879033
74 0.006024862006158869
75 0.7777304094156274
76 2.67224540423128
77 1.9541083450160215
78 3.0295684329712733
79 3.702014657998079
80 2.568789476509833
81 2.191517417275457
82 3.884223740387181
83 3.6631166471247303
84 2.1977510479074174
85 2.2344129523361
86 6.74587996743797
87 7.637123448810196
88 7.089061382871034
89 9.44167103902543
90 5.869457059217184
91 7.25319384990058
92 0.862561527248972
93 3.640485553552176
94 8.144708324894157
95 7.696004798310432
