1 0.0
2 10.362976473316124
3 5.076081939426418
4 0.03573333558254926
5 0.0
6 0.6615641382608495
7 0.9819913692811797
8 1.5865382114213782
9 0.7646049944517563
10 1.6793526498844245
11 0.557349137141889
12 0.4896527260118079
13 0.5941743320711153
14 2.4916898807771948
15 3.4256443079566794
16 3.1271577146547953
17 2.949862941546411
18 0.5106385230528793
19 0.5077195762848363
20 2.9321194720202604
21 6.360728698911035
22 2.8121863347949976
23 5.213244720791971
24 1.4856157007633073
25 0.7038026087790368
26 1.9963278352624754
27 1.506637126693103
28 2.3155431238206834
29 1.2942925104328782
30 0.6717230410578618
31 3.4920620394649826
32 0.8129880813993978
33 5.923717206837388
34 3.7556117597620124
35 0.7864367498747582
36 9.577285705521629
37 4.807684854700481
38 1.0112461992848139
39 3.904658186901465
40 6.838490902950816
41 4.145731784613793
42 8.830480916525582
43 8.127438923895205
44 6.329720484543437
45 4.8786274736321715
46 3.557261894760756
47 3.72655276592412
48 3.63749123024498
49 9.455735561032698
50 8.756271484607462
51 3.096740754624347
52 1.7980685357602528
53 4.342286674261991
54 7.60849857711834
55 2.691560081504333
56 0.4546827672407987
57 0.7439247787090679
58 1.2427668922659643
59 1.4047779272014784
60 2.5225455967035737
61 1.6676377853939375
62 3.539966274154908
63 1.2231992011079922
64 0.6894078974874173
65 2.0120286007411248
66 2.0309570027766304
67 2.4338396294852207
68 0.7170049999458092
69 3.0387396554686665
70 0.6396427710233141
71 3.0685048457133726
72 1.164595998833948
73 0.7705609071280738
74 0.7317860206574582
75 0.5228074908544492
76 0.19182866548559857
77 0.5553077907220495
78 0.45253872466205347
79 0.6252522023077873
80 1.811737684504218
81 0.9859351495351873
82 0.6691223041489228
83 3.3016290874053484
84 3.459022905313757
85 1.8352765991395503
86 0.8002621860164524
87 3.7556869079333
88 2.180990869990637
89 2.008143632993389
90 0.6301954858467659
91 0.6386166574828778
92 1.2440727398158413
93 0.0
94 1.5355864410836197
95 1.992820206538015
