7 0.0
8 1.9593342422982634
9 1.4255432576704459
10 0.9435973062325508
11 0.7366308631316488
12 0.00071754886188509
13 0.8881610780619026
14 0.36386638104911895
15 0.2997947219980593
16 0.24655266891702612
17 0.8113874966606894
18 1.0868268544993764
19 0.6670136622836929
20 2.6368996220048717
21 1.0376411570048978
22 5.313720692362802
23 4.271141382325893
24 4.285312647885739
25 1.621006376714627
26 0.4222873311317137
27 2.389365662119866
28 3.6871976545757112
29 0.34793497623495284
30 6.162978450357251
31 0.6851947843689085
32 6.090781363694478
33 7.636942776480337
34 7.030457680466635
35 6.907856190719785
36 9.334781077815935
37 5.247847591308945
38 2.23265198632051
39 5.489391373867038
40 6.869510814299452
41 8.338189769625258
42 9.279775233173025
43 7.5144538766687745
44 5.869175615579343
45 2.1328919187948707
46 1.1736935142197578
47 0.6804373894843828
48 0.40978416449565463
49 0.9434893807919784
50 0.9309309180691331
51 2.834060879956118
52 0.11064203652733187
53 2.8464616327443175
54 1.9146205711366275
55 0.665150779524107
56 1.1861869914597694
57 0.42386878213845836
58 3.6906445471038185
59 1.1630511148080396
60 4.063796089962018
61 10.033814499082153
62 9.977843889793293
63 8.262986882646478
64 6.744338708131996
65 6.657810273741651
66 6.687476049210062
67 2.2444570234821946
68 4.067316809219419
69 3.1588270742069544
70 2.353034663625337
71 1.0341581053537972
72 2.9087982108054433
73 3.0489747030371057
74 2.9323530450864275
75 3.194470649536612
76 3.8307800731250956
77 1.0078380567627265
78 0.9033307917770925
79 3.5359776932962066
80 3.538752511811469
81 3.1000959507938113
82 2.4207723580792613
83 0.4415396956996164
84 3.550456431955433
85 2.6527033225544723
86 2.692416973077949
87 3.287086492084102
88 3.7010724652597236
89 4.002246307894111
90 1.523480566725375
91 2.676513520988137
92 4.241002945408456
93 5.171698559035233
94 5.359273776850362
95 1.2763654442939285
