17 0.0
18 7.93271946499204
19 5.682716311054058
20 1.0468417454275416
21 0.0
22 0.0
23 0.09438160758162907
24 0.06697113191433411
25 0.46811234535978485
26 5.271001170804466
27 10.96224382014041
28 9.32544284203986
29 5.866974413914926
30 0.00011273876140806978
31 0.0
32 1.0615240582591674
33 0.0005093783017149515
34 8.083417557146728
35 0.0
36 0.041691356582242996
37 0.4553881682276804
38 0.05889335146244964
39 0.832010578563636
40 5.399046195139798
41 0.2353595448668662
42 5.227704403121225
43 2.9185760270901797
44 3.78033652987174
45 6.357354991350061
46 7.671710631068067
47 6.816999376504263
48 8.282242540450776
49 0.8170743142071227
50 7.444938334776364
51 6.313422015317421
52 3.188608239522763
53 0.9068039900969995
54 1.7036719423962918
55 8.564124675017775
56 4.44520473919352
57 0.4475548727799549
58 0.35772364715975785
59 4.85300711784186
60 0.06739762798058752
61 0.1704060536206156
62 1.102551975627122
63 0.219337252309571
64 0.0
65 2.6258494498154574
66 3.9811786188091727
67 5.714270024151705
68 7.043507728417592
69 9.624729093580509
70 7.491661265406697
71 1.9840030889515634
72 1.586730194980721
73 1.8500854460191116
74 0.0033012074877198177
75 0.0
76 0.0
77 0.12058219696240852
78 0.16343317740228527
79 4.615588990924942
80 0.5009870392759112
81 0.0
82 0.19540560967270054
83 1.3437124795443978
84 9.569273633187558
85 3.0009104226811814
86 1.9361172331373837
87 8.292789902273363
88 1.5759932755882478
89 1.4686097224109145
90 4.351567018865306
91 10.346673662279924
92 8.961846724638914
93 10.765230646631764
94 7.371591362581602
95 10.246289613296339
