1 0.0
2 10.023281542789377
3 4.482100312936525
4 0.055426542444430675
5 0.0
6 0.7512874347111387
7 7.139143262424603
8 0.7941502999591412
9 0.9156314385792506
10 0.41968511196772257
11 1.5924156229206639
12 0.4435842828759253
13 1.6056538717917839
14 4.816449728722263
15 5.12216713685614
16 4.7579313473203655
17 3.668205523043341
18 6.025549245741549
19 4.645724941775805
20 4.584693592677336
21 0.8746810836323876
22 0.8180339867993309
23 2.62972442568033
24 4.032140478669988
25 1.8157357205888276
26 3.5361862028561406
27 1.8838389224450653
28 0.8106664325269937
29 1.5483796135447612
30 1.666913760634089
31 1.3028218517595418
32 2.9306418713094042
33 0.9258445608499938
34 1.6380611441930102
35 1.3053578731819864
36 5.141865065845739
37 3.5362892117982625
38 1.4528878199792021
39 10.47160109281889
40 4.735082786650645
41 2.246230071319271
42 3.7307026430939336
43 1.1373234722225956
44 5.32073034309219
45 0.5019306225552849
46 1.4979412069025606
47 2.707914152348
48 6.908173152937344
49 0.8493017408588048
50 0.6764263456472398
51 1.525348028333738
52 0.3249406092195186
53 0.5708640693337844
54 0.7529821756994829
55 7.027949754366102
56 0.8157125980980342
57 3.779108782013014
58 2.121781179066645
59 0.26621852947436675
60 2.18484751982843
61 2.98059271320996
62 2.014786175410519
63 0.7688345770509001
64 0.8169009452198347
65 0.6876728178202616
66 3.882653792599946
67 2.0774884400786
68 3.0281254928336137
69 0.4358252721447991
70 0.6542431769981124
71 1.9603069083768128
72 2.22795741976437
73 3.219217673288906
74 1.1714764218405673
75 3.8702393203151986
76 3.569456840753074
77 1.3391026727331612
78 0.9666887229123386
79 1.8581801525805532
80 1.7164665093121565
81 2.963298628525784
82 3.1535789435125428
83 3.3795194173850054
84 1.3935063682263178
85 2.6104969814026373
86 0.8628009849291454
87 1.5994800500087025
88 1.3175312183789856
89 1.048500221872115
90 2.0792648568791323
91 0.6623116033902272
92 1.0184429883353396
93 0.0
94 1.486386356182163
95 0.01140078078933007
