7 0.06807955420913997
8 4.812049011324996
9 4.138980003172235
10 4.569461968617413
11 1.0782058458483517
12 0.3770034011068492
13 0.6633766459345195
14 0.7647758070843119
15 1.0192313888302926
16 1.6732561464612148
17 2.0098282288337375
18 2.184165451210104
19 2.157305364933255
20 2.8382258399265745
21 0.5438627774789871
22 1.1449535584337853
23 0.42174884953362646
24 0.48412376799727297
25 1.7812755925669757
26 0.7183738781563451
27 1.4466002261621282
28 0.47259674048707306
29 0.503540456609006
30 0.42986404954518975
31 0.685073063739359
32 1.3929962396254292
33 1.4307522688064243
34 4.316520565572123
35 2.238106829669485
36 2.768985232465608
37 1.9255348190990003
38 0.37420888214654435
39 1.3231897747593127
40 2.4795970564803644
41 4.480126595837056
42 2.249363405592251
43 0.3580666102474509
44 0.33925355543342156
45 1.636561014832106
46 1.0204436644201618
47 0.7574891369755116
48 3.8113945372700035
49 0.383584584253599
50 2.1916183149755066
51 1.1196733077309862
52 1.8585532186205111
53 0.18398420985279593
54 0.25737367434316616
55 0.4770011107786605
56 0.9843084841763249
57 6.479316135922968
58 0.4207242627519968
59 1.0830942374778283
60 1.015856036428723
61 2.561807198529802
62 1.523713280910487
63 5.673641313086395
64 6.563418840682267
65 1.9469696337698565
66 5.9654866381609155
67 6.440804222187767
68 0.23599541994170103
69 0.5545927925062736
70 0.40062518125416574
71 0.5631496284846272
72 0.8504483635129211
73 2.800903555697139
74 0.9149069467897037
75 0.5652591699375378
76 0.6790910636631654
77 5.177790769904651
78 3.3607640144117323
79 1.2920998956392586
80 1.0598649129832938
81 1.4520046233658965
82 0.7788660935059807
83 1.707348589336922
84 3.307130098184667
85 1.5685962260433144
86 0.8832413538556046
87 1.0809328601664026
88 3.744491909651864
89 1.0101803125982876
90 0.9674201346116591
91 0.9288076989071498
92 3.2869543370923906
93 0.5026891499344579
94 0.19896370281298922
95 0.18370756425068774
