17 0.0
18 2.9909378198268093
19 1.79714552356955
20 2.530890988483636
21 3.1145657236406463
22 2.8736195023611253
23 1.3097924870592248
24 3.1423465774387536
25 3.1871754684582005
26 0.43348147790003966
27 0.3787270414804466
28 0.00976036806389508
29 0.9022251785767706
30 2.585628528998553
31 1.0549348620812098
32 3.104331114701698
33 0.17428106612378905
34 2.3393128779567323
35 2.394030911222843
36 2.25942277169308
37 2.9645185281917605
38 3.5793729415422115
39 0.5633067419017581
40 0.03451780880909582
41 0.00010790143694196428
42 0.00036864985817703033
43 3.772698786498911
44 3.8421785791132645
45 2.595039990547881
46 1.3460665405458587
47 2.2948244383822702
48 2.6377800299438263
49 3.5884261431668865
50 0.35014659231256706
51 0.0
52 0.00021911543931731986
53 0.5745479311430742
54 0.7235539067837741
55 1.0675134727351465
56 2.519991663506295
57 0.19700459349024563
58 0.8574526149178949
59 2.3459453470797045
60 0.00036457237131921053
61 0.799390972621622
62 5.36929140419195
63 0.5064925149539482
64 1.0552240732048166
65 5.066262214114355
66 1.2266405633854947
67 2.277170402501017
68 0.14940492811493536
69 0.0032041155144854174
70 0.11910963856457787
71 0.4385439145233916
72 1.5729891911092033
73 1.6315137089127687e-05
74 0.0
75 0.0
76 0.025422347881037883
77 5.60148705526318
78 5.598879043406024
79 3.082222329163425
80 1.8622867691137175
81 5.8986397511125395
82 6.156486428018891
83 0.0
84 1.8812324251344366
85 0.0008033158788933578
86 0.0
87 0.0
88 5.680748584574669
89 0.13262410043056153
90 6.072407401155467
91 0.0
92 1.5140809593642162
93 9.937375262677948
94 10.828642083509637
95 10.1822070520974
