7 0.0
8 3.4139357719895784
9 0.6341948607874985
10 4.365625170078353
11 3.130682669988952
12 2.75204830410486
13 6.030083036104915
14 2.3392405815912047
15 2.2896453878868233
16 3.182949535771761
17 3.924450600265598
18 3.3215695418057636
19 3.0173057403986605
20 0.9571421342615634
21 1.5836475727995016
22 1.6868029716027473
23 1.3768465038926203
24 1.0782740384221883
25 3.0146467812758138
26 3.4994553517895106
27 4.216953859845796
28 3.1288830744352034
29 3.774331501288288
30 4.113082996793059
31 3.6970719202999005
32 4.916505391062811
33 5.080406668889672
34 4.688844874057844
35 3.673583001326014
36 1.8669830888635814
37 1.9540844380357691
38 2.257048056156275
39 1.7825430378866813
40 3.327495799600681
41 3.80076990268386
42 2.205729439897601
43 3.5098482048505844
44 4.30078310922419
45 1.8475244168402356
46 3.7683922500343425
47 4.438439636633838
48 4.087817737158826
49 5.40619203978431
50 7.029686938340011
51 4.39667851293703
52 5.4673211406454065
53 6.4653498179243325
54 5.927451480424545
55 4.844967678761168
56 4.172242468619864
57 5.197001383157169
58 5.484398465847628
59 3.0184312178235757
60 3.0684779294773388
61 1.3815038522838996
62 1.6204419731077426
63 1.378393533662558
64 2.1909953085694016
65 2.1583912065380346
66 2.211903750476704
67 3.182340969259387
68 3.377155614111516
69 3.7750887893132687
70 4.633558142611288
71 5.098254905005311
72 2.697847042826004
73 1.7035125610635629
74 2.032219799320821
75 1.2114279840368551
76 1.7999424824367622
77 2.1501661469945543
78 2.108419811005375
79 2.084320193784236
80 2.1828554938228764
81 2.131357071612116
82 2.138973730092831
83 2.2632028409384195
84 1.9363847454245495
85 1.3859134247689928
86 1.4131637882246322
87 1.9925546045863387
88 2.4779999119034115
89 2.9738110842843604
90 3.2894274426943784
91 4.037939317778331
92 4.53904634464877
93 3.590377460927558
94 4.609370029175974
95 7.050717706042182
