15 0.0
16 1.9082938061488983
17 1.6826085747301773
18 1.5068035351405715
19 1.0527105716899932
20 1.5902176469631968
21 3.2943744422742016
22 3.9123645322794567
23 3.7363862541234454
24 0.8669720354010861
25 4.897225718497747
26 6.391293717427502
27 7.062640620534746
28 11.59567762744376
29 10.816763333064868
30 10.51928031340586
31 9.648768675906105
32 3.1583565310031156
33 4.917010607381358
34 5.406718179362001
35 8.98800053935158
36 7.317258906366032
37 3.8115394684603996
38 4.434234805038657
39 7.635731995007107
40 0.0014210543047763903
41 5.802153201927819
42 4.267653014331249
43 2.801768203226115
44 7.175318756434939
45 6.233536245498701
46 9.029266677475485
47 9.837537466393414
48 5.707532228528328
49 4.272721792867696
50 4.5876222285239034
51 0.0
52 2.591199205424871
53 8.507982061129495
54 7.981909598606048
55 10.126785171138762
56 9.991839854839098
57 7.148466785426539
58 2.2304200697919545
59 0.06672124745162826
60 2.1924311063068025
61 0.027963617656654432
62 0.1786896774774206
63 0.5646575323836719
64 2.982710276634533
65 3.6633349873832954
66 7.354797521297554
67 7.573970380059925
68 7.86325887481945
69 9.499000020315172
70 9.757334959024938
71 3.691214498510062
72 1.223367168941803
73 1.40686070746865
74 5.6289111955912645
75 0.0
76 6.759094465177578
77 6.311881070258895
78 7.961503615824264
79 6.098068038387151
80 5.883460680678367
81 3.3604173581664645
82 1.8779014091538833
83 1.0146665536102957
84 4.587077207905711
85 1.363607018281162
86 7.803430083746278
87 3.716070760592227
88 4.777554760180962
89 8.710800295032712
90 2.927878463187057
91 7.545608297032563
92 6.987372571258467
93 0.0
94 3.450754576837491
95 3.4388176859686084
