7 0.0
8 0.6989450224722641
9 0.016706455178663895
10 0.010107148461973333
11 1.8951463019482842
12 1.2512364137254797
13 0.748771707878346
14 0.8902472217019406
15 1.538887246294816
16 0.4879341021229322
17 1.6000358519064666
18 2.2490126457933117
19 2.237673877769832
20 3.6864086445412987
21 2.848651466986084
22 3.8887962040266975
23 4.2217988457028195
24 4.000610531123686
25 3.763887151111418
26 4.482617626069498
27 3.33880398722825
28 2.9723082591708074
29 2.023833375981167
30 2.749460628453631
31 1.131498375368245
32 0.8761498852793355
33 1.0664843643446176
34 1.5129254956177682
35 1.24371310477428
36 1.4437946533013295
37 1.4456967306128325
38 2.3930747340134713
39 3.1298239527536955
40 2.2028629971145746
41 1.6824870309986992
42 2.2930416488140812
43 3.439418779714615
44 2.5522910651729656
45 2.9563215168628245
46 3.813845308877035
47 6.067105379639965
48 3.115960225480503
49 3.154758095291285
50 4.995997289283285
51 4.758237110125082
52 2.1981746464399077
53 2.0790768687734724
54 1.5712635541878999
55 2.150376111572132
56 2.049826673999564
57 1.9696919904626604
58 1.5999504639203133
59 1.5876891139872982
60 1.8257496286177446
61 0.8449065133493829
62 0.7416967604549257
63 0.9090437660921536
64 1.4835770996544237
65 1.922919882182897
66 2.8704495244993753
67 1.6362546501017066
68 1.4679425584445687
69 1.6446021373251352
70 1.3819470442461945
71 0.9162488870339768
72 2.33077809064068
73 2.9634070520549876
74 2.5447140857011656
75 3.262152078668813
76 2.719309063122654
77 3.327352226790057
78 3.760039837385665
79 4.650978926393539
80 4.443201593180787
81 5.907748920852013
82 4.617854893226797
83 3.6558651105630298
84 4.345360873588038
85 4.76328086859429
86 4.360029164241688
87 5.610324195556326
88 6.582749551551517
89 6.890609944561634
90 7.136523019800825
91 7.705110873475462
92 9.23051588923914
93 9.362468927172385
94 11.00195145447646
95 10.273390923564621
