2 0.0
3 15.046280760419968
4 4.250413882602853
5 0.10139773649408945
6 0.0
7 0.28126280063494774
8 1.8527742119101092
9 2.7551493879012594
10 4.108907457150997
11 2.4617705444553866
12 2.4101541761293186
13 3.8245751127686503
14 2.0577903860382434
15 1.634408853079993
16 2.3264083008737666
17 3.3766328089343536
18 3.7475624762910686
19 1.1403947346988301
20 1.8664548805980377
21 1.9758374107057324
22 2.740663896971863
23 1.0799960416382266
24 2.093567442657644
25 2.4047447686342753
26 3.708807667035141
27 6.597234685919717
28 5.791170077377148
29 4.799173795191256
30 4.794564824839219
31 1.1091438939488953
32 0.7091596983017148
33 2.2001113653608924
34 4.184034198824267
35 2.6339960127174926
36 2.899571514731552
37 2.415008988933685
38 1.4264947822852225
39 1.0839560844996452
40 2.0608952645353877
41 2.3804660593097053
42 2.856609591396246
43 3.0516209828474015
44 1.9969298813009437
45 2.523768782914995
46 3.4186545956732584
47 3.725699984449777
48 3.3848039179698275
49 2.162447514289992
50 2.8040869893154654
51 3.2923712181654134
52 3.8588518334758395
53 3.460446562488989
54 3.939367734561929
55 3.1424468047642637
56 3.473804978063187
57 3.4800898079826244
58 2.811066634947881
59 2.4427689538770547
60 1.951130861337413
61 2.006776767794065
62 1.0704017558483903
63 0.5502600075356329
64 0.5674365861113979
65 0.452448480342362
66 0.6778122204271811
67 1.6332317418674016
68 2.526307273138157
69 2.534911973841527
70 2.291121952879029
71 2.189278477333207
72 1.3681706759082886
73 1.1471545438767654
74 0.7918597255922134
75 1.2510877333857808
76 1.2368646392446454
77 1.3008171348134812
78 1.7105967319927151
79 1.8514370352396068
80 1.6492263380562728
81 1.5115869098654133
82 1.6738460707851397
83 2.0800245530365626
84 2.5391663060403995
85 3.1012294830018075
86 3.5539734854199736
87 3.9539304079762956
88 4.521805833017666
89 4.883206645363433
90 4.227555392835375
91 5.824911881111993
92 6.4163470783220955
93 6.602355900062071
94 7.238965413958775
95 7.617405207561233
