12 0.0
13 10.898330251415677
14 6.129137608492841
15 0.6102796188726862
16 0.0
17 0.27882838970961943
18 0.012531330237573144
19 2.8765026499343116
20 9.177723306055839
21 10.379770020903095
22 1.8667063044669032
23 1.3997378262528937
24 6.045321295788669
25 1.9737676722560284
26 1.2217850420547984
27 1.6042235532761162
28 2.602045190916423
29 9.475819703610716
30 9.31945860168787
31 10.28341373278738
32 10.42257761596968
33 8.760558168524655
34 9.250051273915144
35 10.50111643112454
36 9.921607517677256
37 10.00700956218329
38 10.699329342355016
39 7.581132008907822
40 3.388630725861491
41 4.6628487453083824
42 7.274872462353692
43 2.3840107200932144
44 7.332808010906941
45 8.250043661905488
46 9.823655570403188
47 0.3363007779516407
48 10.912887633893869
49 10.050052017886735
50 10.812283532650902
51 11.117485226988267
52 11.831494777961806
53 10.386457723095578
54 6.466096769770205
55 4.28697014495896
56 3.7261181435750585
57 3.8513245578555115
58 0.6201373570442607
59 0.31552719429370696
60 1.268154890605025
61 11.236581506129792
62 8.101105582696936
63 9.353991479432837
64 1.7974025811436791
65 7.710227173064023
66 6.613632229623875
67 7.122939053990562
68 7.163121193822995
69 7.3007090335015485
70 7.23608093942227
71 9.13041750064501
72 8.944321383911788
73 8.836177059136524
74 5.830922715611024
75 3.783267778430576
76 1.8242232285088886
77 3.7169731088066995
78 6.630056542808435
79 6.642642061879784
80 5.7776719167390915
81 5.2653811555844765
82 3.9312174930860384
83 4.049768471601466
84 3.975225471665916
85 3.3311086011014446
86 3.8419317713509216
87 3.671550990121241
88 4.004305809098413
89 3.725129252177082
90 3.5479099269812573
91 2.9123397833094113
92 3.892332172655691
93 5.744514451214111
94 6.078689579896244
95 6.540533294416544
