11 0.0
12 7.511296283206539
13 5.057452872258591
14 5.702563452871028
15 0.011255781233482847
16 3.192991331344585
17 6.784284196076186
18 0.580973253739015
19 0.0
20 0.02769593610567551
21 0.8946601470108482
22 0.442090868953251
23 0.35400019057155246
24 0.7963750460486534
25 0.020953785474097427
26 1.2236719470611306
27 0.0025144853500633523
28 6.684372356391708
29 0.27523201846611683
30 0.0
31 1.4818904971289766
32 0.0
33 0.0
34 7.992651383502243
35 6.00162089762483
36 9.321965393858415
37 8.487456847715507
38 0.05743129220873595
39 0.6087619426006236
40 0.0
41 0.006067242101755926
42 2.5449582652271387
43 0.0038808684760210277
44 0.33130636088605364
45 0.9697576742802919
46 1.6083452625244143
47 2.605256981566128
48 7.189421864417974
49 0.007721318375423917
50 1.2429765901838985
51 9.442641007532025
52 9.108901015520384
53 6.59101857442254
54 6.19479593801196
55 2.0414987205234145
56 0.006537165363409092
57 0.9954698773165978
58 6.539607155747197
59 0.698661410646588
60 0.0
61 2.70975960646551
62 4.0415271210030586
63 1.8298972680441608
64 7.139511788834282
65 0.5185178946807646
66 5.583350541220991
67 3.0427779590430526
68 6.196998868636249
69 8.239343880856637
70 7.025080500690255
71 6.153920937737451
72 4.698526557886844
73 3.947559384031487
74 4.712170161941841
75 7.0155438112874435
76 0.0
77 6.730927480231502
78 5.2780769467733455
79 3.750776654749174
80 2.93164246087073
81 2.708672345026922
82 5.489418056965014
83 2.5809915264447985
84 4.194941698902805
85 4.5798455244123035
86 2.634871863543265
87 7.9014119641113085
88 6.301315668186226
89 5.920065163462737
90 5.691030878939366
91 4.046001383822851
92 4.519719749245014
93 4.9229497506509095
94 1.248222596494309
95 4.8780048234541304
