7 0.0107011586113271
8 4.604030241590169
9 3.4346190839314024
10 3.0380653053635895
11 0.83288814268276
12 1.8020311470735746
13 1.8446984267148567
14 1.976154651530365
15 1.7739559541470487
16 1.373962014500231
17 0.9799625776333208
18 3.6270279451210157
19 0.7756090381400894
20 5.036870383861287
21 1.2050557112550242
22 2.1552223352883915
23 3.6554908918098294
24 4.266993362026875
25 1.0486471497887349
26 0.8678431913980083
27 0.89502719820907
28 3.422175005837272
29 1.8588648061069726
30 1.2453181859193683
31 0.7708665229820666
32 2.2094222742629133
33 3.5217257586802364
34 0.6474310989632416
35 0.04249124446386031
36 1.473262424604436
37 2.341201332143242
38 0.659178312942542
39 2.0074414565896816
40 2.212332956185744
41 2.3743647421388796
42 2.807935954984426
43 0.6353775351104001
44 0.2789075115882641
45 0.42472973336631314
46 1.9290416004713458
47 0.8195126692992423
48 1.096316453923836
49 3.9531755391351955
50 0.4600999310384804
51 0.8712706195714894
52 4.089079997644528
53 5.864987447641893
54 0.48179723418626735
55 0.8356461746053959
56 3.0998146616360875
57 5.535556430358013
58 0.24569051868457173
59 0.3459821480950879
60 0.4362961204575988
61 3.284834807921511
62 7.37707437979435
63 7.150981686178958
64 5.931196658721245
65 5.545461365291496
66 3.6395887722592932
67 4.310856901344709
68 2.7734609347965007
69 1.0651916011966682
70 2.639719390763543
71 6.600126536988579
72 3.8020451410425427
73 6.118316394442456
74 1.8453004080640452
75 1.3146891734607766
76 3.221663653337035
77 2.349804545955008
78 1.031814243267918
79 2.264708218111093
80 1.8485578901041937
81 5.628186007993466
82 5.303437141880441
83 2.9967171449797867
84 7.325973194273045
85 1.8742254094967417
86 5.526301654558014
87 7.4402055963416025
88 5.1037675311675725
89 6.040774945089071
90 3.6281434110369912
91 2.1520843291907927
92 2.0542448828518167
93 1.609988803683881
94 0.7108281112407734
95 0.4374868264891115
