17 0.0
18 6.252597566251382
19 0.28169593953348354
20 0.20042831066670147
21 0.0
22 8.271219409431092
23 0.0018538754645594409
24 6.06272093448902
25 1.7580698629376945
26 8.683232854837815
27 0.014312600563668017
28 0.0
29 2.4736467141003757
30 1.9108705391192673
31 5.0461275156532786
32 2.052940245683304
33 7.1295627842623395
34 4.087814701359211
35 0.24480577730327302
36 0.011489065110846623
37 7.465412998867041
38 3.7140156295358775
39 0.006491622657639735
40 4.174981605319212
41 3.401767313222232
42 1.4454397542929414
43 0.6387103544555978
44 0.2830240239692839
45 0.005295698400772518
46 0.0
47 2.281156529448052
48 0.0
49 6.746630330190858
50 0.6335963345315506
51 0.0030339575592184752
52 5.715554988368658
53 0.02602708946730081
54 2.390733662568062
55 2.526056126963787
56 8.046548685312736
57 2.1118049928159603
58 0.024723469246385698
59 0.012244393282516875
60 4.246510356765464
61 0.0
62 0.050302774989925664
63 1.2859210803186196
64 0.8364271573677695
65 0.27785827897957543
66 0.00204443014672463
67 0.002991080412434955
68 10.040010953347455
69 7.998251097424559
70 11.595299580234599
71 9.302370983431922
72 11.830348579063738
73 8.040807337024798
74 4.719648105425304
75 0.09395848852426326
76 0.0
77 4.761809414498584
78 11.30472679590535
79 7.336557315284521
80 7.079047429297013
81 6.830974838460545
82 5.718402626432808
83 2.740537873673079
84 8.818683099722179
85 6.672595088996986
86 3.141269925578153
87 8.727637247485413
88 3.4239512039595703
89 8.095636414364668
90 0.7359371610694939
91 5.754858898698567
92 6.22585324317928
93 4.0503282539204655
94 2.902374870918772
95 0.2680079612149133
