2 0.0
3 12.582770341731548
4 10.674291272893122
5 9.511664356064507
6 12.597599818987229
7 9.332153930663091
8 9.619679917172405
9 10.707746987242077
10 9.454408998795248
11 2.5071238835991454
12 2.843701275250155
13 3.8745071239069304
14 2.3815094820910674
15 4.028496700450756
16 4.177058530929485
17 3.1734505255514995
18 2.4457600107472697
19 1.4202923960307732
20 1.8408027029895688
21 3.1347685794736764
22 1.740608195143579
23 1.839192439974533
24 3.659137003807956
25 4.052279509400854
26 2.6970225750259824
27 1.5730397163479188
28 7.201137135877139
29 4.3703283421934245
30 3.244118790427669
31 4.535344045230856
32 4.935498311049557
33 4.62702521309734
34 1.6330003741297505
35 1.0320231883733042
36 2.3202201769077413
37 2.4427238244850993
38 2.5128407411961655
39 3.669788781358676
40 4.872863837401633
41 6.669680408503261
42 4.894110445068136
43 6.221943831937247
44 6.501647998874606
45 4.267698117412517
46 6.176408190105301
47 6.057726454151553
48 6.246433632837485
49 6.240538594416081
50 6.6324350939389305
51 6.420334185405762
52 4.664511512024564
53 4.323917419911296
54 5.162335664099459
55 3.0137130969322388
56 1.8778425339790783
57 1.4554396813480077
58 1.7875194327191752
59 1.4216292486271411
60 1.6349976063693306
61 1.1882610361963468
62 0.6835763484138933
63 0.9701662891794743
64 1.2745945533630345
65 1.5321539075691093
66 1.3398512947343355
67 0.8665738572252651
68 0.35812158097732016
69 0.7281984856712237
70 0.6867388934828134
71 1.000239974782267
72 1.3449957420247438
73 1.9921049787203624
74 2.1088590287228115
75 2.3223238224918212
76 2.5470348246587626
77 3.378360804996565
78 4.018154415446001
79 5.128044344693544
80 6.7371686380417355
81 5.765044338962681
82 4.936767688536921
83 3.8395280399868885
84 3.5862011292607874
85 3.388058392633979
86 2.8470224111761935
87 3.336613261693963
88 3.2953294856735638
89 3.27679733561335
90 3.553118745472161
91 3.647645321560948
92 3.661240585841653
93 3.0469996833344912
94 3.595356690502372
95 3.3722221948137197
