0.0 0.0
17.743764500070483 1000.0
708.3807057212762 2000.0
1431.811711160083 2276.5689945611966
2151.077291568817 2557.303414152476
2889.860315225829 2818.5203904954587
3483.1823254290766 3225.198380292202
4170.889066301657 3312.293259127423
4975.627429019836 3195.261637281817
5931.733927598422 3043.8935014213966
8562.234636475163 1369.4992911232512
9608.14115171835 1323.592775880053
10179.167608928361 1752.5663186700394
10668.337691412142 2263.3962361862687
11157.691585951 2774.0423416474114
11695.018516145894 3236.715411452507
12249.1939283818 3445.824587764079
12912.598959012917 3336.594969368871
13606.9014586527 3305.697500360215
14262.727362981184 3344.174095671525
14883.013378687514 3379.713984293649
15907.474660233074 2975.538718454415
16988.80047283416 2894.212905853319
17612.250375987856 3270.7630026996467
18180.209066619078 3432.041309368783
18829.59472151307 3350.614345106011
19352.28919423991 3477.305527273191
19795.41788563384 3556.871308606099
20382.475381499386 3412.9425041344625
20971.54819981872 3410.9271816806577
21759.02724382849 3212.520955990202
22483.746662103134 3275.280581725342
23895.11501866097 2588.631643442156
24820.75175255097 2662.9949095521642
25552.478461193932 2931.2682009092223
26137.126092199298 3346.620569903889
26661.98970507076 3475.136387128569
27239.367716257755 3422.621988813021
27788.795758978 3450.5719572797443
28271.428860452896 3517.366898525098
28791.57255682659 3479.8563036262794
29281.282310689916 3510.290246136665
29749.500612444528 3531.781698245375
31188.02504560406 2561.4755668404723
32250.422604469484 2499.0780079750457
33117.22926380504 2632.2713486394646
33842.151979011986 2907.3486334325257
34555.629784500954 3193.8708279435573
35149.230268863146 3406.3995156377864
35758.493497785275 3390.7367710778676
36335.09003316922 3423.4034646160767
38000.47617466846 2334.613858500751
39935.29106092572 1399.7989722435002
41636.08014662808 1000.0
42085.37580621354 1550.7043404145452
42539.51238708812 2096.5677595399575
42915.55961304919 2720.5205335788714
43282.63119042574 3353.448956202312
43638.42238117695 3644.208809248764
43910.69261588516 3727.7297652917996
44270.68483476795 3640.0077811171805
44561.547565746005 3709.1372690219787
46268.8464341453 2292.7011316007315
47700.49249395921 1861.055071786847
48972.54605807299 1589.0015076730583
50082.82551536587 1478.7220503801727
51174.564629603396 1386.9829361426541
52172.40234078928 1389.1452249567737
53154.646507133526 1406.90105861254
54204.46166513861 1357.0859006074618
55381.36080808962 1180.1867576564393
56566.08519200076 1000.0
57170.920983798256 1395.1642082024987
57819.07073784869 1747.0144541520704
58522.892773563435 2043.1924184373165
59231.928335207034 2334.15685679371
59934.95058832607 2631.1346036746845
60612.55195128884 2953.533240711922
61228.18461736546 3337.9005746352814
61470.41652733318 3757.7680900323085
61722.949326837115 3747.467200496081
62093.390016748344 3629.55931008873
62296.75497651755 3796.635040230799
62636.319938589404 3660.435037928125
63860.58152153264 2775.738417056776
