0.0 0.0
38.67586205194649 1000.0
735.7185925123532 2000.0
1731.8756817218525 2003.8429107905017
2450.1670212505683 2285.551571261791
3033.7631732581817 2701.955419254184
3516.7762759021443 3218.9423166102365
4025.1139880542823 3710.6046044581026
4547.953110570817 4187.7654819415675
5098.7597201539575 4449.193390416873
5775.925288837093 4322.834431316873
6397.359727433755 4378.565561403345
6901.569452886713 4495.790274547049
7441.478722050344 4460.09073083634
8085.193671584881 4356.285050465443
8802.984619685267 4282.209051899615
10168.170662013174 3634.8139576720837
10925.424121657095 3877.560498028169
11569.022000406625 4233.962619278605
12174.986800993116 4394.035199413527
12731.543972720749 4443.442828272418
13321.322375155376 4410.221597565392
13834.989045650456 4486.333329504918
14360.606770389659 4474.3822752608
14959.57861124123 4401.028159148458
15489.074222318299 4470.504388922926
16124.926614573644 4364.1476077446305
17598.1535156163 3526.7730989573265
19536.80525447171 2588.121360101907
20470.97441736364 2653.952197209952
20964.895889862997 3160.030724710558
21474.093604556863 3650.8330100166554
21981.339592728466 4143.587021845074
22401.457515378 4579.88207735048
22727.55921113773 4673.898304240276
23087.09741269746 4640.461798440267
23523.56919711542 4563.528215581999
23927.091582248275 4596.477614867099
24315.15827073373 4611.9333115145055
24781.808056588674 4533.3502141450135
26160.893267404375 3620.9147891842836
27462.692257215942 3319.1157993727165
28496.853092516758 3284.9549640718674
29150.90697798226 3630.9010786063473
29484.17311964807 4297.634936940514
29820.151666310452 4664.021453337598
30140.17044257294 4679.98122373753
30430.68177080479 4709.48867176818
30721.133098922815 4709.5486718819775
31038.016015362533 4683.117083560247
31408.37728601685 4629.638729345698
32150.227359168504 4258.149926848371
32706.87793167209 4443.349427496425
33292.952280287536 4413.925651384576
34085.058652578824 4207.893627708712
34738.09037485738 4346.968277721444
35384.07845194705 4354.01192291032
36076.29702291585 4307.781429031151
37446.70903222879 3629.5879906870555
38071.40979194434 4004.8872309715493
38847.15723771627 4224.2525542280855
39444.57694614799 4402.580291568254
40118.09748737865 4326.479458769318
40771.727485511154 4346.370001867482
41505.563402294116 4266.164083217011
42277.54316032774 4228.020241966369
43030.12192018995 4247.421240137788
43843.16191385641 4186.960006333513
44520.44099302985 4322.720920826579
45882.550623489435 3637.8903695404533
46568.37090746421 3952.0700855657133
47285.34166438943 4235.099328640528
48014.874834717026 4270.466829672443
48675.06490126075 4339.809933456271
49395.58294543831 4279.481955822421
50074.03421715724 4321.548728281048
50723.9172513424 4350.116965814828
51394.299553386976 4329.617697955436
52059.2312998976 4335.068253489406
53698.61130786507 3360.619992032568
55398.4321399074 2660.7991599902443
56575.6056907665 2483.625609131118
57860.15807748877 2199.0732224088506
59350.341959146026 1708.889340751593
59834.09565177163 2225.135648125947
60286.28337093738 2772.9479289602004
60641.65657013589 3417.57472976164
60983.60068759724 4075.630612300232
61336.3469535666 4647.253734030566
61708.79192753491 4627.555026031649
