0.0 0.0
68.15707402411755 1000.0
1009.3071502860887 2000.0
2004.2499681125908 2005.0571821735193
2169.8170156201077 2839.4901346660295
2363.723371665228 3645.583778620861
2583.431387219799 4425.875763066241
2825.2690983274183 5184.038051958679
3051.7680312542607 5773.5010670732145
3246.993300574667 5804.774730679543
3480.102462011141 5766.890838563482
3707.637414302572 5772.465047708699
4028.3574533259384 5679.279960976696
4393.597799317996 5634.759654007933
5092.845313824896 5300.752485493089
5891.072721888177 5201.77259193681
7837.393318075077 4053.67940381309
9429.354174196604 3461.7185476915433
10118.649785637512 3772.422936250606
10666.423012405747 4224.649709482328
11189.562853089481 4701.509868798592
11715.5819090417 5175.490812846285
12329.256991802984 5386.324917238705
13058.080977546637 5271.176014256267
13846.34380956074 5211.737167985966
14429.326944202774 5417.016865358022
15051.64319223335 5377.68375196952
15648.108197452524 5403.534994780861
16706.345497266204 4941.762700186382
17787.351610134847 4860.756587317786
18982.559822582167 4665.548374870494
19471.083097319515 5177.025100133173
19916.550305035635 5554.532792283857
20427.429965200798 5489.120339834863
21054.982528297736 5372.447436903032
21727.654914128972 5327.327614168768
22280.928872158554 5446.726041970518
22816.112185303773 5464.816686854679
23375.262535890728 5440.849649412984
24140.8500751585 5234.412460732231
24747.404964901558 5393.445110256921
26039.825236269095 4707.579728632543
27337.345806896203 4410.059158005513
28114.323072188912 4633.081892712786
28643.546450907175 5103.858513994418
29156.661729596668 5486.884721310477
29736.302523014994 5420.359206581633
30411.606259074284 5324.6962639406165
31008.346204726553 5403.26005434772
31651.221977991536 5357.124226735036
32213.23245956078 5437.989518430709
32713.940338435903 5499.292121124875
33251.68761707159 5462.252721364243
33407.83193463145 5843.8556824402
35392.93382272362 4014.898111907804
36501.925891386294 3905.906043245122
37579.33534286752 3828.4965917639265
38584.32266819192 3823.5092664394956
39558.76569582315 3849.0662388082433
40454.40366560482 3953.428269026557
41258.472342349916 4149.359592281428
42041.020778478625 4366.811156152735
42910.41084071454 4497.421093916813
43967.20660087048 4440.625333760785
44818.52104441452 4589.310890216719
45532.303034357275 4875.528900273958
46236.23585307928 5171.5960815519065
46983.61851963604 5252.617333443202
47660.63276179073 5322.985757845287
48310.51547335766 5350.117288433031
49016.69872896929 5293.816744388289
49668.580511053704 5348.11821791562
50350.21832407785 5318.362186975891
52077.262660873865 4272.955663203914
52908.754177905685 4441.464146172094
53576.51485589782 4773.703468179897
54213.90913660799 5136.309187469805
54868.77674431794 5345.132392290045
55516.027494775495 5352.749249542565
56194.93358967679 5321.093905098696
56853.924527191855 5341.009062484969
57440.506272585975 5413.418254605974
57833.43400149192 5607.072271094085
58011.73888178657 5821.695119705349
59408.58357660715 4603.15530517942
60160.3064989609 4851.43238282564
60903.1379542527 5108.600927533878
61656.595494695626 5246.542459557089
62387.64166598331 5268.953828712351
63109.86961003492 5277.772055948481
63870.43172980237 5239.437880232587
64464.80236194867 5405.62936785364
64674.761390129584 5790.040971819031
64865.129462792815 5809.631927336636
65127.49672260714 5737.632740185558
66385.54621000467 4741.950512602405
