0.0 0.0
62.754349232023486 1000.0
817.9480473751025 2000.0
1639.8364354768853 2178.1116118982354
2073.294309488096 2744.6537378870316
2228.8518336404154 3589.0962137346755
2407.4698434643806 3821.381990176
2586.5323811002404 3820.9374623641415
2748.6659207394255 3837.866460360814
2940.4133434277196 3808.252577311683
3133.8112116062493 3806.602131821457
3357.1376480583926 3776.673563547879
3624.2814761649765 3732.85617189343
4010.6972660101733 3613.58421015482
5247.867974884359 2762.829291125816
7276.51247000027 1734.1847960099067
8053.688081990302 1957.0091840198645
8631.20992685572 2379.487339154449
9144.772637484515 2865.9246285256427
9660.257161351676 3350.4401046584685
10245.092944520715 3415.1642168309722
10944.026184773453 3301.0667597472407
11714.916167255977 3229.1100175174874
12309.887558025806 3405.0286092302144
12910.944852635841 3398.9427053899835
13469.912374716288 3441.0324779195676
14416.053545445988 3053.8588292703157
15425.982714850892 2990.070830595096
16843.95710930155 2572.09643614445
17328.08705045063 3087.9664949953935
17772.268399668075 3555.8186507825467
18230.683395329826 3541.5850043382275
18773.715004737078 3456.9683905927673
19404.589757611437 3369.1252471256535
19991.247916792574 3413.3418408188545
20537.603504606013 3453.6444121865475
21085.02437158899 3452.579133017027
21787.664857137126 3297.3595144518813
22405.86441523132 3381.800441905833
23437.20783926133 2968.6565759699997
24555.874167314938 2849.9902479163957
25700.124668484383 2705.739746746948
26197.953051586588 3207.911363644761
26682.75624103083 3515.19681055575
27202.244101729015 3480.5121393018117
27796.53040239233 3405.7136993366944
28371.722133205276 3424.808269187068
28964.138465283046 3407.58366792224
29517.793781002012 3446.3446842810195
30018.72745894398 3499.066322057999
30525.503865833547 3493.223593110408
32291.30337658638 2234.2004892471564
33524.171423125284 2001.3324427082487
34559.26375996342 1966.2401058701173
35523.36293285938 2002.1409329741603
36500.506820934315 2024.9970448992333
37427.081748962126 2098.4221168714157
38270.176123379795 2255.327742453752
39054.50520312639 2470.9986627071385
39766.844970053 2758.6588957805657
40410.78183129723 3114.7220345363603
41241.37042630598 3169.411404991237
42554.28081030865 2687.0896159972854
43216.75233389307 3024.6180924128403
43883.68931909087 3333.063014802174
44528.00359997164 3355.6857191192053
45197.48050247293 3330.523097498705
45544.795052898335 3652.6854495746015
45811.215763273154 3733.579289625176
46116.79050421506 3694.425259058075
46375.03887964002 3741.751624575025
46564.61725835351 3810.4216212865012
46822.122952386555 3742.4943059669145
47290.983765605815 3531.1391867807192
47755.60538942366 3535.3783761821674
48287.99034238676 3467.6150470368802
48887.38322485848 3400.60711752825
49459.912054973494 3427.4711698849696
50057.76219989863 3402.149855074854
50810.221610826724 3247.5405890719267
51556.75476562366 3253.466845203075
52285.20824163352 3271.5465239901387
54142.50423585794 2142.7040057755803
54995.45437694529 2289.75386468822
55827.49735709266 2457.710884540837
56679.306305644015 2605.9019359894746
