0.0 0.0
18.93183417513569 1000.0
714.1568930059134 2000.0
1449.8304094027728 2264.3264836031444
2192.0116416042238 2522.145251401707
2926.8593814574715 2787.2975115484523
3534.6308795344344 3179.5260134714795
4187.392828580283 3526.7640644256267
5021.857262399119 3692.2996306067926
5865.044953172651 3849.1119398332526
6898.3991265522145 3815.7577664536734
9721.270647470104 1992.8862455357778
10489.605703442045 2224.5511895638247
11060.55409228339 2653.602800722482
11549.222974427836 3164.9339185780336
12041.365688657348 3672.7912043485144
12580.238885221916 4133.9180077839255
13105.593612908102 4608.563280097713
13649.790202199458 5064.366690806362
14316.711651746571 5333.078550452918
15016.796199078326 5299.915452668273
15687.04590915965 5329.750289918755
16470.123953339735 5216.921955819969
17557.454756079045 4912.669197260719
18620.808163679925 4849.315789659886
19196.196923340118 5273.927029999643
19755.819761711613 5440.3771616285
20399.967779052058 5355.8519826595275
20908.725394435736 5491.24238461628
21360.758614723625 5547.966779712082
21950.183597586154 5410.575017137464
22559.554475175166 5390.629122410944
23356.07962560957 5203.474849565577
24091.91722269046 5264.16240291913
25525.270302510387 4566.6469201800855
26470.936335698752 4620.980886991732
27235.243619013083 4856.673603677367
27816.19643973406 5275.7207829563495
28359.318757293346 5456.877682440707
28969.40783204369 5389.910925249708
29527.929617547234 5441.478214496506
30016.504192685174 5511.425424862078
30537.678961767328 5478.825230917888
31022.32816096071 5515.350800806671
31499.652724418334 5522.675436542391
32949.784170731466 4549.8685536868525
34015.506027995376 4484.146696422946
34878.618976037884 4621.033748380414
35590.35633302287 4909.296391395432
36317.02871246473 5182.624011953583
36915.79514056179 5401.233571902948
37518.73548275022 5397.059657811591
38088.38391699614 5430.351565754097
39769.911854699785 4318.472062296374
40629.263255058366 4459.120661937752
41136.36247828143 4952.021438714745
41634.92667085594 5453.457246140323
42105.86559381411 5529.06107704185
42606.645078101596 5499.220515712489
43132.99469250983 5473.650385591778
43634.33339276995 5498.661299739837
44133.302377361266 5501.031015408682
44625.301318975144 5508.001058386201
45375.44128127345 5249.860037701723
46628.75951526663 4746.681766006865
47835.84006862447 4539.6012126489895
48545.46078094215 4829.980500331283
49651.374885869845 4724.066395403567
50350.26646090613 5025.174820367298
51022.207501277655 5328.058959628529
51658.23625117998 5363.971250097755
52294.262363924834 5363.973887255213
52886.7239855532 5407.538378371632
53409.87294763837 5476.851037914791
54979.266121931156 4430.606825707209
55986.99316957895 4422.879778059445
56397.78362929 5012.089318348404
56802.64837610325 5595.135253186719
57254.1168628707 5548.5315132325195
57691.8157665367 5562.301096334014
58113.283853869194 5578.53191266751
58557.12421846483 5556.159635404331
59038.21144463399 5518.912773830834
59538.998177635534 5499.213266998512
60058.24687621103 5480.751301424535
60803.08535918292 5255.1615170281375
61754.648909987765 5048.436449195158
62867.718737082556 4886.93017290519
63678.2659237249 5076.382986262863
64308.533961013214 5369.73196271174
64906.54141355148 5401.992547461726
65515.23173400539 5391.309679546085
66080.47693587576 5434.754798129602
66663.37675419704 5417.1001816786975
67373.22817212237 5290.1485820747175
68048.6669398872 5324.561232235222
