0.0 0.0
23.071631425360067 1000.0
709.091429217387 2000.0
1316.0613687602795 2393.030060457111
1885.7045109347157 2823.3869182827048
2459.8293035445226 3249.262125672896
3019.128045287691 3689.9633839297044
3669.914663776687 4039.1767654406576
4310.786802333403 4398.304626883945
4929.238404614384 4779.8530246029895
5530.583121881201 5178.508307336105
6134.286883741943 5396.296238139222
6736.557964483923 5397.728919258103
7712.256022052429 5024.301942431543
8977.582348035201 4734.673674017211
10142.59750177955 4569.658520272857
10829.860618664967 4882.3954033874
11784.761656423007 4927.494365629382
12496.893470752393 5215.362551300055
13146.775282272689 5350.118188479769
13761.667117137116 5385.1081651356335
14373.418017895143 5388.249099242021
14951.248255441964 5422.1697624531835
15459.965336698115 5491.282918743859
16946.55908589282 4513.406250805285
18009.2566938243 4450.708642873845
18383.762439910988 5076.202896787143
18775.025557361216 5608.736882549755
19212.764473344916 5562.26108401632
19644.2267943379 5568.537679007006
20064.38645896997 5579.840335367923
20495.236082090214 5569.150376879712
20945.49767388639 5549.738408203835
21403.946243616305 5541.551430270149
21875.60603906407 5528.340204552314
22554.273601078974 5321.33243798514
23436.141553877227 5118.132047201788
24476.61501421145 4959.526539665827
25261.94450508007 5174.197048797235
25864.134977011425 5397.809528068687
26442.87877386388 5421.256203147537
27023.541134267696 5419.33763959616
27540.579029835622 5482.962104432061
28074.42599243714 5466.153037398431
28737.75695738713 5336.669035050002
29375.248814159208 5362.508143227944
30040.294116907797 5334.954697251364
30784.975033653915 5255.319083253778
31436.658138598348 5348.316895055513
32024.583963762645 5412.074174835703
32628.794777659954 5395.789186102706
33274.43236782223 5354.362409837709
33916.95124775825 5357.481120063971
35620.642350234026 4296.308897524223
36746.346136597494 4170.605111160753
37763.51656480216 4153.434682956075
38782.60167215712 4134.3495756011
39690.98798737189 4225.963260386352
40506.19215162882 4410.759096129423
41282.213970355806 4634.73727740247
42013.181591605884 4903.769656152346
42701.50962286762 5215.4416248905445
43323.29755017769 5378.212072689924
44028.70032319432 5294.597226983351
45034.287728652576 4994.412594541714
45867.81999307691 5160.880330117447
46590.72984371108 5277.090149365873
47316.003837007396 5274.726006703666
47750.85850598149 5565.145331025872
48011.06945170436 5739.789054277059
48189.007841438564 5822.06161026583
48395.05317668716 5793.954664751426
48636.85051166173 5758.20266502544
48871.36500392589 5765.485507735912
49143.502122500904 5727.86288142494
50218.21510584065 4925.28701666019
51304.5707891583 4838.931333342441
52401.75277836401 4741.749344136749
53635.47971525304 4508.022407247754
54823.92331552627 4319.578806974529
55820.71716554772 4322.784956953092
56711.26348479093 4432.23863770986
57588.16753841511 4555.334584085722
58769.583877330275 4373.918245170564
59588.4794256812 4555.022696819629
60323.59392252253 4819.908199978374
61056.246994028836 5087.255128472154
61780.974996028184 5275.271998000699
62520.89414707574 5260.080848952432
63299.04155620641 5221.8525908693155
64022.03760996596 5277.003946240428
64796.41185996796 5225.625749997973
65476.71297966134 5319.69888030667
66419.05133315537 5057.661646505988
67391.772264087 5027.279069068329
