0.0 0.0
49.46459715410114 1000.0
734.1348932022591 2000.0
1406.9716204315466 2327.163272770711
2063.1299695707917 2671.0049236314935
2731.840890137897 3002.2940030644163
3441.1858856652684 3292.9490075370395
4172.982925903031 3561.151967299279
4900.623672463433 3833.5112207388656
5600.175615329293 4133.959277872983
6283.771037185299 4316.404578144016
6975.3968103312955 4308.374226854042
7820.693891618234 4154.702918713045
9170.903060917717 3649.7908307004673
9819.580332549687 4001.1135590684707
10479.911464611016 4339.668867938655
11141.717867600766 4338.193597010231
11796.183099851469 4345.5347677492855
12203.69739460325 4592.4857052482275
12452.678621511834 4751.018773091435
12749.190488928047 4703.488132583774
13045.128733484813 4704.061755443232
13225.085131833972 4820.04360165082
13420.49347360927 4804.59165822468
13931.76793296168 4488.72554064756
14368.639297436528 4563.128635525141
14894.79925729689 4473.840040139612
15487.448737097468 4407.3505201993885
16059.036494511476 4428.412242585988
16632.12087448465 4426.915620026814
17320.93845466015 4311.182419824513
18040.474712080293 4280.463742579874
18747.157898680176 4293.316813400101
20416.30314349761 3330.8547551825523
21337.617015851254 3409.5408828288932
22026.17381114682 3720.9840875333216
22951.98754093906 3795.1703577410717
23581.854743052354 4165.30315562777
24200.917720438356 4380.937022614005
24764.080083501518 4436.837636936855
25238.76568709245 4525.31439640906
25684.685982604842 4554.079704487587
26228.626923414562 4456.059059190278
27537.501723619673 3691.1251997948652
28763.981128949345 3464.6457944651916
29459.85854513311 3768.7683782814256
29986.951117009947 4241.675806404586
30580.69795288007 4406.25316412987
31089.02143253921 4491.6765203408495
31562.80133482192 4526.220097717288
32151.85284194046 4410.948492881476
32848.48068548532 4303.3721564551615
33218.644075206415 4629.836610278917
33403.268171545446 4815.375903660968
33642.94801086217 4760.320160683237
33967.0139083978 4675.934102464372
34344.90229666424 4622.111611733551
34725.31726508867 4619.585031575555
35134.83342817003 4590.483836918632
35647.689708867685 4487.143719302334
36293.45863887502 4354.23106999265
38374.38075195064 2919.077886924384
39739.79534245654 2553.663296418469
40288.80831421324 3004.650324661796
40767.040591948375 3526.4180469266485
41194.89094753544 4098.567691339544
41628.058377785484 4566.832569749937
42100.156160764396 4527.902217021092
42648.62870790821 4451.52745285616
43262.30630070189 4386.322407206304
43855.45704883705 4406.849251864858
44415.642844877075 4439.814203959968
45281.03821418462 4134.6046306924345
46300.183320955955 3980.8548932286735
46900.50868465895 4380.5295295256865
47417.79508428866 4482.7136003702935
48017.655643707614 4400.139440581064
48491.79928254813 4525.856361159524
48899.529782537546 4592.269500010599
49430.99514805306 4468.5346344845
49974.78028642423 4456.214861628818
50676.361658181246 4298.418628242979
51320.074773720895 4356.286884460358
52640.89792081913 3679.176852901772
53469.44363266741 3850.6311410534763
54177.979243926784 4142.095529794104
54729.21976571746 4448.75947820934
55213.1964467934 4516.023318924076
55757.856993750174 4455.33945304323
56263.25326603106 4494.603727719104
