0.0 0.0
28.966274561600848 1000.0
714.8973260172327 2000.0
1332.3380307663306 2382.559295250895
1938.637765667473 2776.259560349784
2539.8283356532847 3175.0689903639786
3195.6439750824784 3519.25335093475
3927.1944924842924 3787.702833532884
4626.015890403005 4088.8814356141866
5300.308433548487 4325.707456854549
5974.471723604203 4325.836709944288
6635.217411055499 4339.254312548705
7770.987701030385 3864.229710025138
9231.187280758922 3404.0301302966204
10351.31748032277 3283.8999307327676
11218.264168519734 3416.95324253579
12197.307530726805 3437.9098803287425
12861.949788792404 3773.267622263157
13540.219774804684 4094.9976362508974
14173.860760971264 4366.3590138334075
14794.849278643322 4379.011482327956
15387.009613884202 4407.839664759156
15919.018511493932 4467.991102390289
17444.245178381876 3474.773333112076
18490.756216548412 3428.2622949455667
18888.193318446894 4030.825193047153
19305.812509109015 4582.380809337925
19760.62106998025 4545.191439128774
20206.331070882818 4554.289999097449
20640.33242610608 4565.998644776744
21095.633631450244 4544.698794655849
21580.409498267756 4515.224133182506
22092.6654266029 4487.744071664835
22618.851096511637 4473.814330091245
23370.24544001494 4248.605656496702
24302.16083543707 4068.0846045779076
25442.0421562171 3860.1186792199746
26265.305813111445 4036.855022325611
26921.277359672724 4344.028453438708
27548.394407404598 4372.882952268124
28157.093321821434 4391.3010855831735
28697.38545821096 4459.707863610462
29250.94549771047 4446.43996050048
29955.237565564 4295.707932146459
30612.74419885698 4342.4933667070045
31322.30077537196 4290.443423485013
32108.372035683962 4213.928739688014
32782.07116117635 4326.30087450764
33405.048342885144 4377.022818291223
34046.63914450444 4358.409198380707
34744.49834960998 4302.140794894473
35398.885181899575 4345.6131677104195
35826.000561760295 4572.8846201392735
36104.88862055732 4721.111941202994
38521.15924098655 2583.7293795707774
38960.2461728852 3144.642447672101
39403.285229709305 3701.603390847973
39826.02714450702 4278.86147605026
40226.85116261249 4599.17598189453
40600.51117897308 4626.339983639401
41018.631154748124 4581.880024224929
41446.84680762402 4571.784347124106
41905.250411808076 4541.596395815957
42362.25799959476 4542.992412213329
42893.52049512149 4468.737504473285
44574.3922406389 3319.128254482585
46541.052050247374 2352.4684448741127
47310.344575885814 2583.1759192356803
47892.276420728485 3001.24407439298
48454.35934711026 3439.1611480111865
49011.83641250145 3881.684082619998
49653.350504475304 4240.169990646147
50408.0277586472 4245.3227458281035
51250.20766199506 4157.820096652138
51951.18387047454 4299.023791520551
52600.27459336591 4350.909277108643
53268.50977534407 4331.764818021833
54228.12182453678 4040.3879508072955
55341.83855719837 3886.2832673384014
56785.740298116194 3442.3815264205714
57302.643683759095 3925.4781407776786
57784.27631110286 4443.845513433898
58267.43261105255 4516.843700050287
58835.0916909627 4432.340920089864
59501.710607133384 4333.381083829345
60127.66392973994 4374.0466773934295
60703.87844244695 4423.785487292967
61286.549667008905 4417.328775438047
62009.54857126844 4277.001095740468
62702.55400633788 4306.994564930564
