0.0 0.0
40.80658672251842 1000.0
743.1073619082499 2000.0
1412.6046362421876 2330.502725666055
2071.0630029302147 2672.044358978026
2810.958161933971 2932.1491999742593
3450.159036888176 3292.9483250200574
4094.81363933753 3648.29372257071
4746.986257055111 3996.1211048531236
5410.49398223579 4332.613379672455
6071.153076931334 4671.954284976871
6720.314809000417 5022.792552907784
7347.466250395031 5372.848558605388
8055.474085433951 5291.992164961029
9046.669119568778 5008.804965865136
9866.146288278065 5180.522831290752
10574.296580125741 5291.849708152335
11301.405791069159 5272.890789056525
11720.064088868256 5581.341702200865
11981.865480541193 5738.198608327011
12161.462822281406 5820.402658259819
12360.213609128918 5801.249213152514
12596.799156030957 5763.414453097982
12835.691802538331 5761.107353492699
13092.153113668368 5743.5386888699195
14181.246700925167 4910.906412743148
15286.48469532479 4805.668418343437
16439.525229288385 4652.627884379872
17709.877181783926 4382.275931884372
18915.60459903395 4176.548514634365
19940.471460825094 4151.681652843228
20828.643001449575 4263.5101122187425
21828.118447629193 4264.034666039157
22879.216828476838 4212.936285191532
23678.947233421924 4413.205880246453
24417.73439747676 4674.418716191689
25122.653193531805 4969.499920136697
25826.14649539974 5266.0066182687815
26542.719670935174 5283.426824464536
27304.69170464914 5238.027966286012
28011.46628810895 5293.225416540167
28776.325361459043 5235.1409266498695
29445.37455479093 5330.950806668165
30425.721979332593 5019.652575458362
31365.36039863503 5060.361580697525
32093.330157190954 5272.030241444071
32847.73342130499 5245.5967358859725
33608.11326185357 5239.62015945144
34245.399877254225 5362.713384599407
34668.50929388813 5576.890583366022
34976.50756635589 5692.001727532145
35310.41248920933 5666.095077146494
35670.39241194241 5640.020077266915
35955.28177863491 5715.110633307571
36111.02356970285 5844.258208932068
36298.582666271905 5812.440903430881
36530.36410730389 5768.218558967949
36834.25880801201 5696.10529929186
37175.781603203235 5658.47720480873
37573.14410057789 5602.6375026253
38128.78706564723 5444.357034930682
38838.52275890678 5290.264306740483
41098.18154685503 3740.341212051734
42270.29030000467 3568.2324589020895
42787.84770803007 4050.675050876698
43264.788659638085 4573.734099268679
43701.70292889172 5136.819830014968
44159.10151280311 5542.601416088564
44646.408920089336 5512.6925927137745
45241.87792327071 5404.530996818636
45864.53277757698 5377.345145693742
46445.62641126425 5418.906366312771
47003.58299543694 5442.043415827303
47873.79225062979 5129.790744807157
48852.96509369761 5020.8271569322205
49458.29840089418 5394.666692803426
49979.47674542747 5478.821655466742
50579.432592082565 5400.044153344961
51043.50960731102 5535.922984771559
51449.197502628806 5594.312104682212
51981.46223078217 5467.735271846634
52530.32634128223 5451.135889499918
53240.37605796544 5289.95028331678
53889.593867003365 5350.782190962103
55218.73274002829 4670.861126975106
56040.592045507205 4849.001821496202
56721.957893624494 5167.635973378882
57275.36977659422 5446.58811703025
57765.858978150565 5509.510798443689
58307.1036832869 5458.7552948637185
58807.78125755732 5499.322425729621
59263.32517784623 5544.4560797110935
59740.571020087584 5522.754157758659
60198.17959208064 5542.391428006986
60641.14003266597 5557.039559414655
