0.0 0.0
20.01977395348399 1000.0
674.1819309349205 2000.0
1392.4329411229628 2281.748989811963
2121.959731799488 2552.2221991354463
2822.886917442742 2851.2950134921794
3429.7012097080137 3244.480721226883
4018.8471886621037 3655.334742272773
4817.02522379874 3857.156707136137
5543.87393598838 4130.307994946484
6352.941134640937 4321.240796293942
7978.318154184435 3695.8637767504515
10074.409666535845 2599.77226439901
10592.863306665746 3081.31862426912
11101.664844833995 3572.5170861008623
11532.483210684637 4141.698720250177
11984.460323148913 4689.721607785842
12471.387371227036 5202.794559707722
12960.947033006589 5510.440338220455
13535.921625910541 5425.025407096064
14179.496336953653 5356.425288956926
14784.188856149782 5395.307480803924
15415.724054061218 5368.464802088552
16325.32010363989 5090.4039504213115
17307.740722825063 5017.57938081488
17949.929228436824 5357.811494388243
18442.27897396595 5507.65025447092
19022.713775777134 5419.56519818886
19531.130978934623 5491.58279684253
19931.931705262 5599.199273672621
20463.338130387267 5468.59357487473
20997.841284470087 5465.496845917143
21654.77454530949 5343.0667391605875
22328.072925560275 5326.701619749215
23598.782192976836 4729.290732583476
24484.719476088067 4843.353449472229
25196.22668386823 5131.846241692015
25769.19743406757 5427.02924980063
26256.00502483563 5513.192409231996
26788.088538506945 5467.916486328745
27316.454405504053 5471.634133002939
27759.567394172973 5556.887011331078
28230.761962678465 5528.805431494524
28692.57643714863 5538.185525529877
29118.48950417783 5574.086932970778
30401.920715353182 4716.56878882463
31431.339428186056 4687.150075991783
32227.175792746926 4891.31371143089
32911.763069154425 5206.726435023401
33567.41569287154 5344.34737628291
34149.63435129545 5417.7813415761375
34711.16572028524 5438.468631010243
35267.640371755595 5443.525348529639
36741.09341724881 4526.546954506821
38386.06547048986 3881.5749012657957
40106.76813307521 3160.872238680461
40884.982892935725 3382.657478819911
41316.058958224414 3951.5814135311593
41714.65372974601 4552.9866420095195
42046.61802512017 5221.0223466353555
42383.23167475929 5663.386350360877
42710.80919320381 5672.422481555404
42957.14875041092 5753.660442792912
43268.46740907359 5688.681341337362
43548.19230800567 5720.275101067941
45038.41386101925 4509.778446986407
46620.88332976186 3927.30897824379
47909.56995944212 3638.6223485635605
48991.102861392574 3557.089446613112
50169.312471459554 3378.8798365461553
51161.554821876016 3386.6374861296954
52240.394603504414 3307.7977045013113
53388.76737631778 3159.424931687944
54585.2660486524 2962.926259353342
55330.76226661262 3217.43004139311
55932.67531912954 3615.5169888761843
56602.856802183225 3945.3355058225397
57260.31824257677 4287.874065429022
57907.863268176356 4640.329039829503
58534.58307026017 5013.609237745759
59141.56881063403 5393.014259626201
59561.99756434048 5579.571246293583
59798.51904623603 5763.478518104472
60036.03985046635 5762.479195769619
60390.68294632214 5645.3569041442415
60591.316029141235 5799.366917180833
60975.691710122286 5615.624319018963
62229.51921071749 4746.1724994047545
63326.50011866043 4649.1915914618185
63710.40828565715 5265.283424465053
64160.133157057346 5550.275128599751
64712.207160375125 5447.92599668217
65288.18661730816 5424.020543066976
65785.96616921625 5502.2204480919
66246.96477863695 5539.001390579231
