0.0 0.0
41.562356611316886 1000.0
717.5208450177847 2000.0
1447.388115061397 2270.132729956401
2204.643847303974 2512.8769977138036
2922.7162857228486 2794.804559294917
3591.1776775601948 3126.34316745758
4231.964372391066 3485.556472626708
4857.429222036609 3860.0916229811687
5545.84282712598 4171.678017891767
6279.529677240318 4266.313149885622
6955.461743122459 4324.06793411784
7611.800699321889 4343.661043800559
8911.414680214964 3700.3860191069157
9575.666778187498 4036.1339211343957
10245.3942191241 4330.272559063409
10948.905420118559 4296.488799005521
11628.774751000847 4320.130669117715
12238.874847463843 4389.899903537035
12809.710645368563 4429.1642020952895
13381.092022958392 4428.6186224101775
13964.226423835711 4416.865599122686
14580.793428302562 4383.432995533157
15214.944794043118 4365.848634259462
16179.242968290479 4035.7018257526697
16930.13381774093 4249.1091505495715
17421.981411306566 4508.152406434348
17756.56328339916 4665.418127907389
17948.568922386923 4807.994361012246
18140.417605796294 4808.151316590651
18357.52065118363 4782.896954612655
18596.30680773377 4761.2138434498465
18926.47704596747 4669.829761766329
19371.396481236927 4555.08056473059
20272.310982555886 4099.085498681081
21503.61871588631 3768.692266669585
22835.563913093858 3436.7470694620038
24355.55915975884 2916.7518227970068
25689.188476720778 2583.1225058350456
26712.551900379654 2559.759082176155
27724.73319758701 2547.577784968803
28450.676076942236 2821.6349056135796
29590.330914301783 2681.9800682540103
30554.80572707951 2717.5052554762624
31320.888297941983 2951.4226846137776
32049.16704933934 3223.1439332163923
32773.842694716994 3498.468287838709
33501.500398348995 3770.8105842067025
34190.59099492301 4081.7199876327313
34702.442155862576 4488.148839060477
35073.93517509627 4628.506980766332
35352.51319185509 4721.421983241185
35587.48171168573 4765.031480169337
36417.36193448486 4170.119777200864
36857.042040992994 4560.319893491872
37168.59128951759 4688.450751475433
37457.564062042824 4711.027227474817
37764.120650261 4693.443411781787
38159.543568852634 4604.577081408372
38581.098001714934 4578.445567137727
39012.70257155586 4568.395430159064
39468.253009521235 4544.449562034644
40144.42070924084 4323.832300280406
41141.573856333416 4002.84685290744
42271.560197261075 3870.013659072329
42981.363396925626 4160.210459407793
43843.02141908322 4138.341977842403
44569.985421815 4273.035997268228
45207.35246926328 4362.632952551725
45803.69159366621 4403.660875597057
46389.13259719984 4414.558996466393
46962.13403664921 4426.998560550665
47471.54049596547 4490.593540683751
48939.59282647579 3531.947669489667
50003.48632146069 3468.0541745048013
50380.16432181971 4091.376174145836
50766.308598754105 4613.855723065659
51188.58071237519 4577.7278863789315
51617.689694503046 4570.891017872154
52032.22513264605 4585.4645618569975
52456.5858625709 4575.639270075164
52892.34408348142 4564.241779089506
53359.73490229116 4532.609181190275
53843.58484827323 4516.150054017931
54529.474088334886 4314.110759938366
55438.90256257981 4090.5715257551055
56521.83773640904 3917.0648261707847
57318.36940009395 4120.533162485872
57939.83081757709 4378.538582516861
58520.4913441039 4419.3394734731755
