0.0 0.0
25.94750754528637 1000.0
658.808688082485 2000.0
1338.521973511037 2320.2867145714554
2046.5129178570132 2292.0090556540345
2684.6033229834293 2361.9095948735867
3360.675276686679 2323.928046296756
4144.7160553583 2215.959221328373
5056.496987105059 2088.219068253233
7543.602007926584 1000.0
8718.45951344284 1000.0
9323.662267318243 1394.7972461245995
9846.88262317196 1871.5768902708783
10353.884346616729 2364.5751668261155
10910.452610309772 2443.4317363069395
11518.883616477406 2391.568993832372
12301.54339834477 2217.340218132643
13006.725936653114 2294.8174616916413
13679.299235660028 2327.4267009930754
14322.90509122276 2356.394144437276
15439.927424439502 1882.9776667832648
16260.48649941865 2062.418591804129
16809.497844714013 2450.9886547046617
17470.004942542222 2339.492902171803
18165.191514454396 2304.8134280878157
18568.53674131251 2596.654773141885
19146.717453446454 2421.8192878660648
19730.526567126486 2416.1908863199915
20327.087591144307 2403.4389759821834
21194.236201636337 2132.851389507964
21833.421420108316 2360.8147815280045
23221.974830857398 1611.4465892509102
24053.131199639516 1780.2902204687962
24734.85338721414 2098.568032894158
25295.685257755656 2439.1681294584732
25861.002612518718 2434.682645236938
26568.809904993122 2292.1927075255912
27083.618860160466 2485.191044832667
27631.39534485739 2452.22351530309
28208.667925979804 2422.72741887756
28695.382655604146 2513.2852703756353
29257.429016748247 2437.9536388558936
30856.225614508203 1401.203402240049
31817.638109097526 1439.7909076507246
32619.50133094305 1637.9276858051926
33401.317303522505 1856.111713225736
34121.914593283516 2135.5144234647487
34699.16888776213 2422.7457055214227
35430.566948281936 2268.6019394801783
35964.78013902703 2465.7868092549043
36259.034914908865 2705.7452241182027
39014.03542546592 1000.0
39434.38103344064 1579.6543920252682
39896.210462762996 2117.8249627029345
40313.68418187535 2582.526280887657
40652.511904012514 2661.1722778628514
41041.32311080221 2611.188793210288
41411.74626753424 2629.5768432679492
41857.61288914384 2554.1333783904124
42269.962099379976 2587.650789763846
42762.72067208565 2507.2414272943047
43308.40355872859 2454.317113357054
45176.90341342236 1131.5001453062234
46766.40285317087 1000.0
47493.00103091998 1273.401822250887
48079.98096914204 1686.4218840288324
48656.29736145386 2110.105491717015
49230.88405359851 2425.4133078553614
49948.99923109164 2281.8848225068673
50768.40743841805 2180.591792673592
51529.90408560037 2238.5033528176864
52178.46367204615 2351.44041355422
52830.68610161184 2347.77757043432
53582.267504955205 2248.418596656634
54726.883974191966 1855.3835307632269
56264.026615981464 1318.2408889737221
56814.75995547289 1767.5075494823077
57336.67004472842 2245.5974602267925
57836.41300975654 2500.2570349718776
58433.01008191657 2403.402927839991
