0.0 0.0
26.452898833031334 1000.0
691.8590538206489 2000.0
1329.5915854784737 2362.2674683421687
1910.876744924562 2418.714840553903
2541.1517728712033 2369.7249720533564
3199.178588622377 2341.973184248828
3830.1916238201434 2368.9869648022263
4458.5644267358 2371.627197084338
5082.615348615107 2375.9490781206905
6088.334309642073 1994.2810389730334
7430.318387946318 1652.296960668798
8590.029617622591 1492.585730992514
9315.602272606802 1767.0130760083075
10410.242995469747 1672.3723531453616
11088.645514411743 1993.9698342033478
11770.32985142395 2312.285497191122
12433.566004142904 2336.7638472810377
13083.726524037287 2349.8394801056093
13702.708713980863 2381.0178100564153
14229.029331652373 2473.6793823284934
15694.73971569414 1534.2896159582383
16821.096450472727 1407.9328811796413
17234.806020647793 1994.223311004578
17655.698254109262 2573.3310775431128
18128.6807617762 2527.0174923330724
18577.470599253025 2551.2101625231803
19001.893814576077 2575.57678467694
19452.594124181123 2549.299690394955
19925.568911961785 2527.02521221935
20410.755035019163 2514.813876942628
20912.006357964063 2498.748677055088
21579.861423803497 2332.144934160553
22495.601233768113 2084.2601900353748
23539.810885746847 1955.7903480212635
24345.983211971285 2149.61802179683
24956.057941838957 2389.9252701323185
25532.271219996084 2423.786721842859
26143.133381348176 2389.1378386478964
26685.74926981193 2457.384111536235
27258.10489396691 2427.6443758450177
27972.00228238653 2286.102611580376
28658.077998977355 2313.9242834091747
29344.55138491828 2313.526614059084
30109.96173707686 2234.5896478414234
30790.384952541794 2319.5767845350715
31414.75547533483 2375.6294772069573
32062.8931632636 2351.862312071226
32751.89942010171 2310.9937431618937
33438.0062090963 2313.893211005412
33906.71298049094 2531.293228605352
34237.36969224157 2669.34328824935
34623.901218514155 2613.4684737273988
35095.72221897753 2528.1789995366344
35611.15834218016 2484.563876797384
36126.05382201513 2485.1045201650377
36662.499411295204 2463.5544107199366
37351.293757301035 2311.2056539941705
38214.50436855307 2136.789388747953
40704.04830117261 1000.0
41836.456397620124 1000.0
42410.54730349779 1425.9090941223312
42899.43690648607 1937.0194911340527
43395.07890133108 2441.3774962890593
43934.18309620344 2460.8958051276295
44509.7324409164 2424.4506552870494
45252.48426883494 2257.248172081478
45921.69763100403 2330.786637830894
46561.67863591386 2360.0189950901695
47145.757425718475 2415.921210195396
48237.35987075969 1908.397554958785
49046.2811134746 2099.476312243881
49565.933576962125 2480.3475365124914
50180.34025423477 2385.593322727367
50857.322718497424 2323.017535737323
51248.95620778773 2608.36651070969
51806.14164147453 2442.814566313204
52395.92166942573 2410.2199720488234
52977.032365276726 2418.889304148999
53846.61130687675 2130.421058399971
