0.0 0.0
40.97204374246449 1000.0
759.2202141108821 2000.0
1386.7481921507838 2372.472021960087
2015.4997721272773 2371.248420023507
2695.5981183327162 2319.9016537945745
3402.432261064998 2293.165857267715
4093.744862628909 2308.68739843608
4795.725344765276 2298.019517863636
5460.521753718153 2335.2035910471186
6260.713822720474 2199.8079309976783
7590.860359364803 1669.8534633556744
8234.547896916723 2026.1659258037532
8890.36083097535 2344.1870659413544
9530.36721537583 2359.9936155994883
10190.69786041172 2339.6693549640904
10577.272099500527 2613.425760911171
10836.44782005089 2740.8242794496136
11129.040724451404 2707.4070955994703
11408.207400462048 2720.8333239893645
11602.753438897538 2805.4539615645153
11813.495808561416 2789.2576303361266
12301.03282047166 2512.462988089746
12740.720176893563 2560.312643578098
13282.045783564783 2458.6743933287808
13900.64769409441 2381.3980894703654
14495.202954326165 2405.4447397682343
15103.155354440296 2392.047599885855
15868.091845333822 2235.0635091064814
16643.21927403444 2224.872571299393
17425.940126710542 2217.279147323906
19271.702551903112 1154.2375748074353
20178.11277568961 1247.8273510209408
21039.881455140177 1386.0586715703596
21914.522414729752 1511.4177119807864
22551.730034048825 1874.2100926617068
23195.348838808604 2230.591287901915
23792.33143754717 2403.0174012614407
24277.669234404173 2514.6622031429984
24740.610425565636 2537.0588088385357
25298.06628455688 2442.5441410087524
26612.110679076366 1685.9556054805028
27831.234820958223 1466.8314635986526
28576.87122074536 1721.1950638115254
29142.105260452438 2155.961024104454
29737.705436266253 2404.399824186181
30257.98592194803 2479.719514318207
30773.20748489827 2484.778437049763
31404.749650199978 2368.457834698299
32134.49365739915 2270.255992800835
33707.48929020858 1427.004367190583
34385.95852863417 1748.535128765001
34737.67878651525 2396.8148708839103
35080.34974919657 2657.3290373186856
35401.072280185785 2679.2774690107854
35737.102862969834 2663.96941721595
36112.42884417851 2624.674018791325
36472.118218943884 2640.3106252346233
36839.43131660447 2632.6869023394056
37226.322647260546 2613.1086693439174
37859.05173484074 2367.2709124198095
39041.30533091391 1817.7464039268411
40270.78097166559 1588.270763175156
40988.686289867466 1870.3654449732853
42016.420302784594 1842.6314320561507
42696.07687359174 2162.974861248993
43376.04082256441 2320.0360510273104
44004.89825444313 2371.142568121276
44647.00555384739 2357.892700595732
45246.954823604116 2400.050730243268
45787.171050477125 2459.7837731269874
47598.30519357301 1188.8658569041113
48337.90678648042 1449.2642639966953
48729.27127226171 2057.899778215405
49135.18071955929 2594.0905527024215
49587.06028173665 2548.1204378226503
50022.792624147 2564.2676575896567
50457.311571850325 2565.4810522966673
50905.36499864048 2551.946573209849
51374.7001849638 2530.6648136766935
51867.04853099109 2507.651653972725
52382.90668685987 2484.141844131206
