0.0 0.0
22.877664646749682 1000.0
754.9134740327041 2000.0
1393.5466419687054 2361.3668320639963
1996.67398675304 2758.239487279697
2591.4268253039436 3163.486648728753
3207.296359826973 3547.6171142056896
3884.097948793341 3870.8155252392717
4527.718606450579 4227.194867582054
5150.526014490091 4604.387459542524
5764.793421529898 4990.12005250266
6403.45928194725 5351.45419208532
7034.723921124498 5368.7353608228295
8164.745137863448 4869.978783261077
9494.161344309268 4540.562576815286
10576.449860403782 4458.274060720727
11301.21549323225 4733.5084278922295
12363.19629136117 4671.527629763334
13028.030689751546 5006.693231373024
13721.983765442712 5306.046924308911
14356.182046230932 5365.801719211861
14997.168917552897 5359.013128678106
15594.191390284901 5402.977527267998
16124.480487290391 5469.710902994498
17942.502917592716 4181.977569697674
18695.577218568335 4428.903268722097
19100.03190349324 5024.448583797202
19522.791509023013 5577.240394470204
19979.455819534058 5543.335689488959
20425.315006937737 5554.140812596323
20855.05944552961 5570.255561408122
21311.190119420957 5543.869326108605
21785.701672457242 5525.488446963723
22276.503192487828 5509.198479969464
22795.32012065254 5481.1830718353385
23570.65867459001 5224.661446062583
24444.640429372383 5126.018245217647
25534.903335962383 4909.737093410044
26301.017386050033 5143.623043322424
26907.20694933978 5393.810436710292
27504.606017560065 5402.6009317797225
28091.334049114426 5413.271968445647
28636.593685754997 5454.740363359387
29214.37776652438 5422.215919230573
29914.34787688304 5300.029889641341
30557.398015436593 5356.949861446478
31258.537270782588 5298.860744653939
32016.323131762474 5242.214139019993
32679.06700552052 5337.256126241931
33295.35631096897 5383.710694551535
33913.0796498316 5382.276661137382
34574.54179288641 5338.537856945176
35217.80523411638 5356.736558770021
35620.488796906495 5597.316437209937
35935.655962970195 5684.832833936362
36452.33736602039 5483.318596949853
36901.161278158885 5551.1760878615205
37348.16843076791 5552.992847390979
37894.14106584768 5454.027364920207
39179.26465836631 4714.876407481357
39744.94224696082 5149.198818886876
40492.58341077858 5252.358836182232
41113.44472400248 5379.138686776071
41815.34431924352 5298.100404758934
42473.64740643936 5341.696912804152
43205.57005184894 5268.07735459049
43981.06344701681 5224.5066048322
44773.03804019474 5208.02540682209
45621.72995804052 5151.308082154171
46300.292210534884 5321.437747505587
47655.66322675413 4644.628983780782
48358.911207994555 4941.381002540305
49114.11328603158 5186.178924503332
49841.75484916682 5272.358436864806
50504.92141964292 5336.83342952392
51203.922966148566 5300.998453494278
51871.6656046087 5332.257361539796
52513.816005042594 5357.849599566117
53200.813774853865 5313.002230188745
53865.92926783526 5334.884507018658
55489.08324856012 4376.846019275157
57135.47551656733 3730.4537512679453
58271.82863858052 3594.1006292547227
59452.20741481501 3413.7218530202026
60890.969916461254 2974.959351373981
61484.47489916007 3381.4543686752095
61935.862424716084 3930.066843119241
62315.017015273115 4550.912252562192
62652.05387146667 5213.875396368538
62998.09286596422 5653.961005502314
63360.22690456265 5637.865961401498
64080.28351171289 5279.943392849741
65202.88182596596 4877.401685746907
66368.11635614249 4712.167155570347
67241.03105017735 4839.252461535503
68168.39707343932 4911.886438273506
