0.0 0.0
30.41643177277478 1000.0
744.4227037496476 2000.0
1373.919145728045 2370.5035580216045
1972.959739547951 2400.9594061800926
2632.46786192258 2340.4918776253726
3295.696477907764 2336.77138401482
3928.0071815782535 2367.6892963295045
4576.52518241475 2351.481999163494
5230.711666684471 2345.813515730276
6366.881574313556 1863.8300923709185
7728.6451568295615 1502.0665098549161
8794.728274740273 1435.9833919441949
9528.791600739556 1701.9200659449161
10607.21414145165 1623.4975252328136
11274.83044333905 1955.8812233454
11974.26142497314 2256.4502417112917
12611.678292779525 2362.583132193606
13247.812562708154 2363.865730071364
13839.233131466208 2408.579431241941
14362.609511534298 2476.623619931908
16175.223440338845 1187.3860711954492
16943.29398872954 1419.3155228047456
17346.166080432205 2016.443431102081
17766.33530306896 2579.8307773632496
18230.677827035008 2535.657476033968
18669.76290358527 2560.914923449741
19094.7907146443 2574.972188940962
19537.359406743377 2557.4313079009235
19999.20818355673 2538.1512231866627
20490.329957079804 2508.878226476932
21009.632788034265 2480.697169045532
21802.41404724875 2207.2187407855063
22729.92723731333 2072.486809935409
23837.01845268058 1892.9087846327507
24637.15203905965 2092.775198253684
25284.90588004278 2352.246159016856
25924.709905256343 2360.195974786421
26544.16375456974 2380.546150686591
27106.783810259032 2437.3799443107
27710.532163415195 2396.25164684383
28423.605184882283 2286.926978532908
29086.713093784907 2336.8920910973766
29813.30601081202 2273.4070829728907
30613.32564301808 2199.9803677939362
31309.093485241698 2304.232157776377
31949.48803824439 2359.6054469972933
32582.435618070096 2367.0524201743
33273.375237542765 2309.0603805273363
33928.97142190903 2344.4038156337347
34365.509113258464 2563.462308650559
34699.76231488952 2665.7467983689276
35102.10185366882 2597.660461220693
35583.66284165575 2518.4390120130824
36121.48092263444 2462.181919021322
36628.82230179978 2492.658620834658
37202.85629269607 2425.9660091037113
37873.034868252624 2329.821424443442
38698.579779261694 2174.455088990917
41180.50475150432 1000.0
42299.85556463475 1000.0
42880.48231692578 1419.373247708972
43363.95585620609 1935.899708428656
43839.98405077614 2459.8715138586062
44337.28162793385 2502.7024228422842
44880.1326423975 2457.1489855363548
45568.351367239076 2311.7812751584333
46225.93539672209 2342.415970516984
46852.48653206458 2373.448864657511
47448.67209029359 2403.814441770983
48545.36840327432 1903.3036870192805
49344.04424961496 2104.627840678647
49880.878116498185 2463.1661331167998
50515.470756269424 2365.4073602287663
51198.385029230645 2317.085727038771
51603.96492727046 2594.420101960178
52182.8251075026 2421.1398197678764
52777.85735142785 2404.967756074766
53375.16974351993 2402.687607907923
54220.89991263723 2154.2698308826907
54846.56889600109 2374.33101663612
56203.41934155598 1643.1495544451038
