0.0 0.0
26.840433504047184 1000.0
712.6006628336825 2000.0
1323.7691208409249 2388.831541992751
1921.7823839794905 2790.8182788542117
2517.7373888031834 3194.8632740305334
3156.948816252173 3555.651846581514
3877.1608452143823 3835.43981761925
4554.457590365344 4158.143072468292
5202.276282999725 4352.18130736565
5840.731792909268 4361.544490090457
6474.6839152533485 4366.047877655907
7574.5529573028825 3900.1309579504814
8959.286478145239 3515.3974371081376
10099.092106882044 3375.591808371322
10881.578941623202 3593.1049736301447
11940.561622557154 3534.122292696211
12633.842049222203 3840.841866031171
13350.651770699997 4124.032144553394
13991.697127821424 4358.95464287856
14638.450166836737 4353.246960984698
15254.254761803111 4384.195405033657
15788.997114945354 4465.257646857781
17438.442707337428 3350.5544076079454
18388.31300355878 3400.6841113866194
18795.480596266578 3993.5165186788786
19217.257085677367 4571.740029268132
19692.747565576683 4524.509520100699
20153.424954334387 4539.322611242316
20588.899905983933 4564.525048350461
21044.55018157828 4544.34972440566
21509.19453934444 4535.3556422338515
22001.048916908443 4508.14562243598
22527.453721614147 4473.595195294278
23286.482205588574 4240.971516025576
24217.127933135424 4069.3542724531894
25325.73804313962 3891.38988999581
26126.367461116606 4090.760472018807
26763.0759792167 4363.291481899894
27363.289029271702 4399.786949944999
27975.091354269134 4388.19767500258
28520.014771973554 4455.076582295565
29092.963900537477 4427.050871436072
29817.80511312607 4275.158787411396
30484.391025519155 4333.414087606896
31188.967499009188 4295.42352650996
31989.601723970394 4199.365775038814
32675.097082711185 4314.504641259233
33307.390711173466 4367.7063715377435
33949.42803815128 4357.962673022184
34622.792839812755 4326.635198338541
35295.322549365264 4327.470290447505
37088.73960043657 3206.5829489286834
38265.26668567464 3030.0558636906176
39479.74554123824 2815.577008127014
40588.28833112821 2707.034218237028
41556.7142304191 2738.6083189461224
42417.31432863543 2878.008220729803
43312.39460501983 2982.9279443453925
44176.65805369575 3118.6644956694454
44931.57757912472 3363.7449702404597
45602.77897814496 3692.543571220203
46297.77700150893 3997.545547856211
47662.36483931595 3632.9577100491856
48396.089604361965 3899.232945003202
49127.853153147575 4167.469396217607
49896.92830835159 4230.924844795965
50612.552404302405 4284.375904049184
51251.557977757446 4360.994426544987
51861.4914357294 4390.066542028061
52459.09997493634 4402.391460793047
53072.71980777359 4386.380167162742
53689.022028540894 4383.697779232691
54332.422338969314 4356.5996895715925
55345.95040401194 3986.4719349574098
56138.184777817034 4194.237561152342
56672.494735241 4465.690042576028
57029.22469591633 4643.270039324667
57242.710037278346 4786.514658638003
57451.73775599695 4790.972281281445
57691.53306298865 4760.204693008291
57925.15305585216 4766.380007136489
58286.10039737158 4639.052658480603
58741.17079944257 4544.929597929059
59802.50085017071 3938.6699492718985
61196.37321124901 3544.797588193612
62675.77519490539 3065.395604537191
64289.17682709316 2451.993972349419
65571.67763202763 2169.4931674149175
66681.15907446905 2060.011724973476
