0.0 0.0
71.32860987223741 1000.0
842.1365649571645 2000.0
1677.0551573316377 2165.0814076255456
2078.4226166571093 2763.713948300082
2224.7561576520857 3617.380407305068
2397.6715401054657 3827.0846175466
2568.9789932650774 3828.692546840394
2726.279898365881 3842.699094899192
2914.563741456176 3811.7161569096806
3117.78505442416 3796.7786870320137
3348.4739779828874 3769.3110764413004
3618.631496633909 3729.842481348995
4033.40044190117 3585.2310547327556
5365.306058736282 2668.0943831648847
7350.780575015053 1682.619866886113
8140.075153074332 1893.3252888268273
8702.285970347139 2331.114471554026
9240.143291840483 2793.257150060669
9769.329074584695 3264.071367316458
10364.581723642317 3404.747350942387
11066.97555493812 3297.60616870418
11844.796896164176 3222.178658773953
12463.148170909295 3381.6487252549255
13075.695101865376 3387.453069043938
13653.871343978475 3421.823757886921
14600.508191083478 3053.3631528950095
15585.655528907051 3014.8526621764286
16966.488009191347 2619.167519715712
17439.693835833757 3145.9616930733205
17886.084650520526 3553.609185313207
18368.379490852025 3517.7051596684846
18921.758828444337 3446.6206624077104
19554.582106796486 3367.1767216478656
20123.025020424255 3431.557086372224
20634.28304784792 3488.7419725763198
21174.048021112703 3460.2350267352135
21876.29480729064 3297.7532138220868
22490.462163491644 3385.8326437990113
23656.32202377655 2834.140139715095
24901.167143293093 2589.2950201985614
25871.260395027683 2619.2017684639873
26369.84612221162 3120.616041280067
26863.195201216353 3506.6509209952756
27396.14587495221 3467.049326264152
28010.338148537932 3385.807726414303
28591.844709813882 3418.49343872406
29190.141471082978 3401.703238730919
29733.927774072024 3456.2136970109423
30227.098387700244 3506.829386371752
30749.483189806208 3477.615197894011
32553.62569696561 2195.857492840586
33218.881709462905 2530.601480343296
33687.67096007053 3061.8122297356767
34114.432564743176 3573.238395327383
34502.81694347 3611.615621273178
34942.62018506943 3560.1967584005356
35398.38109526842 3544.239089801017
35853.88608322461 3544.4950120438275
36320.65302054222 3533.233062682388
36785.876868788175 3534.7761517540625
37627.62397456112 3158.252894227073
38862.9135473759 2764.710427185216
39979.06825384842 2648.5557207127067
40656.73149366105 2970.8924809000555
41660.62125113405 2967.0027234270174
42344.704813423115 3282.919161137961
43003.761147391626 3340.9436660315077
43608.811239118215 3394.9499082733983
44232.25334420545 3376.5578949127907
44793.2627072734 3438.9906369320674
45282.122646507974 3511.140060765427
47231.73375722828 2050.3888892796986
47760.485163196376 2521.6374833116033
48160.19394195637 3121.9287045516703
48562.55043576024 3597.643506196168
48982.77917588035 3579.7712598798994
49389.342479513405 3593.4366963669495
49785.04051922085 3604.3019602925488
50226.451479849835 3558.5890393710315
50675.751687823074 3550.6997920267886
51146.5302535482 3529.2214342748885
51640.38593735228 3506.1443161959114
52476.04163536695 3164.3443019853394
53374.32853876977 3101.713096597217
54505.10651703093 2869.222021738873
