0.0 0.0
39.091750838141486 1000.0
732.6565464828033 2000.0
1383.607509847904 2349.0490366348804
2025.7515565698927 2706.9049899128922
2722.1645818287934 3010.491964654022
3418.371013779544 3314.285532703293
4115.196336369554 3617.4602101132778
4825.532929827725 3907.1236166550752
5507.235943064187 4225.42060341859
6176.534272472707 4556.1222740100875
6836.363355313066 4896.293191169761
7495.5901149781885 5237.0664315046815
8315.662173022009 5179.927941956117
9408.995198503922 4906.666974518019
10187.901554364968 5127.760618656962
10886.650336686676 5301.251217678275
11605.003346399404 5281.646990287231
12298.104629960651 5306.898716438716
12961.330931595248 5336.773698365372
13648.24682027649 5313.084111318725
14318.963133470343 5329.283686806124
14984.449958966865 5334.513174503514
16292.29749935577 4692.152459611092
17511.763434603537 4472.686524363293
18150.419215685568 4834.030743281225
18765.05343603293 5219.396522933842
19368.944235519335 5396.109200513611
19975.1049020465 5393.839333472864
20609.50945639479 5365.595445651749
21243.125640037462 5366.383816357332
21827.154087446983 5415.971552590514
22285.477229109096 5541.6768583379035
22598.77389101576 5686.7033380933235
22772.63155933156 5826.1423316842065
23769.768169326737 5002.863390004781
24576.39932820366 5193.368841123066
25382.28245163483 5194.116876568811
26179.04410143604 5203.238350198825
26968.245189824498 5210.798911611608
27760.80788470141 5207.437305123149
28453.835344500996 5306.972540200457
28847.40354795871 5606.431796542266
29083.545954273566 5763.857593685122
29294.1419962345 5789.403958039004
29637.439398495757 5656.702597738651
30737.691856718528 4899.7475417772075
31712.215166672733 4925.224231823033
32597.94446374481 5039.4949347509155
33504.78084264807 5093.1636210967135
34429.96332104402 5074.817521603999
35348.40323429041 5081.560086753641
36267.95891868304 5080.444315607358
36666.50975691431 5601.449161768681
36859.155938096235 5807.35381881808
37070.44907586302 5788.706862233174
37318.58267645855 5751.866399404427
37617.410701498084 5701.171974960459
37935.10127212836 5682.309429369696
38245.802351634666 5689.298920493674
38714.70583228139 5531.096519353272
39351.9829030618 5362.7229292196735
41520.957337548374 3831.025565513437
42829.82862781351 3522.1542752482737
43388.389202843086 3963.593700218706
43888.98063758685 4463.002265474938
44354.282262716624 4997.700640345094
44842.80688249087 5509.176020570788
45369.30887613083 5473.498006360055
46014.46773971838 5354.841136412506
46676.5702446003 5337.897495118108
47292.45192427785 5384.118320322523
47893.58750788674 5398.864416391178
48884.21538167112 5009.372126215654
49995.305786255274 4888.9095954159
50596.675905524746 5287.539476146384
51169.177625803386 5427.498279721346
51828.82576702455 5340.351858778803
52315.76253998263 5513.0632270419
52779.34352220539 5536.419017777234
53363.60966409076 5415.733858114617
53947.54805210377 5416.0616119869455
54724.158322188356 5223.389729915398
55398.755968003104 5325.402354185265
56773.949177027614 4624.806790975501
57670.75354949077 4728.002418512338
58371.91692394345 5026.839044059648
58955.786800517024 5416.130123426365
59473.14836758219 5482.6384329348075
60075.56488016715 5397.583487415078
60624.93378779952 5450.631092367668
61110.24532470054 5514.688463098998
61617.363434594896 5492.881890105693
62107.563420134946 5509.800014460017
62587.82476420871 5519.738655926261
64085.77182209753 4502.0529421111705
