0.0 0.0
40.03378916354073 1000.0
731.2822494178138 2000.0
1694.452398985641 2036.8298504321695
2386.697721057123 2307.754677928524
2926.7540222960856 2459.943698761038
3435.548537021309 2491.205485274786
3964.1623286101926 2471.3862084111174
4605.999345839618 2358.162982770575
5202.769225011031 2403.2301208285908
5690.367925664275 2512.4012993467413
6190.420060751623 2499.9478649126286
6765.2187679108865 2425.2012928407357
7379.84265717112 2385.3761107397813
8684.830715863824 1695.011941307297
9410.992151365685 1968.850505805442
10048.374263492431 2331.4683936787005
10628.532607387588 2419.8416561048516
11173.423540542924 2455.109066844674
11753.60335664377 2419.8201838991617
12244.618191350522 2508.9851652932375
12709.594307592317 2535.0238837582083
13275.09146299741 2434.502844594923
13777.010577638865 2498.080885358558
14351.71391311985 2425.296664519014
15685.4857839254 1666.2281291944532
17604.548139949922 1000.0
18516.557280385714 1087.9908595642141
19049.09456687301 1555.4535730769212
19536.335440298993 2068.212699650903
20021.63351662132 2514.701923677695
20345.164295916195 2676.4692207050975
20652.61347214788 2692.550823768313
21046.10357858069 2606.5098935671936
21448.588626177083 2597.514952403593
21782.256270259662 2666.3323559174014
22158.896264108465 2623.3600061512025
22596.055823082002 2562.8404410264607
24386.74473873253 1209.311084349468
25664.296599117144 1000.0
26518.494852897755 1145.8017462193873
26887.629527200643 1776.6670719165036
27210.3244061159 2453.972193001221
27539.54801185641 2670.7763942594956
27827.598838334237 2711.949173522171
28101.55742264329 2726.0414156909565
28396.688492837824 2704.8689298054624
28784.890035917735 2611.798456920093
29119.710039193596 2665.1799967241654
31591.727529975895 1000.0
32542.777035294028 1048.9504946818706
33230.88672445802 1360.8408055178736
33836.343056733385 1755.3844732425105
34407.44698049678 2184.2805494791173
34976.644109205234 2430.802871291552
35589.26633125075 2387.37777795448
36120.18083144507 2469.0854998056766
36615.5383416755 2504.6424897695697
37118.45944482375 2497.078896851751
37609.99914345515 2508.460301368594
38947.98680468936 1662.0123387658055
40231.649630368054 1378.3495130871095
40978.33896375103 1631.6601797041337
42113.09881493985 1496.9003285153194
42788.606192569496 1821.39295088566
43469.489530876446 2140.509612578696
44112.66355041561 2356.825980460838
44719.19136656973 2393.472183845869
45326.194002427306 2392.997364142424
45882.61667366035 2443.577328766959
46583.75880627592 2298.857867384412
48273.23035322706 1310.528453048851
48670.54869107267 1913.2101152032492
49079.8197929199 2503.9390133560273
49538.502881845736 2541.3169110741683
49984.55589730703 2553.946984538725
50411.79452702189 2572.7613702851277
50870.460293254415 2541.3342337674685
51349.8403823261 2520.619910928319
51861.33564315825 2488.5047391678654
52408.534009502204 2452.8016336560386
53030.295368470004 2378.238641032194
