0.0 0.0
24.041175569617494 1000.0
724.3375170415552 2000.0
1350.5500111527422 2373.787505888815
1939.0535166025302 2785.2840004390555
2521.8673155009405 3202.4702015406424
3134.9371415898477 3386.9301739110624
3766.451167891324 3368.48597369853
4376.037505791631 3390.413662099717
4978.098539959256 3397.938965832364
5572.603854128209 3405.494685831051
6597.0214477435975 2975.5824063846335
7905.424482515818 2667.1793716124257
9063.993062696762 2508.61079143149
9746.243468539422 2826.360385588807
10773.054043876593 2799.5498102516044
11435.908315399354 3136.695538728863
12081.630277303082 3354.2780380962813
12688.83080332331 3392.799473979764
13285.000583956496 3403.830219366829
13849.625114538185 3435.375469418344
14347.73831173043 3501.8868028077745
15890.20246610337 2457.5358456270606
16897.45281589256 2450.2854958378707
17278.213354757627 3069.524956972861
17692.71202940053 3585.5013253571383
18144.568604685726 3548.1434247148227
18576.750165607435 3567.8184390783063
19005.48562728139 3571.264538326051
19450.17044818988 3555.3151790915267
19910.374320005973 3539.796128183931
20409.498212126062 3500.8761078799107
20926.982104704966 3482.5161074210837
21662.320355430755 3264.661749274226
22602.0550107742 3060.2653446565987
23728.196374521074 2873.8586362531587
24507.118708357837 3094.9363024163886
25129.284350795704 3377.834357562126
25733.39411960394 3395.8902311917604
26331.098863403033 3402.2952562009136
26877.007167647746 3454.091695755277
27435.5712818373 3441.435885810425
28130.343345658435 3305.227936178839
28779.902153034614 3350.441192623801
29479.516031965693 3300.3861210689083
30260.52078286688 3218.9952490988094
30933.676809635286 3326.8439732316097
31555.886392564127 3377.7904170711818
32185.904077569663 3369.9823149944646
32852.10368423732 3333.8003933323544
33514.52153334899 3337.5821508883396
34138.84349882464 3375.6780345243797
34993.886059109784 3144.9574397148685
36012.60705751729 2981.2790015924884
37419.266977264226 2574.6190818455552
38317.900390873154 2675.985668236627
39027.62897005551 2966.25708905428
39723.787041148214 3270.0990179615815
40393.73975037776 3330.047290770454
41192.20520057729 3201.5345498004635
41868.74923295261 3323.4559676246936
42403.75815251411 3464.9910804385077
42935.47914388054 3468.279008633548
43516.39892320951 3419.0802206710127
44143.277229430074 3373.121693779437
45464.094526730594 2679.1827026994806
46204.56959576837 2938.7076336616974
46839.748781838505 3303.528447591532
47431.27352695609 3408.475254882432
47972.20940040347 3459.064126552646
48532.276432852996 3439.9329675504937
49027.41896070454 3504.85747214845
49526.322277492356 3501.096683212186
50113.71195510362 3412.6103223887535
50630.08122257025 3483.6307325333705
51230.60878513391 3399.472437436319
52617.636085345606 2612.9726997882954
54540.99754771442 1689.6112374194818
55500.266994871854 1730.3417902620477
55991.10777524692 2239.501009886946
56471.27789169583 2759.330893438016
56961.824340854364 3268.784444279476
57378.16124753463 3583.6630933197434
57700.2213539808 3677.939893553845
58021.12101423895 3679.100339741865
58431.96529448522 3589.1557197536904
