0.0 0.0
62.426423856878976 1000.0
813.901942902222 2000.0
1677.8066138985519 2136.095329003688
2085.4721462344987 2728.429796667749
2250.822888578774 3563.079054323436
2430.7602382201435 3820.0626503585936
2602.4102182914785 3828.350019928667
2766.33240840891 3836.077809882562
2960.0792321165904 3806.2531762922936
3153.5870280087697 3806.4922041077994
3381.6218992234403 3771.965128785344
3647.8251006076616 3733.796798615796
4039.989906927202 3607.835193680462
5271.446857975935 2768.543048951283
7301.8849047836175 1738.105002143608
8028.04945602834 2011.940450898875
8570.65055536812 2469.339351559095
9070.958255302534 2969.031651624673
9524.895086289001 3515.094820638193
10084.602238588266 3440.2928477007495
10753.786638116653 3330.815600471596
11508.484820652608 3245.3018174640497
12116.828055577416 3391.6567650752413
12691.911576817076 3424.916478760364
13257.063047073188 3434.8485297439056
14152.23367425729 3104.8293728159115
15108.451338736902 3043.782335520392
16497.67303829626 2610.7783004406506
16970.34596559838 3138.10537313855
17423.52871902569 3546.8172465726684
17885.989886384286 3537.5388326413895
18450.682608549818 3435.3072778344927
19090.815775288876 3359.866833260959
19628.4638497141 3462.351925574775
20135.239176697316 3493.2246730167653
20670.25643850277 3464.982738194545
21340.123561531193 3330.1328769715915
21949.621512509395 3390.502049021812
23089.500652572704 2860.1208599366923
24308.851113013116 2640.770399496296
25346.6891338514 2602.9323786580344
25851.68705779429 3097.9344547151595
26354.467103533767 3497.2199542605304
26890.245877531197 3464.221226002574
27519.56140851816 3370.684469013055
28105.433732484373 3414.1276760338
28695.07195968449 3410.361772799886
29251.029478279 3444.0424814054727
29763.314545718975 3487.714932559994
30272.20201002832 3491.1125356906327
30632.56318640526 3639.6388236230464
30956.907850034844 3675.6553363703993
31338.53033049842 3618.3775195364155
31787.63310909399 3550.89722140443
32288.350628237356 3499.282480856609
32734.12823476926 3554.222393468076
33279.80594742458 3454.3222873446753
33947.27877407419 3332.5271733503864
34833.38981818657 3113.888955887607
37454.307662986415 1379.0821552001476
38421.16263390323 1412.2271842833259
38993.29432647874 1840.0954917078157
39472.80932776422 2360.580490422336
39923.367905422885 2910.02191276365
40423.635550142615 3409.754268043914
40937.66628222788 3485.9692679147265
41624.19110993364 3313.4751722942306
42284.74390107165 3339.4472088619996
42911.132326307015 3373.6115747646404
43508.99207517748 3402.1402511295055
44517.360035235164 2991.6320399423075
45531.51547779434 2977.4765973831404
46117.850807792885 3391.1412673846125
46684.991137362704 3432.859670430188
47327.20558231278 3357.7855550499467
47783.63987171202 3543.565710600801
48253.525458398595 3530.1144133134417
48805.674361258636 3447.851097139959
49375.69441465808 3429.9799466005416
50183.21892120634 3192.475493451709
50843.714545111434 3339.504376094888
52254.59479241457 2589.1197526968504
53138.38221450333 2705.332330608093
53856.274008687695 2987.4405364237155
54426.518933542255 3417.195611569192
