0.0 0.0
70.42455117903214 1000.0
820.0428593176586 2000.0
1670.2185160908402 2149.8243432268373
1961.1043544351796 2709.1141616556797
2130.2692935745877 2830.8350608606133
2296.05390953679 2834.2153840378046
2445.998044231255 2850.055865305554
2629.025308615654 2816.97273561558
2823.048278835252 2805.977029780397
3054.0796576971056 2768.9686211381513
3283.440914171521 2770.6387435255647
3614.938852013565 2668.5020621579442
4501.013996485033 2113.924855528525
6333.10470947111 1167.9092870139232
7350.385662906669 1150.6283335783685
7974.2692171375365 1526.7447793474996
8511.129888706782 1989.884107778259
9044.714591070438 2456.2994054146047
9636.54240701075 2408.1721840596974
10347.105525962927 2289.436881047821
11107.22469156726 2239.8808343956634
11705.240821047668 2401.9838705195953
12287.461585463869 2417.7792355837973
12828.559000091429 2458.9025853724406
13707.907614062004 2120.651386029419
14712.740423858639 1995.167190203352
16122.370382533873 1585.5372315281136
16623.75733400915 2084.1502800528456
17071.734480693576 2552.022853315575
17538.18312809692 2533.5513525966617
18115.607733892688 2422.57539420425
18779.823297180617 2335.784436712089
19375.00836628748 2404.8149308931465
19924.107993040787 2450.900373246689
20491.899660077688 2432.2083329631087
21226.103857503596 2265.795802574108
21848.708187977 2377.3956695266124
23010.40213632854 1838.3060516484672
24252.878000642835 1595.83018733416
25284.905216668063 1563.8029713089313
25815.16269776518 2033.5454902118279
26343.527363198995 2471.635334566189
26908.687424376247 2434.8399388227617
27557.24105232124 2351.44637205502
28174.005185042126 2383.2358672791042
28785.065357910735 2388.9398271313835
29335.884249660394 2449.1811082503427
29849.210436759287 2486.6738129010837
30377.21737059375 2471.9930661655358
32228.438439760957 1148.7789308327901
32887.16952081973 1490.0478497740257
33365.78070985085 2011.436660742906
33803.69189693943 2562.0888129114246
34203.944677806794 2599.747219132635
34639.78693094559 2564.157746861193
35096.40245865721 2543.3844722883805
35539.63036198516 2556.77209667205
36010.86958115581 2528.760780829336
36474.831641352976 2536.0379398028126
37308.52541739216 2166.3062239608253
38559.21511577088 1749.3103016212913
39691.93805688754 1616.5873605046127
40417.37118261541 1891.1542347767486
41500.44595440962 1808.0794629825386
42134.28306183825 2174.2423555538826
42786.951939674844 2347.331122163395
43383.69189670297 2403.2600429718696
44033.33240338677 2350.3594933161967
44606.16326536722 2427.1691380195452
45117.21556870077 2488.9476966664442
47230.43924058352 1000.0
47677.67042644694 1552.7688141365743
48097.44310441372 2132.9961361697915
48545.846922780154 2551.596181633572
49013.94089585388 2531.9060269262955
49440.25720783534 2573.6836880185356
49880.843759176176 2559.413448659156
50348.52570328333 2532.3180558928525
50838.8107833971 2509.7149198862535
51352.38748053245 2486.423302864654
51875.16819034384 2477.2192901886037
