0.0 0.0
37.45823658570971 1000.0
724.7815971994439 2000.0
1419.0340498878422 2305.7475473115974
2157.5023279199595 2261.5317219678805
2851.9084227896615 2305.593905130323
3522.8390610365614 2329.069361753128
4203.345450816483 2319.493610220092
4862.311437662334 2341.0340131541516
5495.161651651976 2367.1497860103627
6264.6459111967815 2230.5157404552037
7298.522302114898 1966.1236090818898
8137.718805407329 2126.927105789452
8884.669135758984 2253.0496696483488
9666.069335064665 2218.59980069434
10107.621633088542 2558.447701976136
10386.08224051352 2721.5393925750213
10579.498985297354 2806.583255216159
10797.42644849109 2782.072536806273
11055.900596120886 2741.525852370193
11308.877968244284 2747.022627876591
11639.305682315102 2669.5722859291677
12772.83322886918 1866.4724534459267
13934.482792729497 1704.822889585624
15097.968377813151 1541.3373045019625
16414.725449846854 1224.5802324682518
17674.47596919204 1000.0
18723.283260119853 1000.0
19613.85570139282 1109.427558727028
20865.990507146933 1000.0
21802.16507395283 1063.825433194107
22617.067147017413 1248.9233601295182
23369.782468137066 1496.2080390098638
24113.841925148256 1752.1485819986829
24869.872560537748 1996.1179466091935
25632.89130125721 2233.0992058897564
26435.348156940927 2197.5431443162797
27139.29864374476 2296.049513196175
27987.66090382414 2151.6377399206176
28605.25628218315 2382.4046216409797
29783.707065371203 1821.5492168119536
30681.643948227458 1923.6123339557062
31399.688394090026 2205.5678880931664
32232.77938800117 2166.9090060888425
33026.1487355845 2206.6306524166584
33652.00818322346 2374.140552361036
33986.071331329484 2665.9368518939773
34305.766356557986 2680.3049747714986
34687.87659297612 2617.88976358188
35019.756839674395 2668.119753301714
35184.09404014453 2835.662799529845
35360.58774398103 2823.5062961634985
35597.9713943455 2762.616349635513
35882.91804163923 2715.0533527062753
36209.58074081493 2673.3373008243066
36558.38657186109 2651.1941689538435
37107.315861416864 2451.070710444231
37707.62435294584 2399.691508471027
38554.1840190045 2153.4403339413193
41282.58892972115 1000.0
42057.57646243217 1225.0124672889763
42601.57382602823 1681.0151036929083
43074.95325041818 2207.635679302977
43561.97833406447 2512.974916353709
44102.95326259892 2459.0250714655403
44751.60349857575 2351.349764023183
45430.41522635663 2321.1882722191285
46048.309240959556 2382.1059853970683
46640.1455751381 2408.1636658214557
47381.76425717775 2258.381317960361
48431.48446170316 1950.2797954745834
49066.45467834955 2315.3095788281944
49621.733420656274 2444.721257693296
50253.73898358262 2367.9944370736557
50767.123512771876 2486.6154708107306
51184.59996417482 2582.5235485970634
51744.35501788681 2440.2449462880213
52300.728557939365 2443.626459947451
53031.87645407759 2268.8521038617732
53745.191093614296 2286.685360463284
