0.0 0.0
21.001912864231443 1000.0
644.070528609453 2000.0
1307.8255980103042 2336.2449305991577
2010.281862358905 2633.7886662505653
2708.080692112442 2935.9898364970095
3321.7643323832663 3322.306196226167
3887.238957633098 3756.831570976324
4634.7637533218085 4009.3067752876027
5442.66644078568 4192.0973125361215
6366.215953788332 4076.4504869973343
8869.315873703008 2496.9000800853137
10031.593234453727 2334.6227193346076
10608.68077607841 2757.535177709935
11124.400978827065 3241.814974961269
11601.57260354261 3764.643350245705
12113.470822893403 4252.745130894908
12656.175440135486 4457.295382757913
13269.11463434209 4387.060805793373
13914.085378575148 4355.029255766931
14528.547944377637 4385.537434197513
15140.44873075155 4388.09921362607
16035.884473359398 4104.564257392124
17098.869186338346 3937.0152870210636
17756.96084906519 4278.923624294249
18297.874039115806 4459.086809949395
18930.41658071256 4367.457458403267
19466.809599776287 4463.606980936318
19876.65219237656 4590.157407399753
20441.045416060533 4435.6067763160445
21019.196974957966 4421.848441102547
21744.099190850124 4275.097784107817
22481.118068399963 4262.981122450141
23802.846220924577 3678.2718474753983
24718.463275753806 3762.654792646175
25445.915366055942 4035.202702344046
26060.056458060695 4385.858907995271
26579.354707579696 4480.701750481043
27123.827528442343 4455.527179137356
27675.651495385504 4448.176033056836
28133.016161624648 4542.635333760829
28614.229470506878 4518.786691117748
29091.687347919113 4522.542122587745
29543.536883268374 4548.150464650711
30836.860841455215 3706.6760418131516
31936.959082229336 3606.5778010390068
32797.93341743817 3745.603465830127
33495.05743305879 4048.4794502095
34200.86687639069 4294.190556668103
34829.14027340614 4371.72660298455
35427.697755053625 4401.442518352533
36030.783704678906 4396.9140503747385
37561.029731120456 3469.7539735584674
38547.93574335144 3482.8479613274803
39049.93730503148 3980.846399647436
39549.15833454722 4481.625370131729
40015.9636350551 4533.194699492135
40491.055110864974 4524.908524190079
41015.892497393615 4475.162613471366
41515.47008110094 4500.422416292708
42005.042018481014 4510.428062619922
42497.74234750376 4507.29967097728
43138.96132517194 4358.781022331828
44344.212330383925 3794.7489947880276
45607.40556684957 3531.555758322361
46316.176152003325 3822.7851731685623
47377.433138854474 3761.5281863173973
48080.331354583854 4058.629970588038
48777.44214842166 4302.889206162201
49436.38520603047 4341.056942391178
50041.40780677572 4394.977399254765
50655.380410145604 4386.027396630157
51197.49978875918 4457.880621386443
52446.81536416416 3750.684424595006
53800.41030406894 3397.0894846902547
54207.189963774894 3990.30982498437
54630.91426773381 4566.58552102551
55106.542429405235 4524.371838328594
55569.19954196414 4537.342887441127
56004.96299210962 4564.236549854521
56451.71074929367 4553.252242815965
56920.314129291575 4531.396620002123
57414.538361436236 4505.775767855344
57922.28028687052 4492.25807456572
58567.95160425942 4354.32868261112
59475.41978483588 4092.531819423579
60551.57372850188 3923.846056334022
61370.330202712306 4105.089582123593
62010.54172166711 4359.7884810451915
62604.251993897604 4406.289727769503
