0.0 0.0
22.352822577656575 1000.0
662.5358577178763 2000.0
1222.0167142876528 2440.519143430218
1763.2557324450663 2899.280125272849
2318.3870867060123 3344.148771011926
2876.522716304377 3786.013141413553
3529.721454646383 4132.814403071499
4148.190348330311 4381.531106316065
4721.584051494211 4426.60629683613
5309.3078148473105 4412.276236646898
5914.9878517068755 4394.3199631404395
6860.820189895511 4054.1676618113784
8164.934350757338 3695.8858391381796
9358.324014308979 3502.496175586523
10039.907645341043 3820.9125445544155
11011.18427785426 3849.635912041184
11721.395863591291 4139.424326304162
12383.001454416284 4338.394409175011
12997.623309002927 4385.378145413353
13594.467928357106 4403.15538064584
14173.147179371876 4421.3207489852675
14687.229940563562 4485.91723880833
15931.587539673965 3755.6424008895824
17253.25697561368 3433.9729649498945
17630.3889050992 4056.841035464433
18012.03959273795 4618.3493123613025
18444.078236869693 4567.961355868269
18866.878446059756 4577.1997908099565
19269.240890495937 4597.637555563815
19696.631010135116 4572.609880360836
20144.313068385072 4552.3179417500705
20614.890733690354 4529.422334694733
21105.426452350537 4509.464281339828
21741.649033382913 4363.777418967629
22598.326769291332 4143.322264091607
23623.49283132742 3974.833937963922
24414.244619624737 4184.082149666616
25036.810676948877 4377.433942675862
25592.042847229673 4444.767829719197
26164.931052258435 4427.111794971239
26696.011609233425 4468.919443025006
27226.068378899985 4469.9432303334215
27871.117743105155 4354.950635794821
28492.076732968944 4379.041010136219
29115.38252856886 4376.694204400088
29828.36803752449 4287.014491044367
30450.75269580344 4377.615341721077
31001.093563563245 4449.6591322402155
31592.06314063509 4409.0304229281555
32217.94418848542 4374.118952149695
32866.166546346794 4351.777642138635
34564.61000802733 3301.556538319476
36313.678161256896 2552.4883850899264
38001.32316295272 1864.8433833940985
38564.63092834901 2301.5356179978107
38996.41057160401 2869.7559747427786
39376.80190089574 3489.364645451004
39697.52235728009 4168.64418906663
40016.59070697747 4680.931650302591
40330.15552392181 4686.435183055619
40569.89973629132 4760.25578763048
40882.24488712262 4687.654849168682
41163.28727962112 4718.957607501549
42699.286531283244 3464.000748337875
44356.94167619214 2806.3456034289766
45660.100827856586 2503.1864517645545
46804.96950632414 2358.317773297024
47906.38922412281 2256.898055498372
48980.66599688481 2182.6212827363825
50114.714962695834 2048.572316925359
51341.46746554004 1821.819814081147
52539.160373553044 1624.1269060681411
53150.029318050525 2013.257961570665
53781.12974714655 2382.157532474629
54458.08576484041 2705.201514780775
55129.516143412686 3033.7711362085224
55768.41086437612 3394.876415245111
56396.05813440343 3767.229145217828
56975.302406674775 4187.9848729464775
57404.872664831186 4570.4297418436
57645.93246075396 4758.940204077258
57895.38096695183 4750.551493802126
58253.674312874246 4641.706654077574
58463.2092888593 4790.465024014941
58860.68973933996 4602.519549519323
60187.84383966709 3672.845899672871
61257.17447678006 3603.515262559899
61665.28840514393 4195.401334196032
62123.802636807195 4541.485768336739
