0.0 0.0
65.54712124699898 1000.0
994.4216797494212 2000.0
1971.4622115461682 2022.959468203277
2141.6561504901038 2852.76552925937
2336.345474807641 3658.076204941784
2550.727988247462 4443.693691501927
2753.453885844386 4797.274102403093
2938.9763350166786 4814.477550827733
3152.5364205839655 4786.439914432718
3368.5156192203995 4784.0208013635365
3614.607601159639 4753.908018060774
3897.390473674252 4717.217127485392
4314.793812452861 4582.59666122142
5095.072695543844 4219.721116909026
7028.500147784953 3066.572547758912
8654.856021500751 2440.21667404311
9361.147313447836 2733.925382096024
9927.138533625664 3167.9341619181487
10459.909307229065 3635.163388314726
10972.882817443644 4122.189878100147
11583.033089734314 4389.849727709367
12294.014807617443 4289.018282116835
13055.637619248664 4238.377188368808
13623.850141416364 4431.787477832355
14233.825217104464 4390.02492431189
14810.660278069565 4423.164939034923
15873.300758612344 3937.359519457225
16983.944649883786 3826.715628185763
18166.15359469326 3644.506683376295
18652.531284656994 4158.1289934125825
19101.72480424818 4550.806480408772
19611.18779432206 4490.537009926109
20247.041440994028 4364.14635332808
20924.658181326773 4322.383259667262
21467.903084419962 4456.755096906792
21986.88772954683 4481.015354873102
22540.34289194425 4446.544837602585
23287.116753190618 4253.226138753666
23869.55951536643 4417.557237824236
25101.73200932491 3767.8275060415467
26321.829458423217 3547.7300569432728
27189.604583680364 3679.9549316861453
27713.138419425115 4156.421095941414
28221.294714963085 4491.843704462011
28782.818177343954 4438.476537619133
29431.262801075674 4351.555376268307
30012.397951817435 4418.864849258231
30641.53419608714 4370.863755730312
31196.626713607806 4444.9074824793115
31691.460913394953 4505.165800212817
32239.729367151813 4451.731546243102
34245.28084183323 2994.4485253185926
34745.003350141844 3494.7260170099958
35246.20344495673 3993.525922195135
35664.75933736073 4574.970029791206
36064.643051203755 4600.116286156946
36530.59056761263 4534.052483591075
36979.88448267192 4550.706084940781
37420.634941221135 4559.249541450772
37887.438262012976 4533.196679208148
38352.27651245307 4535.16174955994
39377.26184261135 3975.0146698417525
40579.01465062742 3773.261861825739
41599.61856012723 3752.6579523259
42248.833911543115 4103.442600909993
43277.799418088085 3971.03449345505
43930.45095275264 4318.382958790513
44598.45609219461 4331.994860558028
45190.21849829585 4408.237593898744
45845.22493463251 4344.993563663396
46390.4775556727 4454.747378959819
46886.736187143724 4503.741368528978
49022.11480478811 2864.621382355624
49419.21616879016 3467.5200183536485
49841.662197728896 4045.073989414989
50293.46941838049 4548.192779348432
50756.396329765514 4537.073088614988
51172.65057861713 4583.745751148402
51619.32629965043 4553.324278966691
52086.847457636344 4532.478842014144
52569.26235559429 4517.585102042059
53082.30243004943 4486.959925544886
53610.050220841964 4472.252209207449
54538.52242020325 4071.527800638753
55440.078362414824 4098.444057788467
56563.00878179242 3877.0695806223944
57299.268673836814 4140.8096885780005
57874.989705948785 4424.278967888011
58512.48707263819 4362.502633310602
