0.0 0.0
45.93157748468127 1000.0
835.0687771912568 2000.0
1551.9985665936288 2283.0702105975984
2243.012518049509 2592.056259141743
2970.945129539433 2864.1236476518466
3772.2575258687298 3062.81125132248
4598.05397367729 3237.014803513898
5397.571357439518 3437.4974197516626
6167.595647346633 3667.4731298445536
6914.136890329554 3920.9318868617
7650.073185791655 4184.995591399618
8526.500424348345 4308.568352842901
9977.959430464021 3857.1093467271903
10706.074420303124 4128.994356888039
11431.308635105888 4403.760142085266
12144.745686868466 4690.323090322636
12852.844163352507 4982.224613838622
13570.97868840814 5264.090088783094
13934.568868106902 5636.409820301251
14224.173412993881 5710.395455113047
14555.661001656006 5668.512411337964
14822.137495528805 5733.523506127257
15022.118422335507 5800.019073193332
15406.570700904063 5615.5477214314005
15859.54129636775 5547.0294045362525
16318.806846864769 5540.73444950293
16872.591935599157 5446.214911265535
17496.666301899575 5375.925633699521
18068.85633844572 5427.809963453874
18668.7688961335 5400.087442312211
19407.83248686356 5260.936409269984
20120.299037844426 5287.533449019193
20865.63802216386 5254.661015680589
22677.618915323976 4188.019106839851
23530.178174423512 4335.459847740308
24341.918003019182 4523.720019144635
25227.362010100373 4638.276012063448
25872.239464037524 4993.398558126295
26519.313694974142 5346.324327189606
27101.14296079674 5418.170734177323
27566.208118240083 5534.934842556644
28030.300158856175 5535.907959383945
28605.04311166493 5425.257047191258
30042.660536649208 4562.382575015704
31197.339322564312 4407.703789100577
31923.255659513714 4681.787452151169
32513.93761860032 5091.10549306442
33150.34872443191 5363.588894168338
33671.37801096423 5478.970713467731
34214.92363436828 5456.454376596028
34875.056605964135 5339.8670284041955
35621.24413682414 5253.812469139956
35928.43301374278 5692.811123081342
36127.857742939545 5800.575270803216
36396.104276456914 5731.753466482546
36758.972180005156 5637.132096451702
37156.53613439321 5602.436045611904
37531.48581586759 5625.050318525573
37981.723546198045 5549.762269669487
38522.770020897166 5458.953525300882
39228.9486458906 5293.821375006626
41610.93830548339 3618.0103404072547
42683.97195586693 3544.9766900237273
43227.75205243395 4001.1965934567156
43719.63958486216 4509.309061028489
44177.96534656826 5050.983299322316
44655.784504931995 5522.180841636217
45172.953881548514 5482.8306233835
45799.80979532681 5373.144086221741
46428.541479813386 5371.268315513475
47042.57032362896 5385.971156184497
47624.055804875374 5418.514518753562
48620.83613126768 5003.219673607713
49613.30953283074 5007.526598436987
50175.867417550595 5437.442115280088
50730.75117914348 5445.1162384071295
51354.721832362746 5376.029346780751
51796.11408035186 5558.607752010832
52255.48019856987 5540.633881781957
52806.52964888009 5448.95054968975
53345.50444404518 5461.025204834869
54120.63969813561 5224.864745909521
54742.061382343934 5378.5783157916485
56122.72679885604 4619.334583487884
56962.01185903571 4780.049523308195
57633.142196067034 5108.919186276748
58165.17401264355 5467.968183423491
58655.40648083974 5509.767531803872
59241.56154228503 5413.844938554773
59726.021958110105 5515.539584174971
60199.7360596463 5526.2858984638415
60689.00340730071 5510.732652345625
61134.02859579008 5554.974811510668
61597.35752173678 5536.671074053287
63091.700986285134 4505.6565354516615
