0.0 0.0
25.573040983809243 1000.0
732.0743751469369 2000.0
1369.7195720488653 2362.354803098073
1957.6851315055333 2774.389243641433
2538.599892985938 3193.474482161022
3126.703146061196 3605.371229085735
3787.786130123663 3944.2882450232355
4425.3563584235 4306.718016723415
5029.071581097507 4396.284777326007
5656.584102667254 4372.4874784302465
6275.172435353515 4381.411667313755
7326.45603391767 3948.71640143586
8577.772297519703 3697.4001378338494
9689.999516544805 3585.172918808708
10346.681518833204 3928.4909165202944
11287.199919301394 3987.9725160520943
12003.58810602668 4271.584329326817
12637.36901343798 4366.219092588706
13257.537261314823 4379.83175212315
13850.140072809972 4407.397188504869
14424.042063964045 4426.098008845955
14928.061550593888 4495.980513370162
16514.504808742175 3413.5567418517085
17475.63676755956 3452.424783034352
17866.63506653408 4061.426484059892
18269.327234966728 4597.307831567399
18716.62510316751 4552.702131799233
19150.340218768288 4566.284884399236
19564.776694566845 4585.563524201445
19991.80878710106 4572.9679074658015
20443.968868494056 4547.839918607031
20907.23311411725 4536.735754376824
21393.1243403229 4514.108773794355
22120.806098643134 4272.318241679779
23022.42042279607 4098.385675847096
24100.974851544244 3921.4455712518466
24887.449624788576 4134.9707980075145
25501.582461385537 4385.867163403035
26099.942906691816 4401.639554693713
26687.950429720648 4411.992476971173
27230.46825423572 4457.482175484918
27797.00379338801 4433.464460847681
28497.617014489897 4299.386778898089
29156.12130537433 4341.495709115548
29855.65484328209 4300.466462092228
30616.462840821358 4239.192002460721
31258.497803476028 4357.965037345331
31873.345290261354 4385.152513214684
32491.899064346886 4381.446225914469
33156.90993171973 4334.989132627172
33805.36679364381 4351.543138075936
35620.54929692267 3184.8174967211553
37461.224668728995 2344.1421249148334
39089.64017050849 1715.726623135331
39505.75230338283 2299.6144902609863
39932.604009150964 2872.7627844928234
40295.50192777165 3509.8648658720977
40633.31968011 4172.047113533723
40964.0493682541 4669.270311855858
41272.66414102689 4691.385227227169
41512.84356985591 4759.820571170963
41826.21892752735 4686.624642328585
42254.786964806066 4571.431962721321
43923.62083369285 3331.1661311132357
45633.39930426854 2621.387660537534
46934.08377809994 2320.703186706166
48153.98353524708 2100.803429559038
49264.982117955406 1989.8048468507195
50374.102096380564 1880.6848684255713
51548.15264956124 1706.634315244903
52840.65956219316 1414.1274026129786
53844.09764519163 1410.6893196145113
54465.736932701475 1789.050032104663
55133.87659866997 2120.910366136156
55794.551067873625 2460.2358969325032
56446.340616480295 2808.446348325835
57077.413513726526 3177.3734510796253
57691.54536926781 3563.2415955383453
58255.170360388256 3999.6166044178863
58641.18935037777 4613.5976144283795
58878.96245654014 4762.226893837656
59129.292000177025 4749.670456363107
59453.57523368321 4675.716766493801
59665.786614088785 4787.788619594423
60169.41121054997 4496.37540353881
61426.90637587287 3742.504834677078
62499.60500599405 3669.806204555896
62912.628653632804 4256.782556917149
63385.70447070468 4526.924182928124
