0.0 0.0
36.56454062972387 1000.0
713.2574002643564 2000.0
1736.003821909861 1977.2535783544831
2451.696677168996 2261.5607230953538
3058.8178995842577 2654.4395006800905
3572.3806957734714 3140.876704490882
4119.671963070862 3593.585437193484
4660.340469914237 4052.916930350089
5227.103970282854 4433.236499631375
5921.9829845356335 4305.120985747224
6558.795094286773 4363.187890248864
7085.727772904375 4473.067321382409
7646.19903516511 4439.528737739245
8296.035494144478 4350.163541020606
8992.493198352979 4303.542295791489
10361.707683495697 3630.7855148572767
11116.953608888898 3875.539589464088
11759.506441107173 4232.986757245789
12372.64265192594 4386.863789181237
12950.56935139976 4422.073300526225
13539.036713438925 4411.532637960845
14070.4662181385 4468.570495300424
14606.533844183918 4463.932373954582
15215.231273030171 4391.302571153772
15754.614685211469 4460.616587818703
16373.926106234807 4380.6885789766375
17844.48379497672 3529.44231125808
19774.86874869782 2599.057357536976
20715.284561946166 2658.6415442886214
21202.87332532213 3171.0527809126274
21678.0234320654 3695.9026741693315
22169.719053374713 4204.207052860058
22592.8702458127 4576.848807562039
22926.434406487617 4666.435839325111
23275.03907213381 4651.395334353814
23704.992278722846 4570.046793410931
24114.970285320967 4590.021993401855
24502.456930079345 4612.513355241597
24996.530412675736 4505.926517403566
26415.274573768962 3581.2558389067526
27765.66642601681 3230.8639866589083
28790.51912755345 3206.011285122233
29409.734346473808 3586.7960662018554
29739.76713634871 4256.763276326958
30077.49641768673 4662.27071866199
30405.971245210694 4671.525172476056
30701.914597774867 4704.0566474358575
30987.603368586795 4714.311229188086
31291.501883541012 4696.101485045748
31675.757573592316 4615.744309948706
32378.241365982532 4297.516207609817
32967.526876701166 4410.714489281376
33556.48123132141 4411.045645379767
34367.11568963844 4189.36554168297
35060.09381179496 4307.021877843468
35747.03300437209 4313.060807422888
36490.110956082775 4256.922048289286
37927.208236588405 3562.9027194943583
38588.11717903359 3901.9937770492047
39471.16789573707 4018.9430603457427
40106.304711752826 4364.863183984244
40811.266496667515 4295.038215085301
41518.609472678225 4292.65702398929
42299.100261845124 4219.50921083309
43110.98644521095 4188.113816634164
43919.58346208335 4191.402983127599
44810.026649529376 4109.556812553964
45527.96240560485 4282.064243924532
46899.71098641346 3628.251419191405
47637.224812482455 3890.7375931224637
48417.4463140308 4110.516091574145
49197.372900327326 4220.073413703489
49881.75093474471 4315.621965582602
50593.314896696626 4288.436038048085
51263.6650290496 4329.649867647022
51914.127959641024 4349.5370694085705
52604.166867859436 4309.961091781595
53280.32334226015 4323.843525599323
54830.828124294196 3449.4952179659945
56540.69682773598 2739.626514524221
57655.52642170454 2624.796920555638
58784.383626979004 2495.9397152811644
60123.542302502625 2156.7810397575267
60856.00727701391 2424.316065246243
61276.7724667568 3003.5508755033497
61666.17325399169 3614.1500882684545
62009.51992738095 4270.803414879165
62357.87406516505 4651.645862215864
62728.2974135708 4629.5766515942105
