0.0 0.0
41.86532803767753 1000.0
790.3438171888129 2000.0
1468.5243307357516 2321.81948645303
2157.714473536057 2632.6293436527226
2876.368566608192 2913.9752505805995
3607.796314214404 3182.547502974414
4318.681854147143 3471.6619630416535
5047.66316491538 3742.6806522733727
5744.7705031148835 4045.5733140738403
6421.382022478199 4323.388480636657
7091.192724976279 4330.189297501896
7925.468460800184 4165.724264176077
9008.528231935512 3916.9402288646556
9776.969313840213 4148.499146959924
10490.815208420208 4286.154105419955
11233.476033567724 4257.339174852443
11941.022928154887 4292.453105412835
12580.741407103176 4360.281521051745
13273.23103255342 4307.510374549771
13932.593758107634 4340.637274445795
14618.123918119689 4314.4698399879335
16105.835808021206 3512.2881100984278
17226.557001951354 3391.566916168261
17921.80254215851 3696.321375961143
18569.43017641317 4048.6937417064873
19226.576089681625 4342.854086731548
19880.717170362346 4345.858919319242
20580.290982190432 4300.426188171883
21248.676792421687 4331.614189768753
21855.766667866083 4392.910124555653
22313.56919281224 4542.197475053841
22600.92863040639 4712.640562405828
22786.349351693578 4814.579278712819
23770.494994325756 4015.854357367804
24562.271373213804 4208.223621111979
25362.51251611787 4199.758857095898
26178.565807593204 4183.946708524652
26968.202841990922 4210.36296560224
27779.101799865188 4189.10104212571
28459.321156645652 4319.780643219536
28809.993310088197 4649.327846557445
29042.964879711828 4767.028430376359
29250.34685006592 4792.61802964595
29781.658437816022 4468.688412249892
30809.71539045861 3971.9430473574294
31745.48991057837 4036.1685272376885
32614.859116237796 4130.630794340561
33503.01019797736 4111.84891826041
34398.12745977455 4104.882738202776
35298.2385286784 4099.888931096139
36200.82495733421 4097.413571344208
36550.499432681325 4650.325524652893
36741.255653203756 4809.243779477578
36950.97481728063 4790.280835923088
37199.75300256383 4751.221814716792
37499.94909518186 4699.803907381973
37807.0544375984 4692.894657583438
38141.75097854585 4665.303459052553
38595.471114408465 4546.279864137386
39209.11710769605 4386.354006712396
41442.71665962579 2766.4004480702515
42656.637286588484 2552.4798211075636
43209.7933878537 2999.323719842363
43698.026102007556 3511.091005688492
44137.681546333 4071.435561363007
44592.53246487893 4545.149081454054
45090.82926881755 4501.703196061375
45694.64403334875 4396.1852354687835
46307.647108000514 4386.9969253482195
46889.46956765039 4418.177540350149
47445.95848960562 4443.511078044749
48399.59601341277 4046.362476192829
49408.586740409504 3991.0092730032893
49974.46406209537 4425.131951317429
50510.48179285158 4463.982269243793
51135.08462055838 4375.397172293215
51592.0530960915 4543.03152446692
52033.81000667681 4558.243089414711
52593.03602086328 4440.773985813543
53150.70249905654 4442.333521806724
53920.12666581097 4230.575833245544
54573.51526910474 4346.611396706213
55962.738353733424 3610.7769153713093
56848.83285242001 3724.682416684726
57552.45853221221 4021.056736892539
58126.66442692496 4425.794105287281
58648.048456432305 4478.6159704927
59244.90798086331 4403.14047556902
59767.96479348366 4476.9431873796475
