17 0.0
18 39.795615681721145
19 43.08144838334844
20 44.61288679461064
21 45.14280483202298
22 44.58685871173094
23 43.915129451621404
24 45.16160327494233
25 47.4546267392255
26 48.48942195962446
27 48.547485380838964
28 48.290600950648916
29 49.08647943553948
30 50.191759809391996
31 50.40196617884749
32 48.73511585785696
33 48.444514938213636
34 49.427934668453574
35 49.137051663397614
36 49.00555877508129
37 49.46795867126564
38 49.25364573671514
39 49.17020565547266
40 49.30320390838528
41 48.56834289521744
42 48.214100264562724
43 48.49508200621989
44 49.11683151547504
45 49.576369291386236
46 49.36934626383999
47 47.5432333704899
48 49.47990948930587
49 49.94150758934086
50 48.1756758581194
51 43.23201988629505
52 43.139849652603615
53 47.527065518385896
54 49.33334378385503
55 49.22141321817648
56 49.339981640382064
57 50.170143082654114
58 50.55289007263296
59 50.41882994146899
60 50.41451670118927
61 50.45982655163229
62 50.73745475270143
63 50.690119762447765
64 50.75236894317141
65 51.062822645317276
66 46.68675774835865
67 47.503801838033546
68 49.876759888133705
69 48.883463545784075
70 48.27084816495211
71 46.96046519359578
72 46.77905333372067
73 44.38022881246093
74 43.62888521262782
75 43.55114652248658
76 43.40931219160412
77 44.45449869104629
78 43.923831073292476
79 43.92560838974892
80 44.415289878294566
81 44.819639298281565
82 44.48117240226266
83 41.72988649405461
84 40.908773241921224
85 41.77818433893345
86 42.51442258784791
87 43.73254457771581
88 44.26773913700223
89 44.87257170094628
90 46.59911187699636
91 49.77466608589889
92 50.542948650445936
93 50.470305313985186
94 49.25372358436386
95 48.68311202391652
