11 0.0
12 53.238529678509565
13 52.99382024470676
14 51.98615661812962
15 49.19417967217811
16 48.90192067279123
17 48.60599917811708
18 46.87270266241425
19 43.71788022716086
20 44.333642479881796
21 48.02693974911652
22 46.15385472858666
23 46.58834356333328
24 45.46692887830823
25 45.43291052072026
26 44.721536982149054
27 44.88073309692519
28 46.40750239999378
29 48.10558268208003
30 46.01722322808163
31 50.125816187829415
32 50.58427008944146
33 45.31607732370873
34 41.834112729534745
35 41.4399626600439
36 43.98041309141103
37 46.73092811876179
38 47.38988860063357
39 47.483645611107626
40 47.19629366440575
41 47.146471995199576
42 47.51509663701637
43 47.14558920286736
44 47.380568135310114
45 47.63517000838441
46 47.70580012436279
47 49.758562013575066
48 49.12201178688375
49 45.98083217067389
50 46.970716236452354
51 48.54648362482271
52 50.085244725012046
53 48.11827988733515
54 47.1920827440006
55 47.485818130736035
56 47.603558197740995
57 47.34123540702096
58 44.959142529831304
59 44.827244285549284
60 45.2248790339146
61 45.910227518788865
62 45.522512030538394
63 45.659417180603775
64 45.221287907845685
65 44.05593246150057
66 44.21088027017537
67 45.27972883494209
68 44.3155794364632
69 44.47192282057764
70 44.84537777463414
71 45.156202788224235
72 45.160995124344545
73 44.794765239854144
74 46.84223590521785
75 46.89814839881805
76 46.01593104328659
77 43.91536639784011
78 42.62133306594431
79 40.035236849700034
80 42.94939078699127
81 44.6719715749362
82 45.00121237268299
83 44.91754126110164
84 44.96419684535277
85 45.41055347695851
86 45.62148596285263
87 46.40191764237452
88 45.43759681599993
89 45.89771541580207
90 47.913379459346565
91 47.16019619946561
92 44.576754090561494
93 42.91574261302003
94 42.29439542702749
95 44.825834275645484
