1 0.0
2 32.96747102283831
3 28.664330889843523
4 29.23411755839022
5 31.773490723351888
6 35.36757831943679
7 35.70567136253668
8 37.67386368159567
9 41.48904346983096
10 38.88575415103341
11 38.42093352318895
12 47.07794770089678
13 42.89584909495897
14 39.309970306406875
15 48.068604148679974
16 47.64769502320542
17 44.27240706840269
18 42.65060766178999
19 41.1287028454213
20 39.28838534764287
21 38.45726650566381
22 41.173789478143156
23 43.15120653881194
24 43.28630677576553
25 44.68848323352737
26 41.61282192478327
27 43.160763195443295
28 43.77031956831735
29 41.85666465237473
30 45.10441884091978
31 48.02904374862356
32 50.17069005275494
33 50.778082572932256
34 50.845489021922425
35 50.78138340184094
36 49.33285013743002
37 49.15250365336692
38 46.452954542595705
39 41.382742502503945
40 37.385867075471786
41 36.27638823270475
42 45.711641917571654
43 45.02845129063952
44 45.43142161352992
45 48.43531624036523
46 46.65454195613112
47 46.28044766156812
48 47.11124806566217
49 44.86411051192561
50 45.1832190226485
51 45.08204918599609
52 46.473348359713256
53 49.67530478923352
54 49.93199680950795
55 42.852155136006154
56 43.149825067618
57 42.853698305911564
58 41.4938319494817
59 46.01164912989852
60 48.86657481147635
61 47.27827747682008
62 46.40430813482752
63 43.672908112404656
64 43.22192506891478
65 38.98660757958567
66 39.9446698976433
67 41.87260462741135
68 42.36158312081007
69 45.92361707406607
70 42.55827388911069
71 36.800238851566256
72 44.11932202752674
73 48.53088926880887
74 46.488792793616156
75 48.66908433882602
76 47.91468717754385
77 47.799322379336026
78 48.7052114547121
79 47.86420311910788
80 45.87305180327862
81 45.38841260573115
82 45.77515464247547
83 43.46168802696375
84 42.45204875849976
85 43.36220191917442
86 45.5265023028374
87 45.58600601002069
88 47.222447452985826
89 47.378085088292764
90 48.30662979638715
91 49.91314322517721
92 50.09469295150688
93 49.82529544493926
94 49.42093266617907
95 48.80744542504047
