7 2.554713194682803
8 37.99574469507421
9 35.905002063391315
10 36.308478228415936
11 37.64210429322058
12 44.55657755356324
13 42.933930920671685
14 38.905412910380605
15 38.92744010995213
16 40.175951264077334
17 40.41887776948033
18 41.18661876012845
19 44.15748673953951
20 47.09460171702974
21 45.662883058719366
22 45.59394793467599
23 45.24423194195374
24 45.745766945863934
25 46.033160481351445
26 47.602091802690765
27 47.42252945044144
28 46.72460326545673
29 46.04286701568728
30 45.425890241489014
31 45.0845702964821
32 45.23865620491014
33 45.00625219535118
34 43.24338888725944
35 45.88050370958947
36 49.87626213669422
37 51.38912186477186
38 51.57716716325161
39 48.197576817130404
40 46.62415164090684
41 48.63296177468984
42 50.26937070808171
43 48.87625512474225
44 46.78602075715404
45 45.34056212404147
46 44.801298156400065
47 43.99318758891597
48 43.31469104866332
49 43.737468608958295
50 44.22877609650982
51 44.24382860219765
52 44.319681153617616
53 46.48447241592144
54 49.41059109143713
55 51.182167131150635
56 51.68725673904305
57 50.04595790067373
58 49.78956374564312
59 51.12405835089421
60 50.76438122081955
61 49.5487772700796
62 48.63060050286043
63 49.478974826782135
64 51.91946187478388
65 52.69228833503723
66 53.39114637512806
67 50.395373820833356
68 41.630503811239066
69 43.18012255206242
70 45.249744269086584
71 46.40029700552323
72 46.63052615996855
73 46.68163926846672
74 49.54546345447864
75 50.93979512091525
76 51.33976594433223
77 51.82539423462741
78 51.41779292507841
79 49.56219628779445
80 47.05818774368123
81 44.54365324604537
82 41.95270026908678
83 41.051102161569744
84 41.59223038800916
85 42.59323665721567
86 43.7642588559007
87 44.07473963201415
88 44.18102443226956
89 46.18955397184511
90 48.76725306369018
91 49.92390891147372
92 49.99367612612043
93 49.18396076385364
94 47.931769301576225
95 43.07581425283579
