7 0.19660223725149442
8 42.731432382959156
9 40.06845255376991
10 38.74119138181062
11 38.4790415501047
12 38.75068125743494
13 39.03261885799017
14 39.47796007272017
15 39.56369586653085
16 39.85774531624254
17 39.19836230747641
18 38.535874276863005
19 38.262356899862944
20 39.234284794932805
21 39.540652303017374
22 38.9725339425009
23 39.57866007079304
24 39.43060139941995
25 37.78968884163021
26 37.84518924437038
27 42.102303628254795
28 44.22942269329295
29 42.85623215768113
30 41.7748160980073
31 42.69359221487435
32 44.71909125834363
33 47.41689566112452
34 45.82354660383378
35 41.95511331723823
36 44.339463838645145
37 48.89753476299837
38 47.9375604327713
39 44.823338641537475
40 46.38659671271522
41 46.52848192530925
42 46.66781201874051
43 44.8055982767382
44 40.51054802008957
45 42.55547896805904
46 39.99592449761047
47 41.10069946846485
48 41.606816764383034
49 40.53950858636561
50 40.52793327342997
51 41.4461462176043
52 41.11853027967557
53 41.74801197060273
54 41.23510192039969
55 41.5415350656293
56 42.86832968702498
57 45.20246225982219
58 44.5061697122485
59 42.48620124595499
60 42.17139290120112
61 44.46109139875254
62 46.65098883085022
63 47.287171458238745
64 47.811781126732875
65 48.10110015199633
66 47.75986046067789
67 48.68600375453379
68 48.78220713294029
69 49.489262662397806
70 49.705670637277144
71 49.555043856248
72 48.64003372365093
73 47.50407933949983
74 48.30691522230729
75 49.48002936676464
76 49.29158344658867
77 49.23719616369733
78 49.45285846070111
79 48.28818429058456
80 43.83215632662683
81 43.48511515983472
82 43.79325259809394
83 43.7197061007516
84 46.1041701827018
85 46.97027717973728
86 47.09206030329123
87 47.644496893534914
88 47.65789490520589
89 48.183839919477855
90 50.559949810430865
91 52.269605307955544
92 49.67133200803862
93 46.56320889640704
94 41.58524178551841
95 37.6174513670087
