17 0.0
18 43.91485514378138
19 41.910602490424345
20 40.617905212388386
21 40.85219578296912
22 37.7986614670547
23 37.93282040729525
24 40.65385818088929
25 42.99204942935021
26 41.3564379233557
27 41.616794463851086
28 45.708674940484045
29 48.85594466245519
30 50.98439692569017
31 50.31724182016766
32 51.406814426757535
33 52.5764666318791
34 50.85693758664078
35 47.30479068354575
36 46.463377457118156
37 48.06242280751819
38 49.26310496867787
39 49.46140230321978
40 48.7615482927381
41 47.884613121859694
42 47.24316166574359
43 47.30332470593647
44 47.72890046505598
45 47.81402448744592
46 48.400645051658884
47 49.10887499206413
48 48.441563345035675
49 48.96106198364272
50 48.10308280919299
51 45.86432690697739
52 44.850103035953126
53 45.35591176874125
54 48.774722584268964
55 48.56428515282564
56 47.17720008645376
57 47.27359618370307
58 47.3556710489499
59 48.99179254792697
60 48.488789979802185
61 47.636654746362794
62 47.41870415584415
63 47.46986392606271
64 47.73973793586316
65 48.2594317848851
66 49.10748231038414
67 48.517530150832826
68 47.29329432509254
69 47.228310816481645
70 45.98571717093256
71 44.53960481291453
72 48.221766422834456
73 48.54235069911928
74 49.06165193283515
75 49.14851632840357
76 48.34544221881117
77 48.76171757832572
78 50.16404348046255
79 49.389388056938174
80 48.71595946023615
81 46.33132251900142
82 45.82795463431791
83 46.352489880382365
84 46.837182892293924
85 48.156884254124684
86 47.54418203635711
87 46.30175141361955
88 44.837438189446175
89 43.94543610111012
90 43.475078975366415
91 44.08706169255855
92 44.92227454195166
93 45.17700222832831
94 45.72426612139105
95 46.6297746415308
