17 0.0
18 42.76320040920509
19 42.92085465709563
20 41.80328427160567
21 39.23269634614812
22 38.40241673123974
23 38.8290128329504
24 39.14812528821597
25 39.02997615063231
26 40.128998111311056
27 40.95979415535782
28 41.67209529735458
29 40.08669568954503
30 41.20758743281239
31 43.302122580491016
32 42.5022334090581
33 39.71495536933326
34 33.28134011858437
35 30.12932474761744
36 32.181266842458975
37 38.24947421128166
38 44.16235164463843
39 43.52870890824288
40 44.615856523974934
41 46.05768671018856
42 42.2982995177397
43 38.00430772730459
44 38.33371255115256
45 38.74227224864491
46 39.90500267116048
47 42.04108379713686
48 42.90278069816112
49 41.352912939250565
50 39.62344508732798
51 39.50642914642291
52 41.84503217367143
53 43.468052375396404
54 42.96797462948013
55 43.33198413800012
56 44.35264635669083
57 44.04759718148392
58 44.54035605256707
59 45.73829190906548
60 45.982215537351124
61 46.35162868416771
62 40.98488021559913
63 35.11397210581701
64 33.677047464612706
65 37.03237119851668
66 42.86913431836134
67 42.934285777469505
68 38.83349056832802
69 30.90590048428713
70 30.156759316821685
71 36.8618091615654
72 44.10226877094049
73 36.96247746646555
74 37.780351298958365
75 39.0880233391725
76 41.122991050990294
77 40.72602803810691
78 37.982465431068626
79 45.729616414666786
80 46.28297936502022
81 46.247612169274326
82 46.43713769463487
83 46.04066099443218
84 45.93951554265248
85 46.532837823851224
86 46.87851897057681
87 46.32853634228624
88 45.09030137933187
89 43.29567035055993
90 43.96131709786041
91 47.727183982529276
92 47.73524915576273
93 47.870236813834616
94 47.491562837629424
95 46.74183581915618
