17 0.0
18 44.27986244969967
19 46.793364412971535
20 48.45135456400476
21 47.91490841499076
22 48.34496184552029
23 48.19619439458678
24 48.976742211681895
25 48.95283734725428
26 45.116571502883545
27 49.654631470362354
28 50.23445428095844
29 50.041629830149134
30 50.311009666428944
31 50.45220310695279
32 50.509726537844855
33 50.506146601371285
34 50.220466772709464
35 46.90096573066764
36 45.20836483109367
37 42.378203337198414
38 42.51380309453215
39 50.17308577886413
40 51.43114401824973
41 50.922544763819204
42 49.86274469992025
43 50.27168656847307
44 50.76933691160578
45 50.35729599537239
46 50.74251793852257
47 51.26602655507946
48 50.76067500239526
49 50.15386179478017
50 49.93352128358274
51 50.07965095140276
52 48.803456221297914
53 47.29504917588621
54 47.894853054960535
55 50.04021091055672
56 50.475068110395334
57 51.60417819241056
58 52.85652584670995
59 52.24633331589139
60 52.375427896556474
61 53.20898241387024
62 46.61135803944297
63 48.14214858452347
64 51.181726849202306
65 48.018987030401235
66 46.024563642203866
67 45.267689152197924
68 41.53700109129639
69 41.938886016912164
70 43.63968207533321
71 43.518864820566705
72 43.66540397269299
73 44.428440168688205
74 44.45000394712454
75 42.327199397697896
76 41.26284050883689
77 42.64714550428366
78 48.798609674857914
79 49.25648261192129
80 46.366112834560965
81 46.80838838752021
82 48.579322438470015
83 49.93933772793567
84 49.489190917216156
85 49.17048200462656
86 49.48987321035946
87 49.44362959304719
88 49.3224632129639
89 49.84656021573004
90 50.434774853969714
91 50.0399805376592
92 49.41838620483667
93 49.254970929025596
94 44.31653741778778
95 39.16500391723371
