7 0.0
8 51.45016884386162
9 51.3935604931624
10 48.79701970971518
11 44.49629609654891
12 42.363988453118594
13 43.538624111963756
14 44.76116416878167
15 44.18566499091849
16 46.53339524754249
17 46.84616496230159
18 45.55798989523821
19 45.94539330238133
20 45.670057338322515
21 46.09145730131476
22 44.75842179150414
23 42.52414602510461
24 41.79686216136582
25 42.20706540507551
26 43.10523136895218
27 44.547642923897385
28 46.481222321032845
29 46.90731632239179
30 46.946797435562665
31 46.93771857705965
32 47.0095603293362
33 47.13679384079119
34 47.17190120545072
35 46.843001400327665
36 46.481040952553
37 46.77068268688779
38 47.422515982764764
39 50.07905409205266
40 49.18920724944843
41 48.0754762512563
42 46.74328561288247
43 45.167764564482816
44 44.92807379823477
45 45.500070459582304
46 45.909477518259116
47 46.263763163576286
48 46.76450857941852
49 46.76347183988306
50 47.44264443128628
51 47.20563733073664
52 47.26645020554935
53 48.367626668042206
54 48.95502189398527
55 48.24130066042418
56 46.50188416160101
57 45.91148466892345
58 45.793855937088814
59 46.013168310070604
60 44.66217404512444
61 44.54323210729112
62 45.468963688502065
63 46.72373113310557
64 46.1825830993215
65 45.84653316137083
66 45.604237717994096
67 45.72570719556543
68 45.56635986343612
69 45.610661195463464
70 46.66098737646578
71 46.84327663444239
72 46.52926654040879
73 46.44814427779005
74 49.41688238183275
75 49.41716496220179
76 48.74976772507316
77 48.69592178348053
78 50.63626131700587
79 47.31262075204846
80 46.171128416287175
81 45.988486543467154
82 45.388338704475466
83 43.779556508541276
84 43.990291228270415
85 44.19052129606776
86 43.38287423192458
87 43.46264768546844
88 44.005556392373904
89 44.24302366834598
90 45.38977793552297
91 46.75338479912457
92 46.87467098712367
93 46.67010905205949
94 46.951569077410724
95 47.282413812270846
