15 0.0
16 37.97178139828351
17 41.81241504827442
18 41.76220929326051
19 42.46122014820062
20 43.175177806153926
21 42.18042776223557
22 42.18696193505879
23 42.022185053632846
24 41.08964523312231
25 42.69617872455378
26 40.87739818280646
27 40.66813424951461
28 43.98694959325016
29 45.59539909683768
30 46.32010086258425
31 48.78836821657329
32 47.943228290580684
33 46.22282942890579
34 47.71838366893757
35 49.51485133960551
36 50.14362089610151
37 49.551102965839455
38 48.70000945422722
39 43.80199735664366
40 41.173242015446355
41 39.229286433062384
42 35.1256846969351
43 40.62249021423801
44 40.661378502901755
45 39.851649573572544
46 44.67669475170614
47 48.017281499061326
48 46.44958314260156
49 47.52792569405248
50 42.70673685724483
51 42.53805142794024
52 44.5081135817393
53 41.763566400480265
54 39.41650421089367
55 38.66570192995846
56 39.11862815766248
57 42.910384266689775
58 40.29176883373755
59 44.63807754233792
60 45.5193763674045
61 43.2694527347219
62 48.65144068815168
63 51.78280036530552
64 51.04778705757332
65 51.89995017730297
66 51.97564436670054
67 44.23610086517792
68 37.57709929598227
69 37.31139855966749
70 41.62177346980324
71 42.48157465450833
72 41.699926248835666
73 46.310378511554966
74 43.11326543851205
75 43.851375826597796
76 44.85277732156305
77 46.76003671531642
78 51.9740255061483
79 49.32912642333288
80 46.09522134574864
81 47.44599542130302
82 49.46288202947198
83 50.377627985454176
84 49.90598779683897
85 49.93542864878651
86 46.210734430666136
87 48.30111878099332
88 47.950894969041954
89 44.34305174856497
90 46.910125630401545
91 48.69040605892931
92 49.09741937180739
93 49.17368167385451
94 49.36737013381853
95 49.5306705329673
