7 1.143310377519107
8 43.92077026901028
9 44.356050791074466
10 44.1624817906957
11 41.547969756196835
12 36.55688925484002
13 35.24075045115702
14 35.600105548596176
15 36.74731387566918
16 40.644831536194864
17 41.138334229571875
18 40.54809602313326
19 41.28033843810318
20 42.7326747607783
21 41.413777785192536
22 37.15807465975984
23 42.32774364186646
24 42.93441314740254
25 41.1767363637924
26 37.09687144669041
27 36.14638553284053
28 41.578174212001244
29 41.83233235853144
30 36.793523697465915
31 47.4519450375603
32 48.910381696292966
33 48.357783116372474
34 46.834112660178384
35 45.02141070645458
36 46.1800693178014
37 47.47357323819473
38 46.54588686034064
39 45.27460254510687
40 42.69965025874027
41 43.39256599536222
42 41.90688525720292
43 41.668437564359365
44 39.52969230007922
45 37.75943020219112
46 37.77565822895864
47 38.827194230365066
48 42.35654053751266
49 43.992813878048345
50 43.98700593273156
51 41.69373591564994
52 38.782859015929574
53 39.90888989540384
54 42.65947685845598
55 42.0945491120465
56 44.90800000701003
57 47.82949520224782
58 49.46266947439114
59 52.006355384899365
60 51.931066663685264
61 50.95979172919958
62 50.63920295393908
63 51.95337775421526
64 51.65892607453162
65 51.20633080160792
66 49.492800195334944
67 45.273183299532576
68 45.115473988276015
69 44.2440626252405
70 40.779023785177344
71 37.33848042018746
72 38.19161526336741
73 42.2403742119114
74 42.25331322348059
75 41.547189665938035
76 44.55684208063615
77 46.330366130299375
78 47.71456547151433
79 47.71006997400605
80 46.88591512137207
81 46.145866904220014
82 48.329594439693686
83 50.15970881857865
84 50.47043967437496
85 49.35930700583549
86 46.69905306425394
87 46.419260243873815
88 46.6573910904676
89 42.012981770218076
90 41.88654883825915
91 43.808879651050646
92 44.411443222985866
93 44.12204242858769
94 43.73351937131978
95 43.47634652240396
