15 0.0
16 37.82556143270821
17 37.686877176817354
18 36.780811903418446
19 35.516010589265164
20 38.997165460144004
21 39.72645262941449
22 40.37088863934011
23 41.68602805100391
24 40.417415606495624
25 40.41744033506987
26 42.424774909689916
27 44.25468282705446
28 47.13844631005699
29 47.59852311762473
30 47.76862425243828
31 50.150789703267435
32 52.05806890343881
33 50.89045205687137
34 49.01137545049446
35 48.85916626497572
36 50.08893257710909
37 48.53227207444281
38 44.62388859471104
39 47.42939724060343
40 51.85659248418779
41 52.14683434472316
42 50.924841523367604
43 48.35121666257335
44 47.22756067776812
45 48.26505776171917
46 49.133165637482236
47 49.23520091184316
48 47.446833751736015
49 45.734459777830125
50 42.846806609358865
51 44.123035715103136
52 46.079980596998155
53 46.65557233950851
54 46.32922976897992
55 46.05009754953016
56 46.20441111762765
57 48.56903239960748
58 45.91048584595387
59 42.89460211415043
60 43.6591621828799
61 46.086478931471675
62 45.71773532963691
63 47.5962843077779
64 43.8449113821432
65 44.85443136161183
66 49.20049087204034
67 49.168915414832355
68 49.07787865508035
69 49.120587236804866
70 49.28254255397704
71 46.86039273495462
72 47.95507832911966
73 49.40369155214705
74 46.50760323100852
75 43.37275806740063
76 40.109779296249584
77 41.59524955978919
78 41.988641020532654
79 45.79870193963633
80 47.09822017242714
81 47.60368957100498
82 48.07008802413507
83 46.26258591364097
84 46.20064446326722
85 47.52151661486743
86 47.44128782255839
87 46.619644289858044
88 45.18863419100514
89 46.219372193643146
90 49.77766811500259
91 50.023592912528514
92 46.86875981974087
93 43.936060731360314
94 43.81969173311574
95 45.46222305366331
