2 0.0
3 42.49160015884909
4 42.808317566819696
5 46.35027693121956
6 46.76383006023463
7 46.665341170719856
8 43.279278758216485
9 41.26801683823198
10 40.6725508125478
11 41.89261364585568
12 40.63879668783665
13 39.289836663517455
14 42.46616466394161
15 42.410664400294856
16 42.510801161075534
17 40.45694166662925
18 39.15045253988751
19 41.26530082664839
20 40.939966382270896
21 40.14847667895321
22 41.40715061609925
23 40.49503303685125
24 39.07073518813431
25 38.48739676973247
26 41.38032323861096
27 43.74919009198996
28 43.96340668839586
29 43.17648533410924
30 47.02012474799283
31 47.831441476658505
32 45.329053243683056
33 44.677507896328336
34 47.24239263920902
35 50.173483261718815
36 50.26306821549129
37 48.95497095391578
38 44.651838733216074
39 47.27033666500216
40 47.47012258545041
41 47.74750015134626
42 46.83025875811235
43 42.19169499162478
44 37.98392566619356
45 38.03137782978537
46 43.94613235298291
47 49.51599344497747
48 47.821046338824885
49 46.98323830369051
50 45.285494381514795
51 43.396616442625465
52 42.7019582202306
53 43.398187274939225
54 43.80683675683864
55 43.42670823306321
56 45.66526946076783
57 48.348653811601324
58 48.585219806399074
59 46.490569089662294
60 45.160208343298144
61 46.89011715108055
62 46.10174039121483
63 41.43132707187867
64 40.836482459374174
65 46.19933555246394
66 44.623694184722915
67 44.26568403010288
68 38.96386577268227
69 41.832196610161276
70 44.07185652284072
71 46.38006076993673
72 46.13500040555088
73 46.74884373901386
74 46.56041047837841
75 47.853515171077234
76 49.66638923624337
77 47.23272686668406
78 45.260241406371044
79 42.92342520504218
80 43.70667369093192
81 43.46099909654736
82 39.95079170947527
83 38.04388126662413
84 43.877507615948744
85 41.09358928314103
86 39.88234999612224
87 42.01076657534583
88 43.05517361801626
89 43.616887471727225
90 46.988522606678806
91 46.40440995754233
92 44.90436186507515
93 44.457907195425925
94 46.206069991151125
95 42.045844550675994
