7 0.0
8 43.31848035147911
9 45.6923956905003
10 46.19018708646685
11 45.728336590103034
12 46.28232182987323
13 45.853517970621745
14 41.507123018793486
15 39.101560128761804
16 40.254924218283
17 41.35688292754133
18 43.408705326687894
19 42.34939497950836
20 40.968332477667595
21 40.227565070482335
22 40.187800142793314
23 44.80007323954971
24 42.15702576183435
25 42.90387868429047
26 42.78280358140841
27 41.09536248618264
28 41.27108155342626
29 42.75187454478263
30 42.19651239967266
31 46.293809664920225
32 48.92815436150668
33 48.22934739563642
34 48.86595561620146
35 47.52413041317931
36 50.891196002622294
37 51.16795222576437
38 48.781260867413984
39 41.97369923942113
40 40.20825577487851
41 39.5335906766961
42 41.01295676694189
43 47.48575380608102
44 47.49476473480262
45 46.37722424599686
46 42.967028420987184
47 41.09121993303559
48 41.48839581435321
49 43.67891997707488
50 44.632427810369755
51 44.44354750768185
52 43.989058034515885
53 44.18195594286482
54 46.86283679547985
55 47.41424690752078
56 44.704622898416105
57 42.52805112483149
58 45.38729822448453
59 46.08798461331332
60 47.22759530547733
61 47.575835651405434
62 47.16543619014705
63 49.29395175228836
64 51.91083477875644
65 54.202897193138355
66 54.988439746353514
67 55.53431831817152
68 55.409182520436104
69 55.466111954976796
70 55.427218873330716
71 54.904980128677146
72 53.915888590130606
73 52.24542419486114
74 51.86212502697455
75 51.878502949784036
76 51.41084355437071
77 50.841792337858585
78 51.2290429704946
79 47.29272181668803
80 43.77382237720145
81 43.073987100895245
82 42.560478230098326
83 42.80434201410796
84 44.93673407686897
85 47.582381712148965
86 47.88181878087801
87 47.74456509562118
88 47.74128808182018
89 48.66175284639924
90 49.784929016610405
91 51.85391662550719
92 51.62298610286287
93 51.66135977634422
94 51.08555479045982
95 49.61968939166753
