12 0.0
13 45.54027575748266
14 42.9029219623561
15 41.4658863801678
16 40.35470838344125
17 39.18404628701688
18 39.370794490213335
19 39.168638389298
20 39.67846423314174
21 40.47867174854282
22 41.04545429721153
23 41.33201995349996
24 40.95922710311378
25 39.298931569198174
26 38.47242106749782
27 38.781846738661564
28 39.22546464152271
29 39.63949381791533
30 41.5038428276575
31 44.89619426231806
32 47.43483311197766
33 48.26405889792937
34 47.50332589648031
35 47.79434645205298
36 50.043769518578124
37 49.99173969371616
38 48.29017105631812
39 47.113110326538816
40 43.50902936769041
41 42.75333498763553
42 41.577125112202054
43 40.89192446957957
44 42.66008527299641
45 41.51723114207688
46 39.04079172690178
47 37.944304327389176
48 38.367065079950365
49 41.74667281153282
50 42.24591611433135
51 42.385963417491375
52 42.878674972474855
53 42.75466053968397
54 42.39892955683976
55 42.62118815770555
56 42.52739705217453
57 42.38997006016819
58 42.11733773795259
59 37.73299429222
60 36.11693801322915
61 36.04529028615025
62 36.37136227388642
63 40.477915472840394
64 42.480146617339976
65 44.10990467816591
66 45.46055236313009
67 46.09713441370888
68 46.940892441019116
69 48.98437793192061
70 50.97014221054571
71 50.974782091473266
72 49.6432330807403
73 48.84551365248531
74 48.36169708503659
75 47.28901320055563
76 49.346585357069465
77 50.36631949322775
78 45.690114437693545
79 42.64775781301189
80 41.90072074579628
81 42.5595987526211
82 44.704662815430936
83 45.808406360881136
84 43.99833294282419
85 44.15480316071336
86 46.101563284161834
87 46.891224992428356
88 47.24948837358673
89 48.110922912079424
90 48.79085542622965
91 49.48641163656781
92 49.75245711990173
93 50.15899912970981
94 50.05056681852731
95 49.74525446332995
