1 0.0
2 41.490467054041076
3 39.77921143818232
4 42.678804365647345
5 41.78924737722297
6 39.713798931593715
7 41.142629995583995
8 40.98510839627844
9 36.0637699541926
10 33.357981535678455
11 39.684957554183555
12 41.95346409041048
13 38.21567091407984
14 34.651347750725094
15 38.25681723448445
16 42.03814014572818
17 39.75522812190225
18 38.03022895430571
19 38.0904955608451
20 37.9930569166629
21 37.48078247643935
22 37.86820808316672
23 39.13915671900426
24 40.01507841870044
25 39.73360814256242
26 38.47277315777479
27 38.02767617539201
28 39.83086193961446
29 34.98974672365241
30 38.80342142652874
31 46.49161385530344
32 49.27812368806157
33 49.275030436802254
34 49.038524458898614
35 48.753130283692485
36 48.89856640387295
37 49.23844801354575
38 48.045513260923954
39 44.33175332003298
40 42.04388162208069
41 43.9582545419126
42 44.89972460389825
43 45.19628683389998
44 45.137702002041834
45 42.003436052283426
46 37.95593682862043
47 34.15283206642958
48 36.75652233461699
49 46.08237799362696
50 42.32660202900063
51 42.43042621536347
52 45.653224131865926
53 48.85625346201531
54 48.2939500196671
55 47.80637026632089
56 47.539959014549225
57 49.33420353125016
58 50.167497186896654
59 49.44161240795759
60 48.87404854500415
61 47.49280119976401
62 45.676618629540535
63 44.04928152949546
64 41.05461469312171
65 36.11076965381293
66 39.07625446047048
67 44.352364797809166
68 44.57084687596618
69 44.0085459266545
70 42.66661206676816
71 42.55827373768535
72 43.79442224538014
73 42.60685685748337
74 42.5528030830942
75 43.09331036534778
76 42.868031864540725
77 47.3360804999471
78 46.56910667608699
79 42.38609210860356
80 39.570237687093716
81 38.96008047156693
82 38.34291745111669
83 39.1421568295685
84 38.01057753735601
85 38.35250105314626
86 39.24241138121226
87 39.3801740894911
88 39.74579635545302
89 41.222033204405015
90 42.917747259754364
91 44.355540575215265
92 45.67936824313693
93 45.77642605190721
94 47.540545383099634
95 47.30966026982255
