7 3.1214241063004
8 43.95733496001616
9 44.374687328383295
10 44.45554384775444
11 47.661666730743256
12 46.49361747667741
13 45.20562440912263
14 45.97373830424823
15 46.51230167963707
16 46.530767074714156
17 45.755367721758205
18 41.87669862631541
19 42.574514494546264
20 44.38704691751722
21 44.02555938230168
22 44.11415290995522
23 43.94004141330716
24 43.82182082033289
25 45.54983142149704
26 45.76108274173965
27 45.89366438672511
28 47.29670544700224
29 48.670941059290236
30 49.98048975911801
31 51.42648072257189
32 50.12690185445818
33 49.74867091299269
34 50.97341045185755
35 51.0901920696967
36 51.45399232172424
37 51.85292300281668
38 51.889048526475364
39 52.156848116882855
40 52.04599846221803
41 50.461246908822545
42 49.58768572396313
43 49.44124522232539
44 49.44281856100422
45 49.188220444342726
46 49.921096246172695
47 49.322027275235726
48 49.589527019012
49 49.102297370338654
50 47.75679614100135
51 43.663831529479346
52 42.88847047128472
53 45.559497520352096
54 47.363968441462056
55 48.09159716549546
56 48.79051219908829
57 50.033233633570525
58 51.527657490313395
59 50.056261799375875
60 49.44549300411521
61 49.34313155330717
62 49.269832053911635
63 50.09043264965392
64 49.578822119573324
65 48.605224649833936
66 41.963835919910444
67 43.00097185544485
68 47.49550824615831
69 47.016544159935954
70 45.9044766550337
71 38.17502920740205
72 38.39343552346095
73 45.11437679728617
74 46.038969031180734
75 46.63552795772254
76 46.712369126424065
77 45.8988998704164
78 44.632054201221735
79 43.45605918111654
80 44.58146649465181
81 45.15618757229482
82 45.80757456344034
83 44.76916321045791
84 44.95634485901469
85 46.20274730832845
86 46.021238214857576
87 46.00327115689347
88 46.63576302123805
89 46.54537155599488
90 46.83343599388865
91 49.46510740177535
92 49.393741886112764
93 48.8683347676106
94 47.96126916510915
95 47.59274052629677
