15 0.0
16 36.942219416616666
17 42.738743714292404
18 44.055652652169
19 48.09535252647413
20 42.90899385731135
21 41.76336264265059
22 42.16923417105538
23 44.30350004422693
24 43.542630215335606
25 40.035910046327245
26 42.933870507562
27 49.06179077212755
28 49.04249861681903
29 45.23600268249116
30 48.650175012392076
31 50.60955003965994
32 46.89898611817136
33 50.13729450043611
34 50.245167538724736
35 48.09395958097558
36 42.576647311859425
37 41.61695047295681
38 43.97415951899097
39 46.45549890943905
40 48.17740316699145
41 50.46556060641493
42 49.79697106431712
43 50.910104550024684
44 43.14554938930963
45 42.896637870877676
46 43.362760958384186
47 43.58675337995031
48 43.83237100402881
49 44.74107742158905
50 44.871690353071465
51 47.93555676664851
52 49.201344155221506
53 47.606429221557775
54 47.59215368812339
55 48.353768310622904
56 42.66845329172139
57 40.64104291936197
58 42.953632119885995
59 43.55904363551209
60 45.01833306440025
61 44.180695997401855
62 47.86211030773198
63 48.87897151559754
64 49.7385316322747
65 48.398636644818225
66 44.20980146904896
67 39.394757294183925
68 38.56974153853951
69 39.776209414753474
70 40.12006787123226
71 40.143800419753546
72 42.4071967213065
73 43.28478646063303
74 49.00542521428419
75 51.127003986941986
76 51.29390476384525
77 54.76278715447814
78 53.476595192904725
79 53.211001225891216
80 50.43798683385395
81 47.919792313616675
82 46.85310289017277
83 49.489442212385775
84 48.26019438919205
85 44.541656763980335
86 45.065353345480545
87 45.513119634011616
88 46.67585018596436
89 49.442666593159686
90 50.51650084192861
91 50.37797239159974
92 49.38943320351029
93 48.98095270664491
94 50.55987342410504
95 51.67580682866823
