7 0.0
8 36.888667778808625
9 37.26823921013461
10 37.16987352806314
11 38.53135969015247
12 37.85406285164188
13 37.96728639832646
14 39.00823849046689
15 38.23288253398986
16 37.95999242316808
17 37.56088302486034
18 39.63479764373774
19 41.225861864950794
20 39.99789386469161
21 41.91730499838347
22 41.78757902506491
23 40.6495758395885
24 39.497580377418615
25 39.64815138052351
26 40.822638586015664
27 40.81674642117406
28 41.47668544711524
29 41.41086413890058
30 41.65260227887435
31 41.0308060206793
32 40.678230823436174
33 41.94633650287694
34 42.91601244425468
35 41.770966083621
36 38.31126078213426
37 38.01392680838963
38 38.68510840910744
39 39.82884682529367
40 41.636014807891705
41 43.43660440462054
42 43.410623554497896
43 43.23403432570216
44 42.763626357782535
45 42.81871510988572
46 43.701993434909255
47 43.951908397305886
48 44.46510788423584
49 46.14748775193182
50 45.744233141885225
51 45.25577105380762
52 44.74994130896597
53 45.25593845498891
54 43.76339844919137
55 39.860521202398466
56 37.69600589272775
57 37.38531668851433
58 40.40102189371811
59 41.758516509871264
60 42.63658801324638
61 40.6999921636929
62 39.207909378637666
63 39.22375771189669
64 46.39089446534372
65 48.4482028808602
66 49.80529485538011
67 50.499331803640935
68 50.33636780699472
69 50.08387210586988
70 49.78667270083096
71 44.367806765214446
72 42.57627761947264
73 42.83658957953701
74 44.36047190824528
75 45.35030004411081
76 47.50324206888927
77 47.66555523046496
78 47.38561116677912
79 47.36221707795714
80 47.26729672704716
81 47.2403669046088
82 47.50910748998931
83 48.206186151791336
84 48.29960413947339
85 48.53382617142013
86 48.56298816026709
87 48.5832116915309
88 48.64239004954305
89 47.93849357623921
90 49.94134087187866
91 49.95300531098888
92 49.00121567826127
93 47.506267219381265
94 47.48472727221714
95 47.36690212999546
