12 0.0
13 38.293313850101924
14 42.700666389545894
15 41.85732586259602
16 41.36787561483407
17 40.72133985009816
18 38.734664753509705
19 38.90088925847142
20 40.12066639629012
21 40.24808533904436
22 39.80828564217972
23 38.833443930638445
24 37.860384610832874
25 38.17300054537489
26 38.5146496325895
27 44.42011680065615
28 47.81681563555624
29 46.288715637754606
30 44.837268187474336
31 46.03988847321369
32 49.53859755999536
33 49.65615197332912
34 47.824534482715706
35 43.64391286170933
36 44.87399565532152
37 48.58549381610592
38 46.70864298115976
39 44.02854871454906
40 45.7016463673193
41 41.22123998112729
42 41.75872515095639
43 39.926274440273474
44 36.78813412051884
45 37.57837110757574
46 32.74652200370858
47 38.79198497953254
48 39.38794309701347
49 37.9741754718667
50 41.27985810601034
51 42.85918275442179
52 43.821868777538114
53 45.84864586907728
54 46.07417692798798
55 45.9806445007958
56 47.21408759997924
57 49.28995237783196
58 47.68878439274134
59 45.037781814778036
60 44.73888594290026
61 48.12316577378718
62 49.71329147478828
63 48.745613133852544
64 49.78246093955183
65 49.12176244479897
66 47.786388734502225
67 49.45368643089477
68 50.13575741956303
69 51.29383224180015
70 51.65518333996179
71 51.481372685130246
72 46.71766327924998
73 48.65174192196092
74 51.07391328206988
75 51.1937994009188
76 51.02070147386636
77 50.97476058819782
78 50.61419039753885
79 49.34575687617017
80 46.137417861055255
81 45.827709509077685
82 46.15709444662001
83 46.45754771583669
84 47.83080504273929
85 47.95550976387891
86 48.16688357687917
87 48.81139349769857
88 48.72136485008711
89 49.18868770855374
90 49.78703529763638
91 49.36147507258166
92 46.743909583132826
93 43.45047286610763
94 31.08437816215425
95 25.638703528723518
