15 0.0
16 45.027585837064144
17 44.6021984180661
18 45.01260000195812
19 47.04267475148539
20 45.3452283680362
21 41.060412607770175
22 38.25847024602281
23 39.02674808001262
24 41.65634349093109
25 44.666704806240105
26 44.69280901630415
27 44.75812306276284
28 44.38308804864891
29 40.985931048417804
30 37.22941687589596
31 37.8796260525947
32 41.85439594258868
33 45.28324816980778
34 47.485130327527195
35 42.47120737836297
36 40.829289686139425
37 41.564414500944544
38 44.65233240231901
39 47.643761728811285
40 47.69200131518836
41 46.161725633125705
42 46.88834093889013
43 47.25026079158929
44 47.547135362046866
45 48.815718622679526
46 48.889649771862864
47 48.99477662451558
48 48.9718576185189
49 48.56881443872778
50 48.21886857172865
51 46.322312355521966
52 43.53903643182224
53 39.638291443700055
54 39.539516945570895
55 41.263715806605134
56 45.69931241257207
57 47.61553679666494
58 46.642827478398026
59 43.36629333167526
60 41.417929248523954
61 43.16709712475204
62 48.0369153276392
63 39.92776061334719
64 35.91776833873301
65 33.39765833644913
66 34.2678565072474
67 39.78428227263117
68 39.186454543956295
69 39.04205745455183
70 40.19684254149587
71 41.25317012699322
72 45.05795382999444
73 46.23654035624678
74 44.048976414131815
75 39.42147257407133
76 40.78467852851824
77 45.93861653676534
78 47.165744311726364
79 44.532407520580826
80 42.31992826415694
81 42.01476125018555
82 46.25931398687498
83 47.285611121093346
84 46.50985572142537
85 44.00862312971698
86 41.648878405097676
87 43.688413711723925
88 46.348235096313566
89 47.46265078599986
90 47.82164605214753
91 48.355600200813264
92 48.46582200525257
93 48.73982629044494
94 48.765511885787674
95 48.88237939712498
