11 0.0
12 41.47388168768831
13 38.903522030646656
14 35.75358808775965
15 38.80699381121854
16 39.8635874436587
17 38.37863115590595
18 37.710918316149936
19 38.10784780187817
20 39.19088268071513
21 39.615176574181504
22 40.852757871774386
23 41.97529353994537
24 43.419154352539685
25 44.86997954247014
26 46.120386259112855
27 48.97902895693547
28 46.588354460281735
29 42.99498779743848
30 40.611527032716324
31 41.214570238371934
32 45.66185120183889
33 46.641367022906074
34 45.389205888752315
35 45.89383104002709
36 45.21018829136555
37 46.21728666948272
38 45.81537427751455
39 46.94030260622983
40 47.19951718541835
41 47.134284006268366
42 47.80288948511066
43 50.55516912705989
44 48.07943217421128
45 44.50862477568306
46 42.896971440544675
47 42.82845338432362
48 42.947420012499386
49 44.311123927906955
50 43.92863601974148
51 41.79830172222423
52 43.55611781445525
53 46.310537548166096
54 47.23241693594915
55 47.17567325378373
56 43.74688836504805
57 40.30452732918469
58 37.1384596268894
59 37.69556797265408
60 40.36598954192979
61 46.342675181562015
62 48.68060179263645
63 48.91835107556631
64 50.60180789492932
65 48.70179004708451
66 46.74150828120323
67 45.48333278153837
68 44.89286500757435
69 44.01557055838841
70 43.351748445070946
71 39.71084797618857
72 40.33828982483251
73 42.67759875168859
74 44.86814743894146
75 41.03812541731398
76 43.429623203920436
77 46.40349156160942
78 47.804821465147505
79 45.55551223401183
80 44.59942727111096
81 46.157221399527764
82 46.40184640101947
83 49.61231357201723
84 48.78760716838544
85 48.24504291695144
86 48.81090201880698
87 50.51388752831541
88 47.20631709585268
89 44.01144773372844
90 45.26550200748924
91 46.96939342370368
92 48.53253246424602
93 47.96581338494007
94 48.713330776835704
95 47.330644387376346
