17 0.0
18 33.84960466160282
19 38.62074808548347
20 40.88523875251133
21 40.28622737265409
22 40.330960495827114
23 37.33265570432845
24 36.05818381886183
25 39.39579060813643
26 41.10551929368248
27 38.73928956363751
28 40.45009086463623
29 42.268614401064845
30 43.65513431628769
31 45.87402739157804
32 43.67129477161553
33 41.82951142491807
34 44.89782159824175
35 45.020761114081715
36 45.80923693977729
37 46.803936687585164
38 47.53602993187516
39 44.56810688738764
40 41.31960502492002
41 39.785742587000975
42 37.57531520890928
43 41.43721106396895
44 45.27110090768809
45 45.68027703462245
46 50.356219251869454
47 50.32883398177467
48 48.60063447000911
49 47.44731463899975
50 44.996746527575816
51 45.10088314418472
52 44.893508612496575
53 44.033393169617206
54 41.36852382377134
55 39.65456075917788
56 36.59744712849721
57 37.228189010487775
58 39.14510935381778
59 41.06356904090005
60 42.30129017441259
61 41.78490075057746
62 44.82871110652597
63 46.958181047336865
64 46.67693180089616
65 46.410932817820125
66 46.19327328961156
67 38.45730975930401
68 31.402205115700912
69 34.597860480711155
70 45.25728155280674
71 41.44512357887082
72 39.44325381309862
73 45.36098197565831
74 46.415298273392985
75 49.95318601637792
76 48.48263961356098
77 50.282662457809785
78 50.4159982777154
79 47.12048260476338
80 46.41642925765534
81 47.20141515256731
82 48.84794142625053
83 49.41840980643633
84 49.3982167813037
85 49.31466030057376
86 49.887190225911965
87 50.195313863087826
88 49.78422352723709
89 48.809920910655684
90 49.29726500509399
91 49.327393729635006
92 49.41798918244727
93 49.608219299306654
94 49.68647774001071
95 49.565218482041765
