11 0.0
12 32.07139245604981
13 35.81310998582233
14 33.92447401002276
15 39.28747158409342
16 40.41360490849436
17 39.55742500740567
18 40.19417070655815
19 38.48353760412207
20 37.7422926374524
21 37.719432444605594
22 40.71498859189779
23 43.845871126824505
24 46.79042747867121
25 46.23101033355598
26 42.194492482937505
27 42.134264669686694
28 41.65512684043105
29 41.76994612456461
30 48.11607065745068
31 50.49023617882921
32 51.25480977409198
33 51.215771199068875
34 51.48084103726087
35 52.282362056764306
36 52.43294524972927
37 50.509458160305265
38 45.304552072745636
39 41.8897189106477
40 40.73266340135138
41 40.795895460366744
42 42.055361905519355
43 42.277026057947936
44 43.29470511935415
45 46.878737062266225
46 49.373868232256875
47 49.540633783330186
48 50.44767045237255
49 46.1244485120366
50 43.85100303914412
51 42.91877531238493
52 44.73568093210097
53 49.06419829420431
54 47.438366931019125
55 41.497711283770975
56 42.267108546872734
57 42.032922720988346
58 40.433792981355296
59 46.756186332443285
60 45.17840418956142
61 46.221003398785086
62 47.33377862144925
63 44.93141693387818
64 41.841122006449844
65 41.81832901016997
66 43.2280372328
67 48.50503320747868
68 49.539660711114095
69 48.61397914851104
70 43.1364987552543
71 41.022016351834026
72 45.9888302652452
73 50.24911750933435
74 46.705546365995126
75 49.19107211019842
76 49.470895214972415
77 50.471289505457165
78 52.75602646929681
79 51.051733408861445
80 48.18560940499439
81 46.93175947824739
82 47.54364212231754
83 45.87229409786135
84 46.20621552001808
85 46.63542774794608
86 47.59413608054938
87 48.69600959386938
88 47.556326640271834
89 46.27109328311975
90 48.135416870333394
91 48.2962892100246
92 47.83963613026309
93 47.08421741728845
94 47.11276560655834
95 45.831606790967875
