2 0.0
3 45.42237329857251
4 52.2007156679549
5 54.46361018399146
6 54.29850596341138
7 53.16420960824783
8 53.16972008350834
9 53.4936107570661
10 51.68311697297262
11 48.20538101371042
12 47.52715693370334
13 46.07574104127463
14 40.836271652168634
15 40.63487833841791
16 40.274580301798935
17 42.867850205434635
18 44.96130845624271
19 44.171515972860036
20 44.81467855075048
21 44.75204697259116
22 42.41195818077952
23 42.99098461032597
24 42.53822419685675
25 40.66163100224325
26 41.44589834411107
27 41.62089808440368
28 41.801573360666616
29 44.44636890034482
30 46.57365504220197
31 44.681533746330395
32 44.57809664259732
33 46.709925310643136
34 47.222820752635556
35 44.99142827475573
36 44.924013073702426
37 43.61572440988255
38 43.33543239733659
39 43.60286620916627
40 42.42232161755874
41 41.5345917689752
42 41.047777111623745
43 41.31461742730809
44 42.08282556019578
45 43.247165557910165
46 44.74380877882664
47 44.49690742020767
48 43.63999021886462
49 44.13256578112837
50 44.41012927262298
51 44.78389450139583
52 44.78132688258449
53 45.45926012260442
54 46.530322016606085
55 46.00240601714766
56 46.22108881984604
57 47.708172104507234
58 47.618174773966224
59 46.92533952970292
60 45.595668187952924
61 44.75173833202821
62 44.05556544591717
63 44.3071480350259
64 43.59458331857177
65 41.50764574932983
66 38.91192677211106
67 37.17865028025506
68 36.910559226426784
69 37.42774808929602
70 39.159827773246
71 41.8121091968173
72 46.314271441737795
73 47.82752889862896
74 47.44379395158869
75 42.72730853961119
76 41.88968081372901
77 43.74177296866433
78 45.19242099441493
79 43.9375123999158
80 43.8763702399741
81 44.52116705692635
82 43.74477914080974
83 41.198138541930966
84 41.10709229878712
85 41.52276784514714
86 41.97664960897733
87 42.88634728440378
88 43.34004625787758
89 43.63789102427073
90 44.32278052000871
91 45.20446718062683
92 45.948710300578306
93 46.36889623210057
94 46.30622905235745
95 46.30622905235745
