15 0.0
16 49.11470495412807
17 47.11398379143202
18 45.25953118538508
19 43.8322034168933
20 43.03231118601821
21 43.860830826838274
22 50.849946964158626
23 44.42886803536463
24 42.83704902163136
25 49.32907648256426
26 48.76992624300396
27 46.597841666318175
28 46.79386823395661
29 46.233313255862974
30 49.595148993906214
31 48.35170780154743
32 47.930799114996056
33 49.94129606287334
34 50.56233223205699
35 50.283583566800246
36 49.49571445237452
37 48.44042055921906
38 42.66464159867158
39 40.6452676395924
40 47.54974033964436
41 42.34285352928015
42 40.212922573899895
43 40.38311831953251
44 46.68473958189852
45 47.390153819612955
46 50.11495950935916
47 49.64905499828372
48 49.53128980762419
49 42.99335995700767
50 42.879423285627375
51 48.54973012634594
52 49.22346281772709
53 48.236874309638864
54 49.68012281521075
55 49.409315867619405
56 46.01034702744261
57 41.427089605028726
58 39.865228488684274
59 43.35471167482566
60 49.476973182189575
61 51.21456680515219
62 51.81938382716859
63 46.38889337950423
64 46.37920597318971
65 46.6491305509623
66 40.553029197094055
67 37.905831204292966
68 41.54174733387636
69 42.02875543633834
70 46.29301358188189
71 49.370932945024634
72 44.685539304260566
73 39.810427214939004
74 42.55947582537732
75 47.763844792516494
76 47.280920012025476
77 46.334224822772974
78 43.152396445887646
79 43.679404275957125
80 46.57388324262136
81 47.274758269632706
82 47.38158800695054
83 47.315269573559
84 45.861884662138785
85 42.29761236544962
86 42.64658096857034
87 47.53211346858013
88 48.0234936469733
89 47.53710441266874
90 47.83756701058592
91 48.32946221310122
92 48.65690617345933
93 49.781498790384475
94 49.800687580674115
95 49.252459678798814
