7 0.234375
8 13.2734375
9 13.169921875
10 13.66015625
11 14.1796875
12 14.2734375
13 14.998046875
14 15.380859375
15 15.203125
16 15.044921875
17 14.5390625
18 14.857421875
19 13.46875
20 12.544921875
21 11.74609375
22 11.74609375
23 10.37109375
24 10.205078125
25 9.87890625
26 9.345703125
27 9.029296875
28 8.74609375
29 9.01953125
30 8.732421875
31 8.51171875
32 8.6875
33 9.224609375
34 8.767578125
35 9.234375
36 9.595703125
37 9.88671875
38 10.03515625
39 10.205078125
40 12.404296875
41 13.64453125
42 13.43359375
43 12.259765625
44 11.81640625
45 12.1875
46 11.69140625
47 11.62109375
48 11.849609375
49 11.87890625
50 12.044921875
51 12.267578125
52 11.76171875
53 12.60546875
54 12.71484375
55 12.53515625
56 12.076171875
57 12.27734375
58 12.078125
59 12.375
60 13.419921875
61 10.19921875
62 10.5859375
63 11.091796875
64 11.919921875
65 12.2734375
66 12.853515625
67 13.470703125
68 14.255859375
69 13.6171875
70 13.80078125
71 19.19921875
72 17.720703125
73 14.0078125
74 13.982421875
75 13.283203125
76 13.32421875
77 13.7109375
78 13.005859375
79 12.447265625
80 11.6171875
81 11.228515625
82 11.921875
83 13.330078125
84 13.291015625
85 11.98046875
86 10.529296875
87 10.4765625
88 10.74609375
89 10.814453125
90 11.322265625
91 11.685546875
92 11.3359375
93 11.533203125
94 11.435546875
95 11.619140625
