17 0.234375
18 3.419921875
19 3.28125
20 3.294921875
21 3.892578125
22 4.3984375
23 4.830078125
24 5.58984375
25 6.111328125
26 6.55078125
27 6.91796875
28 8.57421875
29 11.494140625
30 15.56640625
31 14.572265625
32 13.703125
33 13.46875
34 13.23046875
35 12.880859375
36 12.25
37 12.380859375
38 11.6328125
39 11.095703125
40 11.892578125
41 13.3125
42 13.171875
43 12.3359375
44 10.890625
45 10.80859375
46 10.6875
47 10.83984375
48 11.048828125
49 11.18359375
50 10.9375
51 10.908203125
52 11.619140625
53 11.96484375
54 12.890625
55 11.765625
56 10.49609375
57 9.94921875
58 9.802734375
59 10.013671875
60 9.93359375
61 9.892578125
62 9.572265625
63 9.58984375
64 9.65234375
65 10.111328125
66 11.14453125
67 9.876953125
68 7.865234375
69 6.966796875
70 6.890625
71 7.00390625
72 7.248046875
73 7.375
74 7.54296875
75 7.544921875
76 7.60546875
77 7.529296875
78 7.83984375
79 8.419921875
80 7.580078125
81 7.1015625
82 6.6171875
83 6.107421875
84 5.6171875
85 5.056640625
86 4.490234375
87 4.3515625
88 4.443359375
89 4.509765625
90 4.40234375
91 4.298828125
92 4.30859375
93 4.345703125
94 4.568359375
95 4.96484375
