7 0.234375
8 13.142578125
9 12.888671875
10 13.375
11 14.009765625
12 14.05078125
13 14.595703125
14 14.943359375
15 14.599609375
16 14.78125
17 14.78125
18 15.271484375
19 13.986328125
20 12.880859375
21 11.861328125
22 11.5
23 10.04296875
24 10.3671875
25 9.8984375
26 9.630859375
27 9.41015625
28 9.5390625
29 9.61328125
30 8.388671875
31 8.384765625
32 8.943359375
33 8.814453125
34 9.0390625
35 9.01171875
36 9.681640625
37 9.865234375
38 10.234375
39 10.564453125
40 12.99609375
41 13.97265625
42 13.693359375
43 12.263671875
44 12.35546875
45 12.4921875
46 12.28125
47 11.658203125
48 11.447265625
49 11.326171875
50 11.748046875
51 11.818359375
52 11.755859375
53 12.185546875
54 12.193359375
55 12.15234375
56 12.1953125
57 12.015625
58 11.498046875
59 12.4140625
60 13.171875
61 13.34765625
62 13.568359375
63 15.10546875
64 15.837890625
65 15.3515625
66 15.1796875
67 15.580078125
68 16.224609375
69 16.119140625
70 15.060546875
71 14.90625
72 14.30859375
73 13.689453125
74 12.615234375
75 13.54296875
76 12.11328125
77 12.08203125
78 11.98046875
79 11.205078125
80 11.0078125
81 10.921875
82 10.78125
83 10.85546875
84 10.45703125
85 10.216796875
86 9.45703125
87 7.990234375
88 7.505859375
89 6.65234375
90 5.65234375
91 5.923828125
92 5.818359375
93 5.814453125
94 5.51953125
95 5.51171875
