17 0.234375
18 7.630859375
19 7.625
20 6.7890625
21 6.5
22 6.70703125
23 7.0546875
24 7.26953125
25 7.416015625
26 7.521484375
27 7.744140625
28 8.103515625
29 8.208984375
30 8.611328125
31 8.216796875
32 8.076171875
33 8.048828125
34 8.125
35 8.2109375
36 8.203125
37 8.353515625
38 8.23046875
39 8.357421875
40 8.40625
41 9.267578125
42 8.56640625
43 7.3515625
44 6.95703125
45 6.943359375
46 6.82421875
47 6.859375
48 7.185546875
49 7.482421875
50 7.439453125
51 7.53515625
52 8.287109375
53 10.77734375
54 12.94140625
55 10.76171875
56 9.904296875
57 9.771484375
58 9.998046875
59 10.109375
60 10.607421875
61 11.2265625
62 11.412109375
63 11.833984375
64 12.109375
65 16.08203125
66 18.55859375
67 21.384765625
68 16.75
69 14.498046875
70 11.794921875
71 10.234375
72 9.150390625
73 7.375
74 6.59375
75 6.361328125
76 6.328125
77 5.833984375
78 5.93359375
79 5.734375
80 5.609375
81 5.6875
82 5.880859375
83 5.720703125
84 5.31640625
85 5.255859375
86 5.205078125
87 5.18359375
88 5.220703125
89 5.19140625
90 5.123046875
91 5.05078125
92 4.9765625
93 5.146484375
94 6.533203125
95 6.380859375
