17 0.234375
18 12.62109375
19 12.916015625
20 13.126953125
21 13.97265625
22 14.068359375
23 13.96875
24 13.9609375
25 14.166015625
26 14.216796875
27 13.935546875
28 12.546875
29 11.3125
30 11.3984375
31 10.576171875
32 10.267578125
33 10.10546875
34 9.96484375
35 9.3671875
36 9.162109375
37 9.38671875
38 8.626953125
39 8.37890625
40 8.41796875
41 9.0234375
42 9.0234375
43 9.474609375
44 9.7265625
45 9.875
46 9.796875
47 9.90625
48 11.654296875
49 13.44140625
50 12.607421875
51 11.697265625
52 11.205078125
53 11.5234375
54 11.33984375
55 11.3671875
56 11.19921875
57 11.31640625
58 11.380859375
59 11.36328125
60 11.453125
61 11.7734375
62 11.96484375
63 12.302734375
64 12.181640625
65 12.037109375
66 11.748046875
67 9.84375
68 8.7265625
69 7.392578125
70 7.37890625
71 7.59375
72 7.62109375
73 7.626953125
74 7.7890625
75 7.91015625
76 7.580078125
77 7.720703125
78 7.63671875
79 7.865234375
80 7.62890625
81 7.060546875
82 6.439453125
83 6.0625
84 5.744140625
85 5.25
86 4.7890625
87 4.728515625
88 4.728515625
89 4.669921875
90 4.564453125
91 4.416015625
92 4.37109375
93 4.59765625
94 4.83203125
95 5.173828125
