17 0.234375
18 13.11328125
19 13.18359375
20 13.12109375
21 13.85546875
22 14.123046875
23 13.998046875
24 14.185546875
25 14.310546875
26 14.630859375
27 14.166015625
28 13.150390625
29 11.916015625
30 11.501953125
31 10.458984375
32 10.22265625
33 9.927734375
34 9.74609375
35 9.5078125
36 9.34765625
37 9.435546875
38 8.53515625
39 8.453125
40 8.623046875
41 8.923828125
42 9.03515625
43 8.96875
44 9.015625
45 9.771484375
46 9.7578125
47 10.185546875
48 12.40234375
49 13.623046875
50 13.126953125
51 12.4609375
52 12.2734375
53 12.291015625
54 11.814453125
55 11.353515625
56 11.65625
57 11.6953125
58 11.322265625
59 11.609375
60 11.72265625
61 12.033203125
62 12.35546875
63 12.189453125
64 12.171875
65 12.0234375
66 11.9609375
67 10.02734375
68 8.853515625
69 8.177734375
70 7.75
71 7.25390625
72 6.70703125
73 6.13671875
74 5.63671875
75 5.51171875
76 5.21875
77 4.94921875
78 4.810546875
79 4.78125
80 4.673828125
81 4.736328125
82 4.71484375
83 4.857421875
84 5.0625
85 5.212890625
86 5.822265625
87 6.9609375
88 7.408203125
89 8.34375
90 9.453125
91 10.423828125
92 11.736328125
93 11.84765625
94 12.326171875
95 12.435546875
