12 0.234375
13 20.771484375
14 21.12890625
15 20.53125
16 19.26171875
17 19.359375
18 20.05859375
19 19.24609375
20 19.673828125
21 19.814453125
22 14.51171875
23 13.1953125
24 13.072265625
25 13.470703125
26 13.697265625
27 13.486328125
28 13.40625
29 13.146484375
30 12.54296875
31 12.669921875
32 14.35546875
33 14.791015625
34 13.615234375
35 13.28125
36 13.767578125
37 12.751953125
38 13.1875
39 13.572265625
40 13.771484375
41 14.19921875
42 14.11328125
43 14.830078125
44 14.185546875
45 13.58203125
46 12.978515625
47 12.84765625
48 13.22265625
49 13.041015625
50 12.5546875
51 12.705078125
52 13.66796875
53 14.16796875
54 15.607421875
55 15.041015625
56 14.83203125
57 14.4140625
58 13.64453125
59 13.30078125
60 13.287109375
61 12.69921875
62 12.84375
63 10.853515625
64 8.638671875
65 7.455078125
66 7.8046875
67 7.9375
68 7.880859375
69 7.796875
70 7.80078125
71 7.810546875
72 7.876953125
73 9.296875
74 9.203125
75 9.712890625
76 8.861328125
77 8.283203125
78 7.26171875
79 6.693359375
80 6.298828125
81 5.6484375
82 4.91015625
83 4.626953125
84 4.638671875
85 4.630859375
86 4.59375
87 4.51171875
88 4.78125
89 4.701171875
90 5.0234375
91 5.3828125
92 5.9375
93 6.15625
94 6.591796875
95 7.2734375
