7 0.234375
8 18.267578125
9 18.70703125
10 19.158203125
11 19.95703125
12 19.16796875
13 18.8515625
14 18.9609375
15 16.458984375
16 16.818359375
17 16.435546875
18 16.37890625
19 16.611328125
20 15.75
21 14.78515625
22 14.8125
23 14.08203125
24 13.892578125
25 14.24609375
26 12.6015625
27 12.2890625
28 11.650390625
29 11.298828125
30 11.11328125
31 10.916015625
32 10.326171875
33 10.3046875
34 10.505859375
35 9.904296875
36 9.583984375
37 8.00390625
38 7.57421875
39 6.798828125
40 5.708984375
41 5.966796875
42 5.521484375
43 5.634765625
44 5.66015625
45 5.7578125
46 6.251953125
47 6.787109375
48 6.498046875
49 6.359375
50 7.13671875
51 6.494140625
52 6.46484375
53 6.056640625
54 5.990234375
55 6.232421875
56 6.15625
57 6.017578125
58 6.3125
59 6.24609375
60 6.13671875
61 6.24609375
62 6.091796875
63 6.0
64 5.806640625
65 5.369140625
66 5.28515625
67 5.05859375
68 5.109375
69 5.21875
70 5.015625
71 4.796875
72 4.7890625
73 4.826171875
74 4.5859375
75 4.69921875
76 5.212890625
77 5.310546875
78 5.783203125
79 6.3515625
80 7.7890625
81 8.357421875
82 9.2265625
83 10.583984375
84 12.095703125
85 12.845703125
86 13.5078125
87 13.865234375
88 13.84765625
89 12.935546875
90 11.037109375
91 10.919921875
92 10.46875
93 9.830078125
94 9.375
95 9.21875
