12 0.234375
13 12.658203125
14 12.8125
15 13.791015625
16 14.12109375
17 14.244140625
18 14.509765625
19 14.2734375
20 14.66015625
21 14.677734375
22 15.041015625
23 14.119140625
24 12.638671875
25 11.703125
26 11.7890625
27 10.7890625
28 10.54296875
29 10.310546875
30 10.443359375
31 9.94921875
32 9.546875
33 9.47265625
34 9.138671875
35 8.345703125
36 8.421875
37 9.263671875
38 9.548828125
39 9.521484375
40 10.013671875
41 9.876953125
42 10.234375
43 10.802734375
44 12.859375
45 14.228515625
46 13.34765625
47 11.900390625
48 12.23828125
49 11.513671875
50 11.88671875
51 11.787109375
52 11.5234375
53 11.7734375
54 11.423828125
55 11.44921875
56 11.646484375
57 12.0078125
58 12.564453125
59 12.45703125
60 12.23828125
61 12.5390625
62 12.474609375
63 10.619140625
64 9.015625
65 8.677734375
66 8.294921875
67 7.919921875
68 7.3125
69 7.09765625
70 6.845703125
71 6.392578125
72 5.765625
73 5.978515625
74 5.826171875
75 5.80078125
76 5.7109375
77 5.755859375
78 5.62109375
79 6.01171875
80 6.6953125
81 6.80078125
82 7.255859375
83 8.42578125
84 9.541015625
85 10.47265625
86 10.640625
87 10.798828125
88 10.25390625
89 9.123046875
90 8.396484375
91 7.51171875
92 6.451171875
93 6.0625
94 5.55078125
95 5.2109375
