1 0.234375
2 7.810546875
3 7.4609375
4 6.5078125
5 6.27734375
6 6.462890625
7 6.826171875
8 6.9296875
9 6.748046875
10 7.24609375
11 7.2265625
12 7.3359375
13 7.435546875
14 7.9140625
15 8.001953125
16 8.43359375
17 8.3046875
18 7.33203125
19 7.197265625
20 7.025390625
21 7.326171875
22 7.6640625
23 7.83984375
24 7.66015625
25 7.623046875
26 7.892578125
27 7.921875
28 8.447265625
29 8.123046875
30 6.814453125
31 6.48046875
32 6.525390625
33 6.462890625
34 6.576171875
35 6.345703125
36 6.794921875
37 6.75
38 7.03125
39 7.603515625
40 9.814453125
41 11.451171875
42 10.7890625
43 9.86328125
44 9.083984375
45 9.1484375
46 9.333984375
47 9.2890625
48 9.591796875
49 10.572265625
50 10.814453125
51 10.763671875
52 12.763671875
53 14.439453125
54 17.6328125
55 20.037109375
56 19.333984375
57 19.109375
58 19.47265625
59 18.896484375
60 16.435546875
61 16.435546875
62 15.60546875
63 16.21875
64 16.107421875
65 15.5703125
66 14.904296875
67 14.111328125
68 13.525390625
69 13.251953125
70 13.42578125
71 12.439453125
72 12.06640625
73 11.03125
74 11.12109375
75 10.43359375
76 10.240234375
77 10.1015625
78 9.52734375
79 9.541015625
80 9.59765625
81 8.51953125
82 7.388671875
83 6.744140625
84 6.228515625
85 5.623046875
86 5.19140625
87 5.201171875
88 5.1640625
89 5.283203125
90 5.1875
91 5.55078125
92 6.015625
93 5.810546875
94 5.88671875
95 6.203125
