7 0.234375
8 3.423828125
9 3.390625
10 3.404296875
11 3.875
12 4.466796875
13 4.83984375
14 5.16015625
15 5.7109375
16 6.349609375
17 6.267578125
18 8.037109375
19 10.09765625
20 15.263671875
21 19.3046875
22 17.33984375
23 14.671875
24 14.162109375
25 13.955078125
26 13.708984375
27 14.08203125
28 13.533203125
29 12.97265625
30 11.724609375
31 11.765625
32 12.25390625
33 13.53515625
34 13.03125
35 11.99609375
36 11.013671875
37 10.828125
38 10.8203125
39 10.78515625
40 10.6484375
41 10.779296875
42 10.62109375
43 11.142578125
44 11.544921875
45 11.755859375
46 13.048828125
47 11.96484375
48 11.17578125
49 10.294921875
50 9.93359375
51 10.00390625
52 9.73828125
53 9.7265625
54 9.720703125
55 9.763671875
56 9.435546875
57 9.9453125
58 11.3828125
59 12.427734375
60 13.322265625
61 11.30859375
62 10.4453125
63 10.38671875
64 9.54296875
65 8.990234375
66 8.376953125
67 7.818359375
68 7.283203125
69 6.515625
70 5.77734375
71 5.87109375
72 5.78125
73 5.69140625
74 5.74609375
75 5.740234375
76 5.734375
77 5.771484375
78 5.775390625
79 5.244140625
80 4.962890625
81 4.951171875
82 5.115234375
83 4.7734375
84 5.080078125
85 5.0546875
86 5.134765625
87 5.130859375
88 5.283203125
89 6.115234375
90 6.455078125
91 6.353515625
92 6.490234375
93 6.349609375
94 6.43359375
95 6.6328125
