1 0.234375
2 7.6171875
3 7.759765625
4 6.521484375
5 6.62890625
6 6.62109375
7 6.927734375
8 7.189453125
9 7.435546875
10 7.380859375
11 7.701171875
12 8.05078125
13 8.04296875
14 8.494140625
15 8.955078125
16 9.14453125
17 8.955078125
18 8.041015625
19 7.98828125
20 7.7578125
21 7.669921875
22 7.767578125
23 8.142578125
24 8.3359375
25 8.22265625
26 8.1328125
27 8.154296875
28 9.052734375
29 8.46484375
30 7.533203125
31 7.046875
32 6.9140625
33 7.14453125
34 7.04296875
35 7.2109375
36 6.90234375
37 7.373046875
38 7.462890625
39 8.525390625
40 10.6328125
41 11.927734375
42 10.890625
43 10.4453125
44 9.7890625
45 9.54296875
46 9.7265625
47 10.009765625
48 10.365234375
49 10.71875
50 11.396484375
51 11.783203125
52 12.876953125
53 15.822265625
54 19.31640625
55 22.517578125
56 17.818359375
57 14.958984375
58 11.43359375
59 10.427734375
60 9.32421875
61 7.970703125
62 7.271484375
63 6.669921875
64 5.943359375
65 5.572265625
66 5.587890625
67 6.033203125
68 6.02734375
69 5.451171875
70 5.576171875
71 6.001953125
72 5.87890625
73 5.453125
74 5.40234375
75 5.3359375
76 5.333984375
77 5.21875
78 5.13671875
79 5.33984375
80 5.171875
81 5.10546875
82 5.193359375
83 6.009765625
84 6.5390625
85 6.169921875
86 6.212890625
87 6.310546875
88 6.244140625
89 6.34765625
90 6.25390625
91 6.208984375
92 6.36328125
93 6.31640625
94 6.546875
95 7.205078125
