12 0.234375
13 20.576171875
14 20.62890625
15 20.318359375
16 19.984375
17 20.060546875
18 19.65625
19 20.0234375
20 19.44921875
21 18.986328125
22 15.119140625
23 13.228515625
24 13.037109375
25 13.43359375
26 13.33203125
27 13.48828125
28 13.205078125
29 13.05078125
30 12.6484375
31 12.359375
32 14.62109375
33 14.326171875
34 13.55078125
35 13.400390625
36 13.36328125
37 13.078125
38 13.150390625
39 13.33984375
40 13.77734375
41 14.208984375
42 14.3125
43 13.904296875
44 14.091796875
45 12.794921875
46 12.794921875
47 11.880859375
48 12.98828125
49 12.7734375
50 12.330078125
51 12.095703125
52 13.2109375
53 14.04296875
54 15.8125
55 15.224609375
56 14.0390625
57 14.3671875
58 14.1640625
59 13.3671875
60 12.8125
61 11.921875
62 12.611328125
63 10.33984375
64 9.46484375
65 10.041015625
66 10.419921875
67 10.626953125
68 10.84375
69 11.560546875
70 11.453125
71 11.296875
72 11.34375
73 13.42578125
74 12.919921875
75 11.736328125
76 11.28125
77 11.00390625
78 10.263671875
79 10.08984375
80 9.880859375
81 9.220703125
82 9.21484375
83 9.2890625
84 8.513671875
85 8.40234375
86 8.4375
87 8.78125
88 9.154296875
89 8.931640625
90 9.029296875
91 9.673828125
92 9.591796875
93 10.4296875
94 12.560546875
95 13.939453125
