17 0.234375
18 12.9453125
19 12.775390625
20 13.5
21 13.642578125
22 14.09375
23 14.005859375
24 14.443359375
25 14.34765625
26 14.525390625
27 13.62109375
28 12.478515625
29 11.70703125
30 11.337890625
31 10.46875
32 10.408203125
33 10.009765625
34 9.869140625
35 9.66015625
36 9.275390625
37 9.26953125
38 8.80078125
39 8.318359375
40 8.501953125
41 8.890625
42 8.857421875
43 8.892578125
44 9.267578125
45 9.47265625
46 9.494140625
47 9.724609375
48 11.400390625
49 13.322265625
50 12.658203125
51 11.896484375
52 11.3203125
53 11.353515625
54 11.26953125
55 11.267578125
56 11.65625
57 11.462890625
58 11.216796875
59 11.03515625
60 11.044921875
61 11.78125
62 12.158203125
63 12.3359375
64 12.2109375
65 12.150390625
66 11.7421875
67 12.068359375
68 13.109375
69 13.83984375
70 14.78515625
71 15.93359375
72 16.37890625
73 17.08984375
74 18.03125
75 18.326171875
76 15.42578125
77 13.630859375
78 12.962890625
79 13.306640625
80 12.998046875
81 12.716796875
82 12.669921875
83 11.984375
84 11.697265625
85 11.24609375
86 13.609375
87 13.470703125
88 12.84375
89 13.07421875
90 12.873046875
91 12.40234375
92 12.98046875
93 13.466796875
94 13.587890625
95 14.130859375
