7 0.234375
8 5.162109375
9 5.240234375
10 5.375
11 5.3671875
12 5.140625
13 5.25390625
14 4.982421875
15 5.091796875
16 5.09765625
17 5.01953125
18 5.314453125
19 5.056640625
20 4.767578125
21 4.68359375
22 4.662109375
23 4.6484375
24 4.740234375
25 4.857421875
26 5.05859375
27 5.267578125
28 5.333984375
29 6.17578125
30 7.919921875
31 8.48046875
32 9.3125
33 10.505859375
34 12.64453125
35 13.431640625
36 13.349609375
37 13.755859375
38 13.552734375
39 12.392578125
40 10.43359375
41 10.220703125
42 9.46484375
43 9.197265625
44 9.2421875
45 8.359375
46 8.6015625
47 8.607421875
48 8.595703125
49 8.515625
50 8.31640625
51 7.80859375
52 7.625
53 7.98828125
54 7.943359375
55 7.78125
56 7.66796875
57 7.845703125
58 7.439453125
59 7.396484375
60 8.484375
61 9.73046875
62 11.109375
63 11.62890625
64 12.419921875
65 13.9765625
66 15.197265625
67 15.71875
68 14.716796875
69 13.52734375
70 13.26953125
71 12.587890625
72 12.93359375
73 12.50390625
74 11.990234375
75 11.59375
76 11.24609375
77 11.59375
78 13.263671875
79 13.779296875
80 13.099609375
81 12.833984375
82 12.55859375
83 12.158203125
84 12.259765625
85 12.60546875
86 12.84765625
87 13.451171875
88 13.5546875
89 14.099609375
90 12.728515625
91 12.330078125
92 12.212890625
93 12.287109375
94 12.5859375
95 12.78125
