17 0.234375
18 13.392578125
19 12.822265625
20 13.0703125
21 13.671875
22 13.947265625
23 13.890625
24 14.15234375
25 13.431640625
26 14.322265625
27 13.650390625
28 12.228515625
29 11.412109375
30 11.357421875
31 10.671875
32 10.38671875
33 10.037109375
34 9.49609375
35 9.166015625
36 8.9609375
37 9.138671875
38 8.146484375
39 7.763671875
40 7.787109375
41 8.71484375
42 8.72265625
43 8.6953125
44 8.849609375
45 9.3359375
46 9.787109375
47 9.77734375
48 11.708984375
49 12.673828125
50 12.18359375
51 12.189453125
52 12.14453125
53 12.07421875
54 11.826171875
55 11.611328125
56 11.35546875
57 11.734375
58 11.30078125
59 11.26953125
60 11.509765625
61 12.322265625
62 12.048828125
63 12.134765625
64 12.080078125
65 12.0
66 11.916015625
67 11.939453125
68 11.599609375
69 11.02734375
70 9.9609375
71 9.400390625
72 9.08984375
73 8.734375
74 8.458984375
75 8.009765625
76 7.92578125
77 7.90625
78 7.779296875
79 7.55859375
80 8.314453125
81 7.3828125
82 7.78515625
83 7.6328125
84 7.72265625
85 7.8671875
86 7.94921875
87 8.021484375
88 8.0390625
89 8.13671875
90 8.3359375
91 9.474609375
92 8.515625
93 7.322265625
94 6.87109375
95 6.849609375
