17 0.234375
18 5.955078125
19 6.111328125
20 6.099609375
21 5.87109375
22 6.072265625
23 6.404296875
24 5.998046875
25 5.90625
26 5.921875
27 5.984375
28 5.755859375
29 5.6640625
30 5.71875
31 5.42578125
32 5.27734375
33 5.431640625
34 5.49609375
35 5.66796875
36 5.37109375
37 5.0546875
38 4.7734375
39 4.87890625
40 4.916015625
41 5.115234375
42 5.095703125
43 5.015625
44 5.1015625
45 5.142578125
46 4.97265625
47 5.71484375
48 6.787109375
49 6.587890625
50 6.49609375
51 6.603515625
52 6.32421875
53 6.6953125
54 6.91796875
55 6.7421875
56 6.791015625
57 6.765625
58 6.669921875
59 7.33203125
60 7.296875
61 7.71875
62 7.66796875
63 7.7421875
64 7.861328125
65 7.8046875
66 6.904296875
67 6.111328125
68 5.904296875
69 5.77734375
70 5.984375
71 6.255859375
72 6.587890625
73 7.1796875
74 7.9765625
75 8.662109375
76 9.447265625
77 12.13671875
78 12.4140625
79 11.4140625
80 10.896484375
81 10.314453125
82 9.9765625
83 9.91015625
84 9.283203125
85 9.326171875
86 8.994140625
87 9.1015625
88 8.376953125
89 8.32421875
90 8.453125
91 8.875
92 8.8671875
93 9.1015625
94 9.2890625
95 9.55078125
