12 0.0
13 1.8528162150770524
14 1.0927834498449438
15 1.080280335706858
16 1.538802154552283
17 2.8645483830296055
18 2.7592730078372028
19 2.874264812887515
20 2.216909291739724
21 0.8634230891576203
22 0.6214603083880195
23 1.1217859597584812
24 2.411419670412763
25 1.4816917985747688
26 1.5713452209484258
27 1.4922942412240587
28 1.589338065214358
29 2.6649343005212116
30 3.279074108376905
31 1.5130456662584513
32 1.0873642160932115
33 1.3403749606640523
34 2.1803994270104043
35 2.362355262853544
36 2.857650807664832
37 3.223590521580187
38 4.035816041252585
39 3.541762897397971
40 3.622617480263035
41 3.4126954036253188
42 3.3402501371468527
43 2.992737151072359
44 2.5092572079068116
45 1.970974994208811
46 2.3885506687728464
47 1.9603600285746807
48 3.1085478869986933
49 1.3040003140512664
50 2.512662477761593
51 1.98033543262833
52 2.224299245629853
53 1.49267763881145
54 1.9609937688423018
55 1.4242237775449362
56 1.0383062572925812
57 0.5384058571660201
58 0.5359593982378247
59 0.5270784311617187
60 0.47664244574512005
61 0.5435470371244234
62 0.9187897889618656
63 1.1305406834689489
64 1.783402736476968
65 1.5976663127568123
66 1.7952056850193907
67 3.8391409617990377
68 2.803644958326942
69 3.240803171878082
70 3.785072345328294
71 8.538909246358216
72 6.984051871108586
73 4.975427454432663
74 4.971520752757327
75 4.990002346526721
76 3.7596490359480303
77 2.6312681255531323
78 2.3253848334730454
79 0.9048381587631101
80 1.1569899055947623
81 1.0994953514568493
82 1.0270845791781722
83 1.2709646378451545
84 2.263639164454887
85 2.0790483301406506
86 2.0932992823860914
87 3.322307043391029
88 2.0549883841829617
89 1.9671655333391709
90 4.704978107084989
91 6.711638887506455
92 6.155381052678048
93 4.743868014253466
94 4.960411833586436
95 4.191382741469386
