17 0.0
18 6.029974256275461
19 4.423954105326074
20 4.534533824301
21 5.431440646707383
22 5.1246989462313115
23 6.730999715315172
24 6.142982352925326
25 5.9705512803166645
26 5.874279026783354
27 5.130755426262542
28 4.858496546881269
29 5.304543195127654
30 4.018001213148663
31 4.938842218880613
32 4.325348844660578
33 3.295383463891123
34 2.3595625204906616
35 1.5984113235077464
36 1.54361332907777
37 2.3103583438239603
38 2.251602257368848
39 2.261520913943514
40 2.234587798699478
41 3.200666883877488
42 3.7422035610121283
43 4.110158468934789
44 3.5286617715009614
45 3.337865900845691
46 4.12741086476726
47 5.057714390249994
48 3.3443827635662076
49 2.9783403719581547
50 2.9898112269800516
51 3.7083636220560017
52 2.9175844430596904
53 3.017794906851135
54 3.365408268865087
55 3.8307349990893274
56 4.68679831122513
57 4.4498468744110715
58 1.9165191802202746
59 1.173846304309988
60 1.4636470063595661
61 4.1048479365023525
62 2.17401117664117
63 1.911597079142878
64 1.915470456204884
65 1.0508977978263827
66 1.1156404143066225
67 1.9208621250031093
68 1.7038915579835185
69 1.5301876831230288
70 1.5574071829835185
71 1.9534953085996405
72 2.153386214823687
73 2.130167774807804
74 1.828640044456974
75 2.584487920324319
76 2.2864522461218844
77 2.0466796652859225
78 3.7815997246851016
79 3.9828860786738916
80 3.788711853017101
81 3.604709203753933
82 3.4784743972825614
83 3.7003409847910955
84 4.310962410540579
85 3.535297231340344
86 3.821838322866238
87 3.5885471928921993
88 3.243701762921424
89 3.050368822225542
90 2.8785615136632874
91 3.398802417725491
92 3.5783596446119925
93 3.2328181418209327
94 2.656561767213972
95 2.726950078321615
