7 0.0
8 1.5381530008194089
9 0.9639342933360707
10 1.3512918024720455
11 2.1879232157913204
12 1.7191891056496056
13 1.1189671476839695
14 1.0442658648955436
15 1.5828180551570616
16 1.2588075295677361
17 1.10745500335598
18 1.4870948815459741
19 2.5717138205254533
20 2.692598962420058
21 1.474939865198661
22 1.2188651277433347
23 1.4057212042237293
24 1.2335567305088007
25 1.5230970203499083
26 2.091623748262428
27 3.090538493844998
28 3.1130099775652607
29 3.306429130505925
30 2.8510942985653696
31 2.9128588343641746
32 2.6834005076525655
33 3.0075915688857213
34 4.1403316874156575
35 3.746309592978623
36 0.9757213816407672
37 0.9739191197959177
38 1.286613108446392
39 1.9759667391595666
40 2.388454107214348
41 2.7229025143885837
42 2.4270872628570626
43 2.7722851258222176
44 2.905657561280994
45 3.6586409935390645
46 5.0441045669909546
47 5.578026861214736
48 5.391009790334014
49 4.06902121479003
50 4.548404005936535
51 4.477890516502984
52 4.397842802436078
53 2.1994666572659844
54 1.4472157025483356
55 1.7682904488860736
56 1.3384726294646345
57 1.2078970464636223
58 1.667636570112151
59 1.747607600407034
60 1.652839110466661
61 1.5386201711299936
62 0.9182378617806868
63 1.9622637645530228
64 1.6063075687501402
65 1.4352959542006662
66 1.0928304437478091
67 0.9299523635394529
68 1.158387340674109
69 1.1486283384154896
70 0.8885107646088705
71 0.9275235408537919
72 0.7627970230258204
73 0.9620331736335012
74 0.90246786037578
75 0.978591401032092
76 1.3387443542141484
77 1.521526142669147
78 1.7567424705525243
79 2.163102013856738
80 3.5107346845472853
81 4.8508385954265805
82 5.792040514452327
83 6.459462244133128
84 7.6866802776714005
85 8.346514637558144
86 8.39103857509124
87 7.988675918530693
88 7.78517201277459
89 8.237703636608758
90 8.217101530220521
91 6.956815606000861
92 6.046906890113375
93 2.998795971826091
94 2.7073666503753877
95 2.741777598179317
