12 0.0
13 0.5696072251593609
14 1.395499721519546
15 2.7022110108503505
16 1.685225363219627
17 2.1233619543506723
18 2.297045909924496
19 3.0831041504413124
20 2.0587688646925897
21 2.1101687030932186
22 2.033047779575897
23 2.0124351904465683
24 2.127376649620835
25 2.8283193931682074
26 5.367786016184401
27 3.0943510047282548
28 2.179470494279998
29 1.439472072619322
30 3.7614913680063977
31 2.9646424642706375
32 2.4344493879132383
33 2.352061656762834
34 2.7949390481621457
35 2.215224940368841
36 2.343590496783962
37 1.585817746971669
38 0.9447745860031809
39 1.331673320683865
40 1.4059883400724307
41 1.5203641553852378
42 1.5453591754837015
43 2.0870496876359375
44 1.1570934154847026
45 1.6359317633697732
46 1.7423282240118432
47 2.467331782161251
48 5.904805614758214
49 3.503481209271838
50 2.5357613299919497
51 1.9858805578644638
52 2.9939081606656974
53 3.152006873432778
54 3.0607951863198686
55 1.2185444455907368
56 1.1806378580835821
57 1.1445664753074698
58 1.1622215098954545
59 2.793161352169485
60 3.447923970488532
61 2.4697124897477334
62 2.5410263308154124
63 3.3025017119447226
64 1.5409367045195879
65 1.24466652994809
66 1.707863685572439
67 2.1376921753762175
68 3.986488272953962
69 2.3762920487486245
70 1.0916679383780152
71 0.9127789633540294
72 0.6153776143653524
73 1.1389094185753526
74 2.036776491615986
75 1.1716209899461125
76 1.1954531152480283
77 1.2867542190287278
78 3.068293336510226
79 2.199317905833827
80 2.07861383026605
81 1.7702237751462804
82 1.912196203867828
83 2.7894061768100222
84 1.7542827844253563
85 2.2169120931570268
86 2.76020575909688
87 2.877121742343878
88 3.6570688338664907
89 3.174974552081081
90 3.814192696257299
91 3.9248185127631405
92 3.551181279903783
93 2.122227890217381
94 2.0646855114304166
95 1.995183631060128
