7 0.0
8 1.5985589560691822
9 1.407920778431442
10 1.0462544606113975
11 0.747694665938868
12 0.488290602969161
13 0.6418944576070967
14 0.6390929451741063
15 0.6096478227699076
16 0.6653421754663932
17 2.0027931800690633
18 2.0542558423854067
19 4.141545304821803
20 3.8202907290268273
21 3.6693962198875996
22 3.1266606371200867
23 2.6337751637524742
24 5.672240902943988
25 3.0349362352076104
26 2.1692181120886227
27 2.159061125186472
28 2.10520083869838
29 2.1200189009845882
30 2.0706854947519098
31 2.9741879075609985
32 3.331158536533593
33 3.546378986968006
34 3.6977945039834594
35 3.311933073542892
36 2.960167144981366
37 2.7889711611146453
38 2.8037377300719495
39 3.675795843390057
40 3.8867468742976605
41 3.8965290495462472
42 4.556280904899262
43 5.3610135224886495
44 3.7703157171362096
45 1.9383638968513108
46 1.270774178531245
47 1.5282834561074559
48 1.27389573970885
49 1.144178200739115
50 2.1551182242185365
51 3.5616116857870495
52 2.0704612669796707
53 1.7474176535445225
54 1.3596670408225933
55 1.6550140690614645
56 1.8606941788458742
57 3.1829101496424532
58 3.806623203175204
59 4.005701025897532
60 3.754320703237922
61 3.7189931630275908
62 3.710405144563272
63 4.086130259210286
64 4.750413561921993
65 4.332719852591681
66 3.910673111594209
67 3.223464756886347
68 2.3045754105847758
69 2.2064304839350353
70 1.948943883463329
71 1.8051143681739896
72 2.2629656886208354
73 2.1499871582535968
74 1.6193039414878552
75 1.8678196740035187
76 1.8419482563083442
77 1.715861060476981
78 2.01221977232777
79 1.975231621972842
80 1.8282465036935602
81 1.9126612998302241
82 1.9861745639890225
83 1.9581481315487934
84 1.889570605418141
85 1.8891670039089081
86 1.8941676248022075
87 1.8906053553769484
88 1.8745517574119606
89 2.454660559388182
90 2.3294327172119127
91 2.5488184368691758
92 3.4574616213461895
93 1.9828659964222122
94 1.8077365778014878
95 1.2730604893011113
