7 0.0
8 1.3838548744948636
9 0.6291069855866104
10 0.455660063191143
11 0.5353067273445729
12 0.659032224111167
13 0.6243967150755817
14 1.026758506727456
15 1.000861351868465
16 1.0050526841627194
17 1.0163731498530297
18 1.4802442099274182
19 1.406641720859662
20 1.2616644546962956
21 1.279567951610023
22 1.3902673033741735
23 1.5017935420402841
24 1.5952001455873839
25 1.5623747830545478
26 1.635280509110691
27 1.7378251070782693
28 1.7054620034282135
29 1.6563086934962965
30 1.9129613966957544
31 1.523627913518594
32 1.4469446823514536
33 1.6037227046531195
34 2.8657140608743097
35 3.2534771353801837
36 2.9460948959120588
37 4.307423343668294
38 5.141186231129045
39 6.957098017167488
40 7.458941229647896
41 4.841480384499418
42 2.2308077997198628
43 3.451583894369358
44 3.73099303668352
45 4.305154770429033
46 4.766078747221537
47 3.90108881288729
48 2.487810042512639
49 4.02204486598141
50 4.232439817131894
51 3.7373796257325558
52 2.854385743208263
53 2.133158157217599
54 1.3664076479826173
55 1.2419082873921667
56 1.3729977937123696
57 1.6363341260920699
58 1.9836034249347538
59 2.477124380562048
60 2.8059605023068035
61 2.7465941210383926
62 2.124332987704819
63 2.9463633226593733
64 2.3704888905977732
65 1.5047908885070624
66 0.8515244626149682
67 0.77673550489816
68 0.723580722271185
69 0.4129818687463413
70 0.9293763685732555
71 1.4484749402510009
72 1.8707565974722336
73 2.341906990731279
74 1.985357311019128
75 1.9055049553285062
76 1.9502617751935774
77 1.9895354882648002
78 2.221209593073286
79 2.3951700864057863
80 3.318501513553566
81 3.4262502185723895
82 3.2200205306761625
83 3.182826218364482
84 2.952873420974998
85 3.025693044938801
86 3.668420265290659
87 4.1579701723993745
88 4.882486381371085
89 5.527293176984241
90 6.017417457166212
91 8.031904796415665
92 8.506011271397988
93 4.906413866958375
94 4.306097008925637
95 4.207722598464525
