1 0.0
2 5.387925904214552
3 2.7666102844126197
4 0.946677890152238
5 1.0631685858838211
6 1.1741073127911235
7 1.4487329933356374
8 2.2735894425122862
9 2.191300020862503
10 2.8237216000520062
11 2.865436286641119
12 2.075569689077328
13 1.763372482582724
14 2.11405698675479
15 2.0887809476417547
16 2.4173022176774466
17 2.555060161663183
18 1.8640223189750926
19 2.0970068520849448
20 2.12625075949911
21 1.919244675471333
22 3.348395570193553
23 2.270066932629289
24 2.8446529434306695
25 2.895214038383875
26 2.871001181638854
27 2.7664369321146665
28 2.7769892192078847
29 3.570957031433883
30 2.835815397198486
31 1.6714526380390886
32 1.6884989554941485
33 1.9313234488826954
34 2.4712341719030335
35 2.79121419746308
36 2.255165061403001
37 3.2470152792249993
38 3.395821846812588
39 5.143991408328673
40 6.22577263530064
41 6.230768366096893
42 4.24379037500154
43 2.623798959215562
44 1.5719899436909481
45 2.4930854934520967
46 4.7638936113272505
47 5.618560535120132
48 3.1109002755734068
49 2.244286798867138
50 2.0818020439314093
51 2.5530014796180818
52 1.9259663892361556
53 1.1253290725192435
54 1.8947914319900787
55 1.578503284377007
56 1.6984957002734586
57 1.823410479344538
58 1.5161247217209866
59 1.0158510560955285
60 0.7207455786268058
61 0.9142525100680573
62 1.952874846598884
63 2.0070923948477657
64 1.64870433882517
65 2.2814702933336184
66 1.6432710975474636
67 1.0898580260410173
68 0.5505267894794215
69 0.4730947460433246
70 0.4769988069573611
71 1.0658740682236618
72 1.8514549373604086
73 0.7755229559264798
74 0.8154034886463686
75 0.6704466981507418
76 1.4552448443308985
77 2.107414586690366
78 2.2918485796099235
79 2.095078017928677
80 2.208497571528484
81 2.650219127736954
82 1.8632919462452733
83 1.462400330985101
84 2.9287801454611224
85 1.6624946705813493
86 1.5810825730158442
87 2.3698871060385573
88 2.658067839673981
89 1.82833396303897
90 1.278874599320077
91 2.005518250150086
92 2.020649113753974
93 1.4699580051174872
94 1.4849626036952561
95 1.4290881511013414
