17 0.0
18 4.738448730859533
19 6.533710548763409
20 6.12916570090337
21 7.824921209263474
22 7.073187901705957
23 7.510059941756309
24 8.065386581219098
25 7.950050022504755
26 5.4163937614566375
27 7.110887036467
28 7.3201392546129
29 6.784667433561658
30 5.6725859179716664
31 6.0915727896907
32 6.307333820255971
33 6.207981376997485
34 6.129254264026575
35 4.886164171609922
36 3.6837508110445083
37 2.1271446381285646
38 1.28118088554783
39 4.539386700509912
40 4.536280546824091
41 4.499631065965135
42 4.043920545950478
43 4.484344090232019
44 4.478398989390845
45 4.752082882361495
46 5.663391235111393
47 5.784563334283153
48 6.0464080202371635
49 5.766236378397762
50 5.426882584624463
51 5.440737422801967
52 4.137050882622454
53 2.913772899403791
54 3.863497606643054
55 3.8403361651221974
56 4.8054746775306185
57 5.23426970550281
58 5.7032266717282525
59 6.504795289578842
60 6.058733288290622
61 5.212955903139053
62 4.377230366543103
63 4.848832405870232
64 5.343083888809891
65 3.8999685359629015
66 2.354758858739217
67 2.222329410493467
68 2.689162945669634
69 2.694714795054232
70 3.5693055061370167
71 2.9877351436083264
72 2.5489852547255327
73 2.606622769107636
74 2.879707906559446
75 2.6128530022710694
76 2.5930035491951013
77 2.9460655275144028
78 2.9761781483530325
79 3.7953670300371964
80 4.687128295419469
81 4.295677894454093
82 4.730326552743306
83 7.464220847386564
84 6.228773210096995
85 5.76248043592639
86 5.763833603980299
87 6.145294951971895
88 5.88075361935245
89 5.483069586226502
90 5.258581634265759
91 5.787517574493412
92 6.443847989529441
93 6.546479445498139
94 3.402155795573952
95 0.9179349798501543
