7 0.0107011586113271
8 1.3779304509401282
9 1.0651643274512506
10 0.9382300133835699
11 1.9709040242159375
12 2.0061891569162063
13 1.4963898667262154
14 1.5114260828695973
15 1.3495380981320255
16 1.8143310950439189
17 1.5899029764907417
18 1.7462439145486772
19 1.6203625687385597
20 2.165509070454041
21 3.026586200367486
22 2.238380955960484
23 2.863339792494324
24 2.767041019670885
25 2.2234594400594436
26 2.0080103436287997
27 3.1495184012339017
28 3.1774211623804747
29 3.02398334056267
30 2.1340388519217313
31 1.5331211746675935
32 1.7063380918505684
33 2.427650026128698
34 2.961076279938211
35 0.490284977931893
36 0.7815208668337129
37 1.6479486453835293
38 1.934836051995656
39 2.327472043252199
40 1.6204799096319693
41 1.3877543761266944
42 1.1263729679916155
43 0.6088306530364671
44 0.9754483723021725
45 1.4155825731555356
46 1.5071823826593511
47 4.23618390047907
48 3.0054919086949963
49 4.338712521828403
50 3.8210182258262972
51 2.12041185374221
52 2.853963728051115
53 1.830746528305414
54 1.9118252439836874
55 1.9002070622463054
56 3.051061153557124
57 3.129094330174776
58 4.281413138995216
59 1.7484022797817118
60 1.3594084356510336
61 2.7710871258778
62 4.034677576316754
63 6.664960008091297
64 8.100290017929082
65 6.463141249625462
66 4.330740345572394
67 1.667816416579175
68 1.2295519006084716
69 0.9610603908047223
70 1.45904183104043
71 1.3961375946458194
72 2.4513883554515137
73 1.992722353653635
74 1.8631730076220476
75 2.3810350887527445
76 2.4633596124775723
77 1.7955843955048643
78 1.6697985305796743
79 2.709261965822197
80 3.5045274071129904
81 3.7708263178354935
82 4.3615540629791125
83 3.7134320880457903
84 3.9178527324088597
85 4.9166944015086305
86 4.614782298506376
87 4.782099846105339
88 4.656179680483427
89 4.245908886944366
90 3.267863451250608
91 2.4986968423263636
92 2.532620431818993
93 1.593021306716624
94 1.2402068042032497
95 0.9678346837860663
