17 0.0
18 0.5417119650388899
19 0.4386154441803803
20 0.41631644789866273
21 0.8439985019227347
22 0.763472826487751
23 0.6839983581418981
24 0.6253665117128027
25 0.630763656080491
26 0.6714755839785993
27 0.8788763228005712
28 0.852999124712307
29 1.2761178927102161
30 1.0431521630091423
31 0.7071651359645328
32 0.788433379177548
33 1.0824487142398513
34 0.8760598502501558
35 0.5714729222401576
36 0.5281461738269474
37 0.5449429505843832
38 1.0243405921231465
39 1.0443553833318415
40 0.9400666156333791
41 1.384400651545193
42 3.5851462290784633
43 3.377407860488473
44 1.7056301503325335
45 0.9901248492898972
46 1.0205094505320949
47 1.1642705881406972
48 1.271544830446593
49 1.70170158109152
50 1.6333099059512801
51 1.49624408879339
52 1.0440858101349684
53 0.9846394807060999
54 0.9296063537719108
55 1.3766629974072049
56 2.513396985740529
57 2.210289774084423
58 1.0569051103080194
59 0.6468206906286161
60 0.5797794838754434
61 0.5757668563742128
62 0.5965138533993791
63 0.6682566518324365
64 1.0992983767587032
65 1.0516141722716232
66 0.8234581487277091
67 0.9048262109884369
68 0.9602977397390305
69 1.0354432505678726
70 1.1318458687979982
71 1.706207598583396
72 3.436493506523925
73 2.023952979104964
74 1.0457741150193924
75 1.0304104803290124
76 1.074353914065566
77 0.9391151781536416
78 1.4326541028951496
79 1.9221326565221026
80 1.919958984434213
81 1.4428971690883114
82 1.3333088762773146
83 1.3267895191950612
84 1.6972210248804702
85 2.0365370387884343
86 1.9694327163320118
87 2.15209690739964
88 2.988949347629203
89 3.4629770621559657
90 3.7371953820655093
91 2.7723423292453204
92 3.460172945634121
93 3.73804695743118
94 2.394171987029105
95 2.1305210781956005
