7 0.21879046314768244
8 0.9839121289912238
9 1.2663222139533716
10 1.5664547432213565
11 2.067930001319683
12 2.817649473394531
13 3.3017253775164517
14 4.127404678873132
15 3.2346931001710035
16 2.7214007135720424
17 3.5420823933123327
18 3.9436723272279552
19 3.471593344781175
20 2.7280221445629844
21 4.213504236861638
22 4.176076905536344
23 3.732517989264622
24 3.6056311632913136
25 3.724046223790223
26 3.8548147118026193
27 4.035234397075068
28 4.093947075886231
29 3.7945218481075838
30 3.1002628889160997
31 2.396074719823659
32 1.5228561695060854
33 1.6515087157351709
34 2.592942151245187
35 2.441451886368851
36 2.7868751074717655
37 2.582313081954965
38 2.001841400338706
39 2.11819278502669
40 2.5247863825266434
41 3.889218309052722
42 3.934721224099924
43 3.899233335675807
44 3.830426838630494
45 4.218580822829099
46 4.228135178135977
47 4.868236032831128
48 5.121318418397603
49 4.954815955610939
50 4.485352340835519
51 2.0545743020206935
52 1.9717983436707327
53 3.2271282248488995
54 3.3971195272349988
55 3.535994210954812
56 4.382103933729589
57 3.08319854003045
58 2.605179577088663
59 4.885606009394314
60 4.6552470575882765
61 4.6345858356128735
62 3.9545658140918936
63 2.17431851148153
64 2.7656903355213522
65 2.6638473831013334
66 1.1229762679719917
67 1.7015957587158932
68 2.191808328657302
69 1.4358812289677019
70 1.0758203381244236
71 0.6720919789230271
72 0.3504379543703476
73 0.6240856576760875
74 1.1739529545999263
75 1.2123032435918366
76 1.535542234805468
77 0.8673530350002513
78 1.0568402978793023
79 1.1364840845586526
80 1.6154373360216396
81 2.4639372926905327
82 3.0874450421672113
83 3.0803937113041555
84 3.971654283373206
85 4.994202757343569
86 6.069614593271693
87 6.075276169928996
88 6.588567011273191
89 7.869815940689697
90 7.745331567964757
91 5.572559038326624
92 5.2545600341914325
93 3.4948522922919274
94 3.448753196807773
95 3.462878589949329
