1 0.0
2 6.504005240947081
3 4.935857890098906
4 1.2848413178351452
5 1.0528500248614463
6 0.8084592393518648
7 1.055422148811811
8 2.2252652296171367
9 2.1163260620271123
10 2.2314466596586007
11 2.22518377050682
12 2.411539604646972
13 2.406505693030663
14 3.0219512394524415
15 2.0410145057356637
16 2.0133920889330237
17 2.987525475923563
18 1.972178215656748
19 1.6848194764387072
20 1.5603097379582516
21 1.7216569755145574
22 2.8985576221564027
23 2.167393742588134
24 1.3030973781134092
25 2.0910529412879266
26 1.4800622107605657
27 2.4586507677265126
28 2.8990991727464537
29 3.1203013723712463
30 2.14226033712056
31 1.9232841328744446
32 1.5653074578118396
33 0.4266655660610361
34 0.6571171250867553
35 1.1664127635000585
36 1.993681756976739
37 2.933502521874333
38 3.206293167337916
39 3.565742150792439
40 3.1557581215537813
41 3.5496304416249083
42 3.0750454668445806
43 3.049521404287946
44 3.511486353684845
45 3.9868191068011334
46 4.292960997712031
47 4.470410060923691
48 3.77051342787758
49 2.9612817157662326
50 3.3630808662502436
51 2.9659860048678457
52 2.3503384740365805
53 2.6130041557719688
54 3.302525130902037
55 2.5499316879308775
56 2.5349569627064232
57 1.35402650946236
58 1.4606409926832593
59 1.087971318054387
60 1.0538963066589713
61 0.8001409929526923
62 0.919815864784122
63 0.7241430513894092
64 1.20766739919266
65 1.4066680300505894
66 1.2379656226107283
67 0.632285898134514
68 0.9178428198004597
69 0.6577127918465938
70 0.6869942000844316
71 0.8458655032811213
72 0.8724521706939138
73 1.32595899189737
74 1.0835097349275884
75 1.0030005804357214
76 0.7961852276296857
77 0.8418071783159874
78 1.097643552546083
79 1.6690186312256865
80 2.017280823531965
81 1.951504455642593
82 1.0447049729595101
83 0.911906946228011
84 0.8523147190969155
85 1.4487691907108957
86 2.718606465492367
87 4.878298186132326
88 5.031461002004325
89 3.815886268407392
90 2.315167909917912
91 1.466281910773966
92 2.680698271479314
93 1.6738836479923815
94 1.1964926110543155
95 0.7076694222651755
