0.0 0.0
22.556575695976992 1000.0
717.6952160522725 2000.0
1354.6148177871348 2363.0803982651387
1955.60870441779 2399.0061133693416
2618.218452868533 2337.390251549257
3208.856290815448 2409.3621620530857
3795.747395698404 2413.108895117044
4448.0238640672505 2347.7235316311553
5115.441085213496 2332.5827788537526
6007.2522751082215 2108.1888101052755
7267.852329868066 1739.399945240155
8502.690850509105 1504.561424599116
9241.365888298184 1765.886386810037
10352.591211269204 1654.6610638390125
10979.095156350033 2028.1571187581812
11713.159395564559 2265.9357607854745
12379.526881790738 2333.6325137738195
13096.274341256365 2283.252540534374
13713.717606297443 2382.5567349589273
14234.830798973033 2478.8868073244103
16086.621625267524 1148.2091737055111
16809.978148730315 1424.8526502427176
17228.64076434001 2006.1900346330244
17652.39725615858 2576.2435081814297
18133.99808055544 2518.399175603136
18611.825735591316 2522.172344964121
19076.3213988949 2535.5043366964155
19547.101906144053 2529.2194927508503
20017.232356455435 2529.8695496886185
20497.136329789235 2520.0960266661996
21039.937677978483 2457.1986518107533
21829.827902070465 2210.109775908012
22715.380403759074 2114.4474983113914
23727.339335865967 1988.041067893109
24622.449391260543 2092.931012498533
25236.694975001537 2385.7544162590048
25883.783138744686 2352.9118362568524
26513.028273548003 2370.754865196678
27052.92617775497 2460.1020957930314
27621.63286231244 2431.293315442532
28358.65925437781 2262.973607934631
29008.737693697527 2349.9215606802813
29779.737913971843 2228.9997797256847
30591.56690089946 2188.1710130723864
31251.9531361302 2339.613764769266
31866.760954531954 2385.192181598238
32548.43543168513 2318.3255228468224
33237.61202200754 2310.8234096775973
33935.214294156474 2302.397727851063
34360.486498326136 2574.7277958303425
34836.66547394871 2523.82102437743
37273.245560859716 1000.0
37681.73733719056 1591.5082236691514
38092.017475251836 2181.2280856078723
38516.5388881859 2575.4785870659316
38854.084411819334 2662.454476366571
39285.00942027855 2569.0749915407887
39697.15458077297 2587.854839505575
40178.07897901994 2519.0756017530293
40600.82950897801 2577.2494700419315
41158.18274988785 2442.6467590901575
41715.65427135613 2442.5284785317217
43539.83632224988 1175.8179491062476
44990.35131033589 1000.0
45686.01993269785 1304.3313776380464
46217.382432909624 1772.968877426264
46715.89997888284 2274.4513314530504
47275.059920300824 2440.8400585820154
47873.89896463985 2401.1609556609747
48659.436220810145 2214.4627438297052
49433.225472525555 2226.2107482845845
50028.809570919846 2404.4159016057065
50601.86843299073 2426.9411379291196
51210.941172914325 2390.927260076398
52302.15433958576 1908.7868333285687
53861.96482063299 1348.9763522813423
54395.17985062158 1815.7613222927514
54939.485834049054 2271.455338865275
55371.36020111925 2568.1256329297985
55917.773859225796 2453.5863418934496
56591.674563029774 2326.099296196029
