0.0 0.0
31.719963698084186 1000.0
734.3819411871817 2000.0
1389.7667834706056 2344.6151577165774
1967.6636810070622 2766.7182601801233
2569.4885962797107 3164.893344907478
3218.084497895038 3516.297443292141
3919.5495859136463 3814.832355273498
4570.138717601302 4164.243223585848
5209.780429719672 4524.601511467469
5830.683339504985 4903.698601682113
6469.244055810698 5265.137885376418
7107.452516789433 5361.79153902132
8178.544804181652 4928.907712607805
9465.138118229643 4642.314398559845
10592.29704694266 4515.155469846803
11266.856546720817 4840.595970068637
12294.785238154414 4812.667278635033
12959.745467634351 5147.707049155118
13611.61195888531 5348.1335087490825
14235.114954398108 5376.497004487252
14828.824624777513 5406.29032962063
15410.767901490612 5418.056723286909
15921.775154652361 5488.992746838251
17450.635435526594 4471.139719125761
18460.718581344412 4461.0565733079675
18847.402229315903 5074.372925336465
19234.78811352512 5612.614115790771
19667.617698730093 5567.170414795044
20096.670766011368 5570.946932718704
20517.945943745635 5578.72482226572
20928.355105895684 5589.5908378499125
21373.65644520155 5554.698660694124
21865.66447355779 5507.991971643826
22362.35780116149 5503.30667239636
23054.435132876384 5307.922668285147
23948.84092503112 5105.59420784529
25022.72446236659 4926.116462664559
25792.891421709195 5155.949503321971
26410.642554167072 5382.248867542151
26984.974298207242 5425.6682559598285
27575.37802372078 5409.596274486457
28118.100166966673 5457.277856754065
28676.275899304354 5441.824267662286
29345.55391509118 5330.721984213178
29962.807915503356 5382.745999587853
30662.793051305896 5300.014864197407
31410.065810037835 5252.72724126796
32061.311868661945 5348.753941375854
32655.543245495926 5405.768623166011
33242.60743866717 5412.93580682876
33880.235960776954 5362.371477890212
34521.31003116657 5358.925929610348
36312.256040532426 4209.053990634144
37439.03854205104 4082.2714891155256
38465.30938875147 4056.000642415113
39494.550505206076 4026.759525960477
40402.98092863506 4118.329102531503
41200.99241316022 4320.31761800635
41975.99472434764 4545.315306818956
42703.2740336264 4818.03599754017
43373.320677023694 5147.989354142838
43988.21891225836 5385.101764765328
44685.892557373874 5302.3263548844825
45653.857873113135 5032.034684260705
46510.119170538295 5143.738702574897
47236.51184003143 5273.607330506957
48019.0402308282 5217.4716092031795
48444.24023595798 5574.799994870192
48698.32170428419 5745.918531673733
48879.93854470208 5818.383159582147
49079.55652556002 5800.382019142047
49311.0823412726 5768.474184287444
49540.21719174939 5770.865149523249
49850.962960212004 5689.254231537338
50907.87867371076 4943.084286501169
52021.694883614306 4829.2680765975565
53147.38134135086 4703.581618861028
54454.73803621724 4396.224923994699
55664.30562181991 4186.657338392028
56655.77721965391 4195.185740558038
57510.614263165444 4340.3486970465
58495.30147776957 4355.661482442394
59614.57382109399 4236.389139117992
60416.7123024034 4434.250657808587
61122.56226577267 4728.40069443937
61829.885206041065 5021.077754171005
62521.525528396276 5308.359677644798
63226.879539384936 5294.64598901134
63991.145248067856 5235.734291317067
64741.4276260503 5249.717622017529
65543.14519103241 5198.28243501787
66155.82920687646 5387.315984155985
67049.76917573139 5106.060031145079
68009.10512261894 5040.6640531124285
