0.0 0.0
62.21362765991121 1000.0
707.4857807079067 2000.0
1461.6219014746607 2245.863879233256
2030.9646904582362 2676.5210902496856
2168.150868963338 3539.334911744592
2324.7953641479603 3843.3555048153776
2495.925237135974 3828.8701270119827
2642.511445055884 3853.4137920800895
2821.036710710656 3821.474734345215
2994.179539307993 3826.8571714026666
3192.0812219360546 3802.098317371941
3432.6408922956352 3759.440329640415
3789.323059066277 3643.3178332293605
4698.8489685370305 3090.4740905292465
6135.906039658903 2562.942928878128
7581.2993378555175 2117.549630681512
8215.074231084995 2483.774737452036
8734.670255906396 2964.178712630641
9249.058034215177 3449.7909343218575
9805.201636380652 3443.8563978345283
10477.768801756562 3327.4328346240945
11237.705305159787 3240.0634965967824
11898.80156589668 3338.903739263112
12425.823043654424 3472.9785222422606
13053.07358020753 3372.749463446903
13889.78890543258 3163.284674774945
14966.530637533873 2923.2582678987014
16429.957334863993 2459.8315705685814
16901.15458302095 2988.6343224116245
17422.028514352485 3467.76039108009
17872.811380684365 3549.217133668122
18500.92733559815 3371.8840450862185
19245.33490462455 3255.5924309736083
19895.58640858904 3349.7484960355114
20448.478707169063 3447.107701419969
21023.413244514897 3425.0654626541505
21746.673880897477 3276.7393636174234
22438.73115662269 3307.9427242747984
23502.97206096664 2935.759095656048
24722.140603867152 2716.5905527555387
25933.391930597198 2505.3392260254905
26458.838561162247 2979.8925954604474
27033.664928985676 3405.0662276370167
27660.43934708415 3373.2255819015263
28383.387515036484 3277.0518320476617
28998.15569201733 3385.231823019152
29709.747756868514 3288.4079351488194
30288.09790904431 3421.649847824206
30873.986210135223 3414.111698909087
31358.6085528131 3515.3776573221107
33139.915715535026 2218.6928372780785
33929.50684153121 2429.101711281897
34455.88343222441 2902.725120588705
34914.449025078226 3444.1595277349
35336.707087304356 3577.7419377738697
35816.362959391816 3520.3441279125423
36316.38635456883 3499.9766048229885
36781.622871973144 3534.7634825956875
37249.64521487116 3531.9776571019847
37758.388692780645 3491.2565220905153
38498.2461798938 3260.142512886844
39778.6530951846 2719.5930847092136
41022.288970198744 2475.957209695067
41805.25812582204 2692.9880540717804
42907.40683522295 2590.839344670856
43565.13589996039 2933.1102799334203
44224.16064608039 3274.085533813424
44880.64243388792 3343.518212192457
45525.77352996879 3354.868903919132
46133.857502160005 3391.9160278087866
46697.75390579414 3436.103596365866
48390.62113861018 2307.1327671839626
49292.07988091659 2405.674024877545
49670.03135408996 3027.7225517041843
50052.22223061021 3617.8091234797516
50541.701146351596 3510.5210842586184
50994.99109498371 3546.71005136789
51420.09786970083 3574.893225282862
51828.57809176617 3591.5197779346677
52358.27655911847 3470.301532647697
52903.02542826163 3455.2511308568455
53464.43538505158 3438.590043210045
54175.985911430056 3288.4494736215247
54984.11307720599 3191.872834224059
55975.931080341965 3008.181996864023
