0.0 0.0
22.075184278442833 1000.0
650.6410660043282 2000.0
1236.048624459691 2414.5924415446398
1771.8154754334823 2464.23314902621
2453.921645941937 2317.893829491541
3121.6772610601515 2332.2443848817866
3703.8499050529113 2417.82735600724
4278.466311933338 2425.3835931195727
4858.071753070018 2420.394558863318
5681.472601421718 2176.599151648302
6962.394013875308 1719.0785875464076
8154.824314328913 1526.6482870928035
8868.923179823472 1812.549421598243
9911.921570932544 1769.5510304891686
10666.811129431355 2014.661471990356
11419.863679754342 2246.947449677014
12116.774054485342 2303.089625269
12810.280025807933 2306.49402867741
13483.275341734807 2327.0046840731284
14055.533303443233 2427.7420382915734
15704.962089886518 1350.5712135567178
16702.223567310637 1353.3097361325986
17113.045601385857 1942.4877020573801
17537.972243771273 2517.5610596719616
18042.758974734566 2495.213269036704
18504.52076460393 2538.238210130633
18972.116363817444 2532.4044007864873
19451.252285204802 2520.8640786126434
19966.686147159136 2484.5661380456686
20499.682673677835 2467.0034734813044
21084.98755267403 2414.695121003805
21773.82593089175 2311.16162178228
22589.25227005797 2184.5736608337857
23574.192471864062 2015.059798193911
24427.998415303606 2146.1940565604546
25069.520099433805 2358.4783158697974
25659.655848671064 2409.864250762742
26267.54237224936 2392.1134764216986
26817.84957666695 2449.6927955824076
27382.226942189143 2435.6226344778092
28067.678900160914 2314.548042028232
28753.69077777125 2313.9881223896573
29448.27149724144 2305.4192805298117
30237.820613602762 2210.4508836386826
30925.3716756607 2312.448937942061
31591.509205001297 2333.862470659399
32198.180715991246 2393.3284890100495
32851.864075599246 2346.3166403919986
33514.39342172247 2337.4706538767837
33994.93085952995 2519.4625621925047
34313.007997337314 2681.9228621926395
34703.18664148099 2609.821355856322
35122.574744954676 2580.611896526323
35588.49684982949 2534.0778951251887
36095.4188955593 2493.07795427019
36611.60951445864 2483.809381100651
37304.57642316963 2307.033091289014
38028.42268364097 2276.1537395286564
39584.87918105924 1443.5435025817346
41402.419160829406 1000.0
41982.746871101976 1419.6722897274312
42515.1053818424 1887.3137789870068
43010.03093008868 2392.3882307407257
43479.539168887284 2530.491761201392
44063.886049040404 2415.6531198468783
44785.79298795289 2278.0930610875153
45428.96762338648 2356.8253645664017
46036.08741904014 2392.880204346344
46624.36089928025 2411.72651975989
47707.580637015606 1916.7802622646375
48642.06232248735 1982.2985767929003
49146.21844145936 2478.1424578208917
49704.35947981227 2441.8589616470813
50337.53133791979 2366.8281418924807
50701.84021089374 2635.691127026049
51219.146363014086 2482.6938478796483
51737.188801721255 2481.957561292838
52250.37952811033 2486.8092736109247
53059.272257669654 2191.1072704406797
53597.76384712274 2461.508410546915
54952.53970676805 1645.224140354689
