0.0 0.0
64.8879791918101 1000.0
649.6249757317097 2000.0
1256.98368204554 2392.641293686176
1923.9079638340618 2725.717011897659
2100.423801205518 3549.2011745262057
2244.013810156819 3856.409991048701
2393.9823257038124 3850.0314844530117
2533.351522474207 3860.630803229605
2675.4903382656694 3857.8611842085334
2845.008844971321 3830.481493294351
3035.3764188514474 3809.632426119876
3267.714270363727 3767.662148487711
3595.8334669755677 3671.880803388157
4263.415258856837 3332.4182081187346
6067.737491125263 2195.677767731576
7306.772986205194 1956.6422726516473
7940.7499072541505 2322.6653516026945
8475.171641961297 2788.24361689555
9001.804159780973 3261.611099075871
9556.355296944279 3445.4488628366976
10213.726367962132 3342.628928982154
11045.76014770776 3167.966220254378
11726.574029561101 3319.1861181466647
12345.09818246408 3381.4758470970305
12970.971099145558 3374.127083318533
13853.903355136175 3117.067744009388
14949.168122557325 2904.735232578846
16425.297208823813 2428.606146312358
16914.23393332972 2939.6694218064486
17364.42065644068 3489.482698695488
17869.201133992232 3495.2195224484503
18388.817811152334 3480.3833228399
18990.23733872294 3398.580472429398
19568.638298382615 3421.5990403403284
20147.98836442237 3420.6499339602424
20649.024324066588 3498.9640403557746
21315.300027276164 3333.7242967904217
22026.800436803143 3288.499590473027
23160.498939850495 2866.3014969526425
24404.283991540833 2622.5164452623194
25589.71820789704 2437.082228906113
26137.15010510279 2889.650331700366
26649.120969493924 3377.679467309231
27241.483515289652 3407.637454204272
27870.715587180403 3370.767928109248
28516.35437485998 3354.3612123204243
29206.27308631762 3310.0812885423643
29841.951059570194 3364.322026747428
30403.54754222231 3438.403517347884
30977.56141656262 3425.9861256596873
31408.078401652834 3569.483014909793
31696.073661441114 3712.0047402117157
32244.060633409135 3452.0130280319677
32695.164305269056 3548.8963281400756
33098.72543228003 3596.4388729890206
33545.050125966416 3553.6753063136143
34403.585322821025 3141.4648031453808
35181.26577302586 3222.3195497951597
35726.856697570634 3454.4090754552244
36371.991849694496 3354.8648478761297
36844.32805089752 3527.6637987969693
37418.8611962332 3425.4668546643297
38161.559051946046 3257.3021442871513
38979.59928763008 3181.959764315964
39775.22544175851 3204.3738458715775
40721.12938819901 3054.0960535595095
41480.34823666096 3240.781151538056
42922.790688253765 2557.557548407191
43715.532854510195 2764.815382150763
44506.71062402142 2973.63761263953
45371.73220125232 3108.6160354086355
46126.36989022279 3245.3623110295284
46774.18515688809 3352.1847333346923
47529.64439379008 3244.5407630980103
48243.226733915704 3286.417659874377
48989.416667935264 3253.810065980437
49692.274651314794 3297.1420166204666
51431.383816073016 2260.8908352417784
53197.544691737254 1494.7299595775412
54267.01793119804 1425.2567201167526
55432.617053251786 1259.6575980630028
56725.220502355754 1000.0
57344.61621104449 1380.6042913112642
57717.87595240753 2007.3445499482264
58075.49475296847 2649.72574938728
