0.0 0.0
22.72222164500404 1000.0
615.4703868085343 2000.0
1240.8362696846775 2374.6341171238623
1826.2629531863986 2789.207433622146
2499.060368432707 3116.4100183758333
3143.71099227513 3471.759394533404
3704.1729671854346 3911.297419623073
4413.366783164066 4202.1036036444275
5204.315932985559 4209.0508501784925
6125.947680761212 4078.3682522243344
8645.498151234258 2480.449529526939
9783.197710903336 2342.7499698578595
10322.039216246225 2803.9084645149687
10809.543510536654 3316.404170224527
11272.041118434558 3853.9065623266097
11753.409113836567 4372.538566924585
12274.014492504919 4479.394621331645
12866.930112147213 4407.084380357699
13553.429706444696 4313.500405702527
14218.231211284568 4335.1984951601335
14820.114255682607 4398.11695560195
15688.554044080769 4131.560211601819
16743.866048809305 3944.687995271469
17434.697057929017 4253.856986151767
17970.045511534652 4464.651546394368
18586.290262466824 4383.75524906783
19128.70730565186 4457.582956814989
19512.89105297085 4615.816252681035
20057.990153743616 4454.900899227252
20615.631952052907 4442.358201690703
21320.02182172143 4295.61013033145
22068.53723882069 4251.484582900734
23294.243887021123 3774.293351799558
24297.54738038724 3770.9898584334414
25028.4067841015 4040.130454719177
25620.29503708101 4408.111747020486
26129.159850489137 4491.135186591898
26667.105431308286 4462.05441918086
27218.626139000728 4448.479292307556
27670.884198080646 4547.741940920048
28129.83527580723 4541.048922273416
28612.093366278066 4517.741909529156
29040.617965248755 4571.4754010293
30159.940152177212 3880.677813071545
31406.779000639035 3633.8389646097185
32276.643343183798 3763.9746220649313
32969.874451796866 4070.7435134518614
33655.019462012104 4314.854989784769
34272.414298749754 4382.605163262348
34823.97770186433 4448.436596885416
35417.76085626223 4406.216845602099
36578.878786936795 3838.8820693254693
38151.72261067535 3266.038245586914
39312.3715718429 3105.3892844193697
40318.211753973694 3099.549102288617
41344.50299845488 3073.2578578074335
42401.40474004832 3016.3561162139654
43338.094513625656 3079.666342636611
44200.207191174704 3217.553665087578
44959.67599023603 3458.084866026289
45649.1205355844 3768.640320677924
46509.72671965767 3908.034136604632
47844.38425884124 3573.376597421026
48512.485041462256 3905.2758147999707
49172.211772353316 4245.549083908882
49802.2843242547 4369.927448098594
50425.91820096719 4376.366123287498
50905.310923396355 4520.607277570844
51142.779473282484 4762.531450113871
51439.350342877595 4703.4291304048675
51740.85634569994 4698.493997177639
51910.82651025758 4830.02983544234
52098.5288594107 4812.2976508468855
52637.7000002896 4460.82885912108
53039.655488927885 4598.04451136172
53546.63927772147 4493.016211206414
54128.46670497672 4418.172572744726
54725.83804006464 4402.628664912076
55283.082822203556 4442.75521786108
55940.364990880626 4342.717831322931
56674.02321204139 4266.34177883924
57432.120435837394 4241.902776203997
59121.512563528835 3310.6078723085557
60123.5545729312 3308.5658629061845
60913.98888073863 3518.1315550987533
61895.21907067054 3536.901365166858
62534.30395686743 3897.816478969967
63220.45893971404 4211.661496123359
63779.74967099826 4440.7092687157765
