0.0 0.0
31.721351430367747 1000.0
693.5223159824397 2000.0
1626.2658926259826 2067.2564233564544
2312.335944811184 2313.9299478147977
2873.624615530938 2438.7113292802474
3381.314387961832 2492.310227569109
3880.7986455938794 2500.515742367952
4560.967782239865 2319.8308633540128
5177.220933640137 2383.746848599727
5722.1496524599115 2455.071281180224
6216.013750256519 2506.135902203388
6815.997858201781 2400.0158920547474
7424.002085224204 2391.995772977579
8735.170071624585 1688.8320135996182
9474.034955703253 1949.967129520953
10150.3593477223 2273.6427375019102
10793.876443489418 2356.482904232886
11357.05088734727 2436.8255561421524
11954.572913610222 2402.477973737047
12438.877420445875 2515.6954931643404
12876.97573205346 2561.9016883924082
13473.03204431575 2403.94368773771
14007.6766780145 2465.3553663012476
14599.1522846147 2408.5243933997967
16119.564561085936 1479.5877235287649
18047.108577976505 1000.0
18971.58086792365 1075.5277100528533
19453.075392569226 1594.0331854072788
19938.562691245013 2108.5458867314906
20417.092497155867 2521.4701940891464
20756.045526522437 2661.046970633425
21073.95427669146 2682.0912498309726
21528.63132030377 2545.3229563876876
21921.648129342007 2606.9831909617633
22269.695716765735 2651.9524125762764
22646.269656812176 2623.426059953559
23090.824073526222 2555.44558328595
25018.029516608145 1072.7945569180738
26200.819997859733 1000.0
27016.85408378801 1183.965914071723
27376.445457760638 1824.3745400990952
27738.23316695742 2462.586830902309
28101.319175362867 2636.9139915945507
28432.34436899527 2668.9748063676016
28709.995425298515 2722.3489436967525
29033.916710519305 2676.0787147792116
29443.916180187673 2590.0005303316357
29813.746483220453 2630.169696967229
32209.298212967136 1000.0
33087.3459033437 1121.95230962343
33715.41628930126 1493.8819236658717
34270.423179930985 1938.8750330361452
34806.82748129431 2402.4707316728163
35357.68375310246 2449.1437281918597
36004.19388103179 2353.4898720706715
36594.14923222488 2410.0446488069088
37091.21543087906 2502.9338013458205
37636.89237215365 2454.323058725413
38312.45851134594 2324.4338608077087
39573.92880258349 1738.5297087624508
40858.43481639164 1454.0236949543055
41605.97275763925 1706.4857537066946
42745.16352025438 1567.2949910915654
43364.50609848306 1947.9524128628789
44017.42973479028 2295.028776555656
44700.65182901932 2316.7779057709586
45355.44386032023 2345.207968699091
45984.170329920875 2371.2735303993586
46562.23270326468 2421.937626656195
47911.0617109135 1651.1709923511826
49178.14378107862 1384.0889221860539
49585.30887491962 1976.9238283450588
50021.0609780073 2541.171725257379
50479.11994331558 2541.9410346917166
50926.40102965805 2552.71891365752
51369.34621835924 2557.0548112988135
51811.25842584163 2558.087792517608
52333.39121485246 2477.8672109891686
52879.64529097807 2453.745923874397
53436.054214332 2443.5910766460747
54105.49469230499 2330.5595220270156
