0.0 0.0
66.04404895520554 1000.0
656.6114159891303 2000.0
1276.6546019401374 2379.9568140489996
1668.028091519845 2608.6265104202957
1787.5624330468947 2880.465658472951
1928.9385225590127 2858.623910487881
2072.555318597653 2856.3832039613626
2248.7006637934164 2823.854654804234
2414.248445979542 2834.4522178138677
2609.122943205905 2805.1255027736424
2822.156180750064 2786.9667624558433
3124.085951643521 2698.0702291065427
3631.8577824646 2492.228169178923
4998.222184333016 1633.6355981315835
6427.968898958171 1203.8888835064297
7084.823628474955 1547.0341539896465
7567.714581518497 2064.1432009460996
8059.242783351749 2508.4717981667454
8559.706992219586 2499.5357911321616
9271.25896641843 2288.448025801159
10078.217004743923 2193.04196167451
10791.823296380679 2286.393708363241
11406.20950281697 2385.613793563705
12016.179642863182 2390.0298599537846
12855.251271760595 2160.9283711025864
13942.866086995766 1912.3851847648207
15378.18871913677 1477.0625526238196
15880.711559641866 1974.5397121187173
16363.680484599434 2491.570787161144
16890.020260208188 2473.660224391245
17476.785532926257 2413.2347272819347
18172.95148966556 2303.8340432606983
18823.221566467346 2349.7299231982124
19404.589487552963 2418.632078914382
19973.322493194362 2431.2669943586006
20682.88461049385 2290.4378827005107
21378.808335454924 2304.076275038925
22461.073353081152 1917.7349823737661
23830.043024647082 1548.7653108078318
24955.25820433584 1423.5501311190717
25544.00934061523 1834.7989948396848
26104.935136846165 2273.873198608754
26697.6411928086 2407.293944037566
27381.899808385817 2315.7413844227876
28080.900968641257 2300.998839744564
28713.41460704081 2367.4863616004495
29362.71376993555 2350.700837105258
29890.39187052716 2472.3218994083873
30398.97610907282 2491.4157614543346
32066.709706941412 1332.2664021314054
32915.13962465886 1483.8364844139548
33395.01978205564 2003.9563270171805
33848.86085272414 2546.1589293315033
34245.77526015672 2603.085592567414
34695.613438851884 2550.161821304827
35189.51938631762 2506.0940525342667
35689.67380279651 2499.8455835211053
36182.9012957893 2506.772507007211
36725.800400123815 2457.1008956654823
37469.60591179182 2256.1944883319934
38737.025603632836 1732.580308158994
40009.75881960427 1459.8470921875548
40716.07153075164 1753.5343810401935
41823.48105524215 1646.1248565496785
42489.32348921161 1980.282422580216
43168.817203674145 2300.788708117674
43858.91413309199 2309.90307058216
44463.83163050553 2395.08250258646
45114.81849063727 2349.0131398682583
45672.5601055996 2442.258385037674
47012.00323423201 1660.556871367597
48286.33480524676 1386.2253003528472
48706.20487186463 1966.3552337349772
49134.7202286993 2537.8398769003124
49633.998080540325 2500.7221481589704
50125.95134251932 2508.0467380209984
50602.06336384733 2523.887978671989
51092.85837496366 2509.2049888836736
51565.12979023666 2527.728584727005
52041.72503240272 2523.404757833938
52534.36566021155 2507.3593721911634
