0.0 0.0
48.48612296713673 1000.0
715.8707445146536 2000.0
1358.582877055713 2357.287867458943
1973.9131641388858 2384.669712916828
2672.9845911002053 2300.9285730386882
3367.549935584677 2305.434655515531
4058.846616254374 2308.7033193303073
4592.302540113112 2466.544076141261
5235.093478122204 2357.209061990906
5843.223706747781 2391.8697713744236
7137.812808290396 1705.410898457386
7781.223321103259 2062.00038564453
8431.336638645538 2349.8866824577244
9092.913300731718 2338.42333791382
9733.203930864755 2359.7093698669632
10150.86584633695 2582.3380845278025
10388.857613161974 2762.008233174971
10654.920393168733 2733.937219993234
10951.378910054163 2703.54148311457
11123.86987735504 2827.509032699117
11303.918681286126 2819.951196068916
11781.889300600043 2522.029380686079
12243.307366640345 2538.581933959698
12723.886507207691 2519.4208594326533
13362.48192352691 2361.4045836807873
13957.558731883148 2404.9231916437625
14515.209070192812 2442.3496616903312
15261.232971578873 2253.9760986139386
16086.70175007477 2174.5312215041
16837.727827818857 2248.9739222559115
18646.71554598637 1191.012281832486
19621.23158988 1216.496237938859
20602.098869398324 1235.6289584205347
21487.428447733797 1350.2993800850609
22185.568510071524 1652.1593177473317
22873.142902859996 1964.5849249588578
23498.518730742846 2339.209097076008
24001.48346628127 2497.0352644615805
24493.942809738444 2507.5406565428275
25067.01099870049 2426.9318110379536
26393.04458317194 1673.9664155285504
27687.375577252544 1379.635421447949
28468.280891636314 1598.730107064181
29078.70781717978 1988.3031815207173
29726.96185516817 2340.0491435323297
30282.341703311722 2444.620151856446
30803.03018445483 2479.3115188568854
31452.219654058226 2350.8105303966017
32104.674933077124 2347.5447209810986
33731.95769519648 1372.7172378806408
34373.085422108714 1731.5895109684054
34700.75226030609 2403.922672771024
35074.34734905305 2626.404911253043
35390.631781765 2683.7155672880463
35743.77562679575 2646.8561549692427
36134.575033225396 2609.2005935703555
36514.39173210991 2620.183301115485
36886.85270956238 2627.5390225475253
37296.12243261981 2590.730276942566
37867.91806708255 2428.2043655372618
39166.30712208113 1701.61094500142
40408.632300556106 1459.2857665264455
41124.43462597011 1743.4834411124377
42220.271790132276 1647.6462769502737
42950.028398844566 1917.889668237981
43713.940180195554 2153.9778868869953
44396.314012839335 2317.6261673562212
45072.84897352398 2323.4650393153597
45715.52099370464 2357.327979819344
46294.12260854539 2421.3983851592493
48156.32442846224 1137.798180083148
48913.05541425587 1381.0671942895178
49310.64497246892 1983.4776360764638
49750.51802158289 2543.6045869625004
50254.681918605274 2495.836102977612
50739.32391324354 2515.3580053617325
51211.567441963845 2527.756471279695
51722.3084372871 2489.2590046767446
52257.37469754437 2464.933739742735
52801.20597550138 2456.168722042992
53366.39866261541 2434.8073128859783
