0.0 0.0
48.94415511957227 1000.0
720.4670185607968 2000.0
1352.1223489343633 2368.344669626435
1929.9180049959546 2790.5490135648433
2491.624345071591 3228.8426734892255
3148.9583488042185 3571.508669756603
3880.5500677077716 3839.916950853007
4587.9688906208075 4132.498127939954
5273.888813109741 4446.578205451017
5960.66656938603 4759.800449174687
6623.889382151648 5096.577636409069
7254.424576867284 5369.464805284346
8044.911206702744 5209.513370164519
9344.931372953994 4699.979833748706
9964.0397183185 5080.871488384233
10584.609043452267 5379.430674866225
11182.07738493713 5402.531658515129
11792.443122904038 5389.6342620331325
12207.493181717025 5584.949941187026
12441.13343620433 5766.3597455126555
12724.772015883827 5716.361420320541
13029.779097552344 5694.992918331513
13219.511069482865 5810.268028069475
13416.347297557108 5803.163771925756
13933.802400526409 5482.544897030669
14358.552271996903 5575.250128529482
14875.730809571394 5482.821462425467
15438.095179842534 5437.635629728824
16055.272759847967 5382.822419994527
16671.98222906 5383.290530787982
17390.98599584811 5280.996233211921
18138.8741533109 5252.111842537224
18878.66453322287 5260.209620087989
20605.50509697494 4273.159436247914
21508.117669325722 4370.546863897128
22237.21764996269 4641.446883260151
23183.059180187392 4695.60535303545
23797.018200102062 5081.646333120768
24399.843127459924 5397.175072642107
24978.398664493285 5421.444462966592
25459.578132403065 5518.820532090196
25884.509916923875 5575.0682154792385
26406.208596661832 5478.301320262026
27595.066173492407 4811.142423169416
28848.825525448217 4557.38307121363
29597.81839370922 4808.390202952618
30175.147693988732 5231.060902673067
30735.76079357611 5439.386900412569
31239.199620871823 5496.561172704297
31694.180836824777 5545.018784047084
32282.384510739896 5411.796326084907
32941.26460126751 5341.119909472384
33452.04752325031 5489.217078017204
33892.16235506717 5559.885168183139
34531.73203375692 5360.430321310302
35627.62407357459 4904.107960182377
36446.393560364006 5085.338473392934
37058.93196573757 5387.461594626414
37597.826644315865 5461.105321421711
38149.49677830861 5448.329866007283
38813.59494034611 5335.901837962507
39434.961686389695 5378.63325395638
39947.15880467262 5487.8028817170625
40483.06253760886 5464.096267063773
41059.59975968359 5423.46277792529
41691.49989731298 5368.099862370583
43009.10784079747 4682.3920565153985
43755.43013059466 4936.06976671823
44390.56313047456 5300.936766838372
44988.54473876675 5402.01839170785
45511.51266776198 5477.032071004737
46053.11676059977 5458.395907162198
46548.3669859302 5504.749774669596
47041.11315231612 5507.253833614125
47630.84237232093 5410.270779995172
48145.982531944595 5484.859840376386
48762.8802867631 5383.102245181498
50121.37962228567 4641.500664477434
51958.46128221936 3804.4190045437867
52942.277410654 3820.60287610913
53436.85959001009 4326.020696753032
53897.36402505198 4865.516261711135
54374.61737004717 5388.262916715929
54783.42901149094 5591.188358556191
55102.49548589261 5680.933525598332
55411.85275604213 5690.642729850494
55807.78707804305 5604.065677999072
56179.56178105807 5628.225296984965
56561.541217549755 5618.020563508331
57051.28386518972 5510.2573523600295
58500.52072427163 4550.763140918112
59794.12507916545 4257.158786024285
60883.82894527792 4167.454919911823
61468.73943440678 4582.544430782961
