0.0 0.0
23.892373406137185 1000.0
716.9096075139271 2000.0
1344.989046564069 2371.9205609498613
1964.9057270668322 2752.0038804471033
2530.7952260616703 3186.1143814522716
3067.9285030396977 3648.9811044742473
3740.5362287194616 3976.3733787944384
4387.773811791164 4329.135795722743
5024.912244080156 4362.8615677110265
5640.747578843759 4384.164665236389
6240.004253372489 4400.743325471256
7264.912316249138 3975.0919371233563
8576.068822620402 3663.935430752111
9720.045475728059 3519.958777644449
10413.353164179009 3826.65108919346
11452.020335846963 3787.983917525485
12100.900414100015 4139.103839272427
12772.753400988946 4328.147013111075
13390.888129082708 4381.865271906233
13985.345807460528 4405.542321622193
14552.811947371982 4432.5338600885825
15040.490754341534 4512.321193030471
16477.68273737976 3562.8080169617724
17580.96775523286 3459.522999108692
17968.94374853174 4071.547005809839
18349.547701071337 4619.39604746043
18779.18111295421 4570.366588117133
19201.682675996766 4577.498436957454
19598.535273812773 4603.147402183993
20010.515701531545 4588.019572281227
20463.53300576243 4546.982695769125
20971.053037939942 4492.479967822484
21495.69113130686 4475.36190663308
22204.249627135196 4291.441504171678
23110.98185217133 4093.2677749638833
24150.148657229194 3960.8331949421467
24940.055200529292 4170.926651642067
25550.002447664043 4390.052752865247
26152.16765405455 4397.834793609487
26743.739122872455 4408.428531182091
27275.37666661468 4468.362456257768
27817.849862446976 4457.5268041677
28490.118187319284 4327.731675127683
29115.724851598316 4374.393335720961
29759.47463197167 4356.250219626645
30524.207389784293 4235.267242187371
31180.729536481787 4343.477853302503
31785.422863060365 4395.306673421446
32394.69574328438 4390.7271197759965
33055.36611453141 4339.32962875298
33703.43325927075 4351.932855260677
35504.94584158526 3198.4874176855114
37308.44683294372 2394.986426327061
38958.17039241315 1745.2628668576294
39368.63957747341 2334.7936817973514
39777.71128692643 2925.7219723442927
40141.79292711831 3561.640332152379
40465.52422523065 4237.909034040008
40783.14150755474 4682.3827176758705
41090.908905610915 4692.23260194379
41337.91327282329 4752.995632787627
41634.32810775334 4703.585165069939
41934.78751947743 4699.540588275959
43558.98078231953 3375.806737157917
45253.72412263228 2681.0633968451584
46531.608359009726 2403.1791604677487
47681.5631382025 2253.2243812749966
48784.27136926271 2150.516150214804
49877.42596916431 2057.361550313216
51016.2630250188 1918.5244944587312
52230.76382068741 1704.0236987901162
53337.799967287654 1596.987552189872
53922.57302394311 2012.2144955344202
54576.41534317431 2358.3721763032063
55203.4695581963 2731.317961281216
55857.22950028239 3077.558019195149
56496.03647239899 3438.7510470785583
57088.3899562403 3846.3975632372726
57670.4961968644 4264.291322613174
58055.327544804444 4615.168652059952
58276.581699075155 4778.745845729296
58524.760270937564 4751.8214281375895
58855.99634662032 4668.76392431724
59055.45254409219 4800.543802528115
59458.28938544733 4597.163158644853
60804.035569849955 3654.253815597375
61803.941001799045 3654.348383648291
62226.86212674584 4231.427258701502
62670.540323839035 4556.321802906802
