0.0 0.0
17.68267309914441 1000.0
476.01452304784755 2000.0
961.5830457272846 2514.431477320569
1459.959397719168 3016.055125328688
1929.872316598271 3530.087081120899
2570.4185124269347 3359.4538041713377
2972.8321969772637 3597.5863154496606
3530.348533949591 3442.4836630276814
4056.2505214636967 3474.0980124858866
5556.7500590030695 2499.5004624606236
7682.394481610561 1373.8560398531292
8232.778241114658 1823.4722803490274
8761.804468989598 2294.44605247409
9220.05381597924 2836.196705484447
9741.87479644151 3314.375725022171
10257.183410543137 3484.691385898378
10859.376795763894 3397.8066147792442
11577.585667796357 3281.7911279675495
12232.769365615479 3344.816302180885
12867.897153718513 3364.8722118969645
13538.888274684552 3329.008879033971
14703.943288638166 2834.9449860463887
15403.8770128614 3135.011261823163
15930.924414345947 3472.952598515465
16586.71387233812 3344.210542007825
17221.528188589742 3365.1856837483815
17644.44059951026 3577.0875890794896
18191.082570219292 3453.3580292909664
18731.789680628648 3459.2928895906375
19267.123201985207 3464.6664786434476
19985.26723435774 3281.8559676274544
20652.90908087472 3332.3581534830078
21814.356042481453 2838.553038393259
22590.122830657852 3062.7862502168614
23235.846140061036 3354.276690596826
23765.673364176524 3470.1727758845145
24287.854473328745 3477.81889084777
24881.505991396516 3406.3484819322366
25361.275827025685 3520.230164370835
25843.328273483607 3517.9475535420884
26379.654230535492 3463.674042948115
26814.531908673423 3565.122321862075
27297.31797734473 3517.213931328685
28568.39743370816 2728.9205436365737
29385.85550747818 2911.4624698665516
30101.053973371803 3196.2640039729263
30849.646191398868 3251.4077819729414
31485.790934549408 3363.855256849462
32014.887647561667 3470.9032869877474
32703.74909738677 3311.1385501749037
33219.017653053066 3484.731444333702
33479.73840022142 3739.2792528316418
36093.78304625538 1385.9553539660326
36492.117908323075 1987.6204918983387
36921.68207352326 2558.0563266981626
37356.53682238086 3123.201577840555
37794.47726264017 3562.0595597406905
38174.66274309262 3619.8145195475463
38613.62715569575 3561.0355873968565
38992.67608250506 3620.951073190691
39443.53800937334 3549.1380731317167
39901.17999272877 3542.358016644552
40374.7511594207 3526.4288333080594
41148.321643525356 3226.4295158953473
42729.83860256882 2418.4830409565348
44132.68532238179 2015.6363211435673
44815.70669987813 2332.6149436472306
45338.5084762888 2809.8131672365653
45911.893056814064 3236.428586711309
46433.3474320506 3478.5456247634675
47042.82363767718 3390.5237943734237
47857.61982273361 3185.2038149435643
48607.306751418924 3250.313071314704
49222.99840632692 3384.3083450920017
49850.35648628635 3372.6419200405758
50576.18322666047 3274.173259625878
51613.279974585166 2962.903252075298
53168.01645267886 2408.166773981601
53703.87911030995 2872.3041163505036
54222.635487548585 3353.5477391118625
54725.39910002586 3497.2363875227256
55283.63585186462 3441.7632481612454
55960.958151668965 3322.677700195666
56645.154185771 3315.8039658979633
57240.90544245868 3404.2487433123188
