0.0 0.0
24.99275800091742 1000.0
539.9251406572922 2000.0
1080.228653174533 2459.696487482766
1723.5699335791965 2356.6587195953416
2218.7324212196813 2504.8375123595188
2669.624300612553 2549.108120607134
3373.4333248202092 2296.190975792344
4118.78616078788 2254.6471640323307
5588.396987487255 1530.3891733006233
7631.323333476228 1000.0
8205.754183763269 1425.5691497129585
8714.63919783781 1916.6841356384207
9225.805708159853 2405.517625316379
9726.611655256072 2499.194052903774
10263.658707969413 2462.9529472866593
10965.465569520029 2298.1931384493837
11604.204903934033 2361.260665585991
12231.563758245538 2372.6411456884957
12728.466389357245 2503.097368888297
13699.993227046609 2028.473162310634
14583.018414132473 2116.974812914141
15053.39786119979 2529.6205529326808
15630.89282248464 2422.5050387151437
16266.4292236041 2364.4635988805394
16664.156690190663 2602.272533413437
17189.479237355135 2474.6774528355254
17731.213142162393 2458.2660951927483
18246.5074457235 2484.7056964388994
19159.094300983 2087.4131447405002
19751.15899558102 2407.935305401984
21304.531679858686 1446.6273157223332
22056.440986530077 1694.718009050945
22711.728538377956 2039.4304572030594
23203.47440413294 2508.254134245021
23748.128802804487 2455.345601328446
24377.72488941093 2370.4039133935526
24841.811829013142 2535.9130603977915
25328.892444241657 2512.9193847714805
25839.232378506782 2489.6600657348745
26270.0376778291 2569.19470067768
26757.06922488977 2512.9684529393335
28233.340057295118 1523.7291675946526
29067.152179191533 1689.9170456982397
29821.048034774507 1936.021190115261
30542.367813564593 2214.7014113251826
31313.46504270654 2228.902770858051
31851.358898159448 2462.106144547097
32517.92164442799 2333.437253731453
32990.55830086978 2527.363343558215
35005.477538599705 1000.0
35555.48798380726 1449.9895547924475
36038.160651025435 1967.3168875742726
36497.337767880235 2508.1397707194683
36977.64854150933 2519.689226370907
37462.851262418946 2514.7972790903777
37990.62768251567 2472.223579903278
38521.10882894868 2469.5188535669854
39048.70576427707 2472.403064671609
39560.22595381744 2488.4798104596225
40685.91645484086 1874.3094989765787
42105.22245112196 1455.0035026954804
43044.62945584361 1515.5964979738274
43923.420632459514 1636.805321357929
44849.757963264216 1710.4679905532275
45543.919996572025 2016.3059572454167
46275.03662221532 2268.883374356707
46853.0856486331 2421.9509735822194
47546.10956347479 2306.976085158316
48095.45978532205 2450.649778152747
48649.77700251105 2445.682782810995
50766.89751223325 1000.0
51175.292502577824 1591.6050096554236
51585.42819014103 2181.4693220922227
52056.42931962033 2528.9988705206997
52559.39145054973 2497.0378690705957
53032.409511192 2526.9819393577236
53531.97816518625 2500.4313460057583
54049.8387888327 2482.1393763535552
54596.45084892359 2453.3879399091115
55163.91988408146 2432.5309648421294
55741.645142193796 2422.274741887666
