0.0 0.0
28.9465479154497 1000.0
744.1853622913102 2000.0
1400.9215040836489 2343.2638582076634
1951.6086340976944 2449.3128699859544
2513.213990021465 2438.394644076233
3212.6258208956924 2300.588169125771
3799.3189290942455 2413.3068918014465
4385.741516299559 2413.577412794686
5034.972954536635 2350.7685617629213
6103.7759147850265 1931.1970397516066
7409.968322054982 1625.0046324816499
8529.696957995147 1505.2759965414848
9261.853438474194 1773.119516062438
10374.607992240253 1660.364962296376
11103.69668586332 1931.2762686733076
11836.752618338654 2198.2203361979728
12522.521455135855 2314.2311632028013
13228.156572791813 2294.3648823440426
13855.1530275195 2373.0035452723164
14431.683130958832 2423.4698965606685
16119.450954095086 1312.2321768637455
16989.127161397948 1442.555969560883
17366.89592905479 2064.7872019040396
17740.337348111312 2626.558580943476
18142.150818848113 2598.186529263199
18531.082929638113 2611.0678892100004
18961.09297882213 2569.9899508159847
19386.393063773277 2574.699915048852
19839.971163658873 2546.4219001144093
20316.412448938707 2523.558714720166
20801.93608723937 2514.4763616993396
21574.671038913744 2227.265048325626
22407.66408402194 2167.0069548918073
23461.338345091444 1946.3257389305006
24279.971106819343 2127.6929772025996
24899.84418317095 2380.1269236483913
25495.823672235845 2404.0205109351045
26095.96617430246 2399.857497933383
26636.568776201053 2459.3973981014046
27206.698942534105 2429.8698336669495
27919.940032863855 2286.7589096702504
28597.110151125482 2322.829881738374
29284.40360112319 2312.7065500022854
30064.839734910453 2219.5638662127403
30755.612425661373 2309.2273092490764
31365.437920024506 2390.17450563686
32046.27193111021 2319.165988914293
32788.98002999724 2257.291901112967
33492.291683066185 2296.6883469310574
35442.406631502534 1049.8850515636502
36689.64820186306 1000.0
37791.383864292264 1000.0
38817.99926484898 1000.0
39830.16070291957 1000.0
40879.20404672309 1000.0
41717.54355553387 1161.6604911892223
42422.95110751008 1456.2529392130111
43103.05178309268 1776.1522636304194
43722.20090469801 2157.0031420250853
44576.03340332376 2146.1675013742433
45747.37945040618 1828.6539529175839
46305.5148612328 2270.518542090968
46867.92014166349 2437.594719569308
47424.78076647143 2443.1393751920555
48113.85586143442 2310.9249050370017
48332.31136075863 2781.5445006757936
48628.10347994734 2704.2078808112838
48938.00691514167 2690.0965648056726
49106.01897285083 2831.987942290837
49278.94686134442 2827.0721115064125
49872.59550992362 2406.351351420793
50264.19419017542 2608.401319748201
50774.46059919443 2489.7335909809863
51366.347368906114 2408.1132302883234
52032.998955488816 2333.3484134173036
52569.501182782755 2463.4977727060605
53148.69930991805 2420.801872864704
53948.4250411946 2200.274268723452
54712.3593794781 2236.065661716498
55450.42172319141 2261.9376562866905
57280.21925081452 1170.2024723768886
