0.0 0.0
22.207170554964414 1000.0
451.27256810495777 2000.0
901.567388275472 2549.705179829491
1377.338674612452 3073.9338934925113
1893.1483350390993 3484.190339573355
2471.120375672 3422.0279593670966
3055.085487892133 3416.0348877798533
3875.4792044467886 3179.606283445347
4395.24689996717 3480.232304479611
5692.348052993948 2702.898846973219
8002.89832687888 1392.3485730882812
8537.12543583465 1858.1214641325037
9045.300179691672 2349.946720275481
9504.126060466071 2891.1208395010794
10000.127637015188 3395.119262951945
10546.189360333756 3453.938276681423
11127.65160785708 3418.537752476672
11868.256269929449 3259.395337927644
12555.038555990861 3313.2177139385967
13179.851962659615 3375.186593331256
13825.853134375437 3353.9988282841873
14951.231709098247 2874.6214252771897
15643.583324011699 3182.269810363742
16257.466808933777 3386.116515077943
16893.537169466228 3363.929639467544
17530.863195382215 3362.673974084023
17945.514901955645 3585.3482934265685
18496.47822868823 3449.036673267414
19159.466236789474 3337.0119918987343
19869.43406973803 3290.032167051441
20688.099830073414 3181.3342396645958
21690.43301756446 2997.6668125089423
23021.68558181156 2666.414248261836
23788.90315493991 2899.1966751334808
24413.074265918138 3275.0255641552617
24974.161690070116 3438.912575848036
25487.022531358598 3487.1391587115095
26104.67174530044 3382.350786058165
26570.175994820474 3534.4957504799677
27098.832515107497 3471.3434797129976
27616.393703602742 3482.4388115047564
28023.522058051043 3592.8716455517074
28502.679373310268 3520.8426847407673
29760.68427385206 2741.9950994582105
30592.91792955877 2909.761443751497
31436.777861468294 3065.9015118419757
32244.954758266365 3191.8231032019326
32976.75807433351 3268.196683932859
33571.57910261112 3405.1789717223996
34272.56952199614 3299.0095806149816
34811.754261286726 3460.815260709426
35601.734022626566 3210.02023866016
36752.302423894325 2849.431598732237
38229.50854092729 2372.225481699272
39224.9934864071 2376.7405362194586
39936.578915950624 2665.1551066759203
40610.685597298776 2991.048425327757
41335.21200451774 3266.522018108788
42076.239537711925 3258.9724668058093
42890.51317192596 3185.7263657859726
43488.4793641893 3402.033807736662
43961.366460330035 3527.112903859258
44521.65510099034 3439.7113593397025
45140.190913781305 3381.464187209042
46184.44502843155 2955.745885349749
47246.7822177793 2893.4086960020068
47947.266342519746 3192.9245712615525
48533.44105975892 3413.8252827608126
49140.46040413058 3392.9806556283497
49712.72982095911 3427.7305831714584
50329.57598763043 3383.1538333286803
50749.79491120061 3579.7810764298147
51353.75726314359 3396.037648057015
51909.85934834516 3443.897914798432
52407.66981528539 3502.1895330597617
53363.553418636155 3044.116396649251
55394.67260865188 1968.8808099842738
56646.38103679075 1717.1723818454152
57209.647056762566 2153.906361873592
57718.62949296885 2644.923925667301
58238.07060707283 3125.48281156332
58756.445867262635 3481.6247398101873
59111.10175767263 3645.344109590005
59435.684901728055 3675.416855944573
59870.74914648249 3564.9357552455585
