0.0 0.0
67.7441233107211 1000.0
709.2919711620486 2000.0
1308.468923307424 2400.8230478546225
1810.4842936079533 2898.8076775540985
2333.6671638918833 3375.6248072701724
2867.5791317607527 3841.712839401302
3149.2033063914755 4560.088664770534
3349.9795588024 4799.2237475890315
3528.613862603387 4821.365696198987
3714.011332547339 4814.602530056023
3861.531752119961 4852.4795804273845
4092.7537741597635 4768.777977960181
4294.8505043120385 4797.90326984776
5347.760261866702 3947.090242445347
6479.575318536848 3815.2751857752123
7471.7354498438945 3823.115054468163
8552.429249737515 3742.4212545745704
9478.904157616225 3815.946346695875
10499.13587607225 3795.714628239869
11385.89105218435 3908.9594521277813
12257.929336932933 4036.9211673792192
13141.738246733006 4116.191090199933
14103.690572401223 4038.0476743317795
15129.061044160277 3974.629528240967
15786.538717928093 4317.151854473144
16365.996385366123 4420.542332561954
16983.714887120786 4382.281498245353
17618.5015355187 4365.213351602108
18206.15721556151 4412.344319957179
18599.35453613008 4606.802679431432
18815.420363594094 4783.934172535993
19039.62111547293 4775.79924812116
19352.17722104829 4687.44389442463
19536.06160370653 4816.115617341755
19946.78807321884 4589.273530487695
21185.753192702876 3761.0348805159474
22254.938286105014 3691.8497871137943
22642.204855848977 4304.583217369842
23109.880863550094 4532.323992298894
23639.967809182373 4469.913054367725
24177.534698489733 4462.433110692631
24662.483331076524 4515.051367413201
25130.461963255926 4532.021367820593
25822.78485555688 4307.6771076990435
27345.34300890385 3477.4418466530497
28332.310545097956 3490.474310458949
29454.31916842612 3368.465687130789
30759.618456186738 3063.1663993701422
31803.341823277584 3019.443032279304
32727.48382199106 3095.3010335658255
34228.33646856899 2594.4483869878895
34752.31103377492 3070.4738217819668
35164.55409256608 3658.2307629907864
35394.43973038728 4428.345125169581
35611.43241750727 4783.007312880018
35819.80120408001 4791.631213427299
36028.80192686881 4790.999277211183
36305.12025900027 4723.681667868492
36591.05343492688 4714.06682407345
36894.51974128273 4696.5336936441345
37251.35040423484 4643.169337047897
37931.835415796995 4319.514988437868
39123.765125046666 3808.070290750341
40338.059563302944 3593.775852494036
41015.7636572405 3916.0717585564366
41986.13471760035 3945.700698196588
42699.648929005976 4232.186486790957
43344.710716758134 4354.938212247853
43962.39918451544 4382.3115322426875
44568.14625116181 4394.2529333536495
45140.796379430976 4427.34987173086
45638.24050626833 4502.555873162657
46985.68173439611 3652.558771872226
48166.06441154846 3472.1760947198923
48550.54038373764 4087.700122530742
48936.23317294907 4614.3072107886055
49369.648627694594 4566.584545254482
49766.309552191065 4603.339075503542
50178.84665483898 4587.462897352083
50607.81954072806 4571.02711411092
51050.34273745266 4557.476803275413
51535.83116627997 4514.511571172688
52047.88156839205 4487.9495978879095
52742.67311692792 4305.208451464129
53658.88386275749 4083.789254170438
54800.09200747357 3858.7918552839233
55592.40096800615 4066.4828947513415
56242.25407374834 4350.146894257807
56848.619963681216 4393.634110067125
