0.0 0.0
27.724395579934544 1000.0
690.0868755299394 2000.0
1314.248894838151 2375.8379806917897
1887.5239807881194 2802.5628947418236
2427.897801073335 3262.1890744566113
3010.412828372802 3417.4849727005285
3717.993276330847 3292.4195520419644
4340.978219161363 3377.015057169488
4945.302765320959 3395.6754538403984
5481.465342770052 3463.8374225509115
6269.619609978718 3211.845732791339
7526.53572836924 2743.083881609487
8788.139828112875 2481.4797818658517
9509.597911107801 2760.021698870923
10641.56781355938 2628.0517964193377
11275.858581339704 2993.761028638991
11952.468033025176 3317.151576953525
12644.523911726053 3307.9441212991164
13339.45539076431 3305.0685209617445
13975.810318938215 3363.645071826101
14546.132417418312 3429.6779015199045
16291.507645189075 2254.624772229232
17179.185755963874 2366.9466614544317
17549.988408089594 2996.14400932873
17988.068714600005 3558.0637028183123
18511.19857816765 3476.8701364323592
19012.43707808762 3498.761500080027
19478.990470671604 3533.4466074160155
19928.818484053365 3550.1719866182425
20444.93970958314 3483.8787744702227
20980.47999137444 3464.459718208699
21558.76542411565 3421.714567258785
22269.172946992232 3289.592477123416
23163.448511190956 3105.724435801276
24237.485051314914 2925.9634598760395
25108.183195579546 3055.265315611404
25751.929548519176 3356.2536470603673
26365.441329242163 3386.4882192770106
26966.807034737703 3398.634294504459
27511.57251748591 3455.234517251789
28095.898369597093 3415.674147888815
28798.99438609906 3296.903983498025
29481.61960981373 3317.37477628533
30190.079699931404 3291.5399098823336
30998.891842933263 3191.1878569981504
31668.397773616605 3330.494069316657
32333.151746001044 3335.2460276155575
33006.07554044271 3327.076205558331
33704.919779745 3301.1557606977185
34376.03204062034 3328.887739124665
35004.65366808971 3371.3783725306253
35857.52769323856 3147.1259748511548
36917.46439094457 2940.0633022939796
38365.121082281876 2492.406610956674
39245.2040331122 2612.3236601263434
39942.2520161241 2915.2756771144486
40618.447331585245 3239.080361653294
41353.468393877585 3264.97893770765
42179.99169915279 3173.4766947247977
42895.26360486958 3284.728094283216
43451.88371690342 3443.379887966153
43982.87617068947 3469.0075462139416
44573.209485570624 3409.6666851188456
45235.55559854598 3337.653887024644
46589.874372210834 2645.6812263351435
47339.277348373435 2896.2782501725364
47988.40626515442 3247.1493333915328
48552.11847802929 3436.287787125135
49116.424238912296 3435.694239117
49730.16109465056 3386.263144261733
50286.07243703095 3444.08865761961
50806.10891911414 3479.963517916807
51429.71885690955 3376.390062204577
51975.99741630248 3453.7214406070634
52586.478816946474 3389.5185993560117
54128.037842881844 2458.4409740646324
56047.37432146158 1539.1044954848985
56938.13530897346 1648.3435079730216
57378.69161020036 2207.7872067461135
57868.99060658567 2717.488210360798
58390.20770688443 3196.27111006203
58835.167975244374 3555.039731640054
59180.14701834642 3655.0209568979603
59530.07892179767 3650.0680965487463
59981.64763158041 3548.4312902172655
