0.0 0.0
74.83016457319201 1000.0
663.2892828172389 2000.0
1199.6306470285576 2463.658635788677
1685.7929030412997 2977.496379775943
2210.7690076431095 3452.5202751741376
2751.9775219535595 3911.3117608636885
3085.369893497812 4577.919389319425
3285.2606867277473 4800.109206770023
3460.0824901424025 4825.178196585319
3631.9154502227257 4828.167039919654
3770.853235905921 4861.062214316813
3986.1560585678944 4784.697177338012
4183.042542399764 4803.113516168169
5244.06169214327 3938.9808502565206
6298.742138041935 3884.3004043578603
7285.675507773043 3897.367034626753
8313.980627887486 3869.061914512335
9216.646783373108 3966.3957590267332
10173.887550988222 4009.154991411637
11061.794928802385 4112.0926221858535
11925.463613919888 4136.331314882509
12802.419997587029 4123.043616332866
13748.99616339133 4053.423834195696
14738.511058401473 4010.4851049898703
15458.645703876515 4279.865354524953
16019.223896096213 4439.421807780287
16636.471947583777 4382.751948512449
17263.450489628172 4373.021457955625
17854.992154620606 4408.458335007561
18272.098027760774 4582.894126859826
18492.34289345691 4779.755134303876
18714.216717948457 4778.126175508451
19055.451213906992 4658.765504041447
19230.954043665075 4824.497170241913
19562.414063866283 4668.539979798776
20792.02040619028 3770.3936576759884
21911.002690485522 3651.411373380736
22295.216254121442 4267.197809744826
22737.531340198282 4557.6849139231645
23273.463351874758 4464.0679883235225
23843.38493580873 4430.078416066018
24336.10532040754 4507.279615401179
24787.872578082828 4548.232742324721
25470.81015875034 4317.062419332482
27012.727013162585 3458.0831455877674
28072.59762593086 3398.212532819503
29204.65280166996 3266.157357080391
30653.350272733536 2817.4598860168
31673.259731205257 2797.5504275450785
32642.195474010136 2828.614684740189
34054.32027649244 2416.48988225788
34581.269029458934 2889.5411292914
34931.657724599245 3539.1524341510935
35170.78519715418 4300.024961596157
35398.38867254449 4772.396524609696
35609.011697318885 4789.376975225646
35822.05878367948 4786.952913639378
36099.24505246701 4722.81373121243
36390.863707347715 4708.381345119358
36705.864256752575 4684.999450595136
37084.47291182511 4621.391344927473
37756.250753236214 4328.222158588916
39012.83794703087 3743.41280620536
40204.937381202995 3551.3133720332203
40896.54474934848 3859.7060038876907
41878.81399395217 3877.436759283983
42576.6218470048 4179.628906231352
43255.95162553941 4320.6702214653915
43870.72475690468 4385.226868634725
44462.888606888875 4407.836150015826
45037.98843114003 4424.900175748879
45532.56702241054 4505.421408729506
46675.74962354072 3856.817398869815
48077.69199969682 3454.875022713732
48452.051414285146 4080.515608125435
48845.483718801304 4606.567695483871
49287.68965547898 4557.794063322333
49709.25242967349 4578.437225805499
50119.44263276993 4589.809796903551
50548.4265008862 4571.016131883739
50993.21504335454 4555.211457531671
51482.41317202659 4510.801871327946
51995.36002929998 4487.053142726596
52644.84226915028 4350.517760149709
53577.05977799388 4067.7824911563976
54685.028063102094 3892.0317148917934
55508.171700408275 4068.8880775856155
56151.29666039587 4356.8750400124
56754.47068594132 4396.8259744545485
