0.0 0.0
64.17737532259262 1000.0
614.1444032197096 2000.0
1179.2908175230186 2434.8535856966973
1822.654989746059 2791.489413473662
2088.504299211869 3525.6401040078517
2216.196913512387 3872.307385699483
2375.17659564495 3841.020317867437
2513.687481752353 3861.4891138925964
2680.394178938933 3833.293302813408
2839.059071534299 3841.335107404635
3021.1863312898076 3817.8727402444933
3252.232466049548 3768.9538652402543
3572.305891466639 3679.926574582906
4194.7754314410795 3377.530460025559
5423.995575985489 2770.7798554555916
6854.7261271203015 2340.049304320777
7554.548104598948 2640.227326842137
8129.824310295441 3064.951121145651
8662.68837822515 3467.135932070295
9189.723874843097 3472.964503382053
9809.362293565882 3380.3615812772214
10530.83639739979 3278.5258961661
11206.317934816914 3324.5184625828797
11813.650144562062 3392.6677902548527
12448.856581992262 3364.7935625697974
13161.719107345436 3287.1374746468377
14268.881517604406 2892.8375897410233
15734.759704847242 2426.959402498186
16214.005890840168 2947.713216505262
16725.187622366895 3436.5314849785336
17238.120489867622 3487.0671324992754
17846.86993463509 3391.2505552325415
18519.87794638324 3326.99198825185
19192.972911432047 3326.9050349511904
19790.313623768623 3402.6592876634213
20302.626286365732 3487.6873374028896
20998.494523361656 3304.1317630040735
21756.900885698145 3241.5936376635186
22792.212996277707 2964.687889420437
23997.282174483305 2759.6187112148364
25278.152296494492 2478.748589203649
25835.915203204975 2920.9856824931667
26413.289672070092 3343.611213628044
26981.76171393217 3431.527958137924
27648.31890097616 3333.442812956007
28350.620218159613 3297.698682816538
29037.53340886561 3313.086809294006
29684.62176543181 3352.911643433804
30266.885149293157 3417.736616138654
30832.835556481718 3434.049592811438
31438.10817745818 3394.7273790235326
32243.157675164533 3194.9505022936464
33279.276319199285 2963.8813559652426
34716.42964602337 2526.7280291411616
35658.73280447651 2584.424870688017
36397.596338747826 2845.561336416702
37027.59448122808 3215.563193936433
37756.02799064224 3271.5664905858334
38560.0625122502 3195.965478392029
39299.30034185267 3260.762170397535
39852.36417653393 3446.936165318743
40376.34104299722 3476.0231335367034
40983.90725057761 3392.433792419609
41649.84600719387 3334.061243383745
42964.71128310769 2685.134724086178
43789.751849405635 2860.0941577882277
44447.9088253213 3201.937181872554
45068.97215051908 3378.9366748022185
45641.63614812763 3427.336002391443
46157.47610857019 3484.160039557439
46705.389511245245 3452.0865973249447
47164.93643227307 3540.453078972175
47777.22105205046 3387.7153802226126
48332.25775769856 3444.963294351896
48900.78309679821 3431.474660900349
50369.13852870985 2531.6445680883544
52391.53808410988 1509.2450126883289
53307.01089951164 1593.7721972865756
53755.79769128432 2144.985405513884
54249.97080980017 2650.81228699803
54754.72525090474 3146.0578458934547
55227.611654850225 3527.113596054508
55581.47133057945 3646.140324270775
55917.83451968338 3663.6368108960637
56372.205536399175 3545.6289832842103
