17 0
18 0.6101694915254238
19 0.5897435897435898
20 0.5841584158415841
21 0.5217391304347826
22 0.5089285714285714
23 0.49137931034482757
24 0.5
25 0.5126050420168067
26 0.5
27 0.25510204081632654
28 0.34951456310679613
29 0.631578947368421
30 0.8210526315789474
31 0.60625
32 0.39490445859872614
33 0.2913907284768212
34 0.31125827814569534
35 0.33766233766233766
36 0.4350282485875706
37 0.5039370078740157
38 0.5681818181818182
39 0.4444444444444444
40 0.47019867549668876
41 0.4492753623188406
42 0.1388888888888889
43 0.23728813559322035
44 0.6716417910447762
45 0.12149532710280374
46 0.36774193548387096
47 0.37579617834394907
48 0.35185185185185186
49 0.5350877192982456
50 0.43478260869565216
51 0.4077669902912621
52 0.5765765765765766
53 0.64
54 0.30597014925373134
55 0.0
56 0.1390728476821192
57 0.4161073825503356
58 0.49166666666666664
59 0.6
60 0.7263157894736842
61 0.42168674698795183
62 0.3592233009708738
63 0.7127659574468085
64 0.7195121951219512
65 0.7283950617283951
66 0.7878787878787878
67 0.4885057471264368
68 0.2742857142857143
69 0.3351063829787234
70 0.1297709923664122
71 0.05426356589147287
72 0.13385826771653545
73 0.6216216216216216
74 0.5543478260869565
75 0.453416149068323
76 0.2413793103448276
77 0.35978835978835977
78 0.504
79 0.547945205479452
80 0.5934065934065934
81 0.580952380952381
82 0.5945945945945946
83 0.7777777777777778
84 0.7981651376146789
85 0.765625
86 0.5225225225225225
87 0.7226890756302521
88 0.7884615384615384
89 0.7654320987654321
90 0.48717948717948717
91 0.6829268292682927
92 0.8641975308641975
93 0.891566265060241
94 0.8860759493670886
95 0.8780487804878049
