12 0
13 2.8256084060668947
14 1.1667032146453857
15 0.5237337565422058
16 0.3532910588383675
17 0.37368119359016416
18 0.5008149671554566
19 0.674065170288086
20 0.10918854065239429
21 0.02962767891585827
22 0.43679940700531006
23 4.045400142669678
24 4.021307420730591
25 0.2233782282471657
26 0.5768811640143394
27 1.5029793453216553
28 0.5644082522392273
29 0.557894229888916
30 0.9075225973129273
31 1.8832214546203614
32 3.049811658859253
33 1.5379829120635986
34 1.2709321880340576
35 0.808598839044571
36 0.4284624111652374
37 1.6388885831832887
38 2.2887124824523926
39 2.5902160358428956
40 3.4805619525909424
41 2.7962236404418945
42 3.311371297836304
43 3.3157074451446533
44 3.4714254474639894
45 0.14194026723504066
46 -0.2855481803417206
47 -0.05200405739247799
48 -0.3004063391685486
49 -0.18447897493839263
50 0.9120543372631073
51 2.835276174545288
52 2.325968027114868
53 3.238705596923828
54 2.938035726547241
55 2.8314794540405273
56 4.217588329315186
57 2.877676601409912
58 2.0685981631278993
59 0.13948449671268462
60 -0.28526169300079346
61 -0.3443624675273895
62 -0.1402309685945511
63 -0.04309396296739578
64 0.9218026995658875
65 0.8076607179641724
66 0.3483653348684311
67 0.5501103365421295
68 3.0997097492218018
69 1.0804313516616821
70 2.142884511947632
71 3.052718496322632
72 2.9330062866210938
73 3.572512969970703
74 3.374420642852783
75 3.3073429107666015
76 3.095369243621826
77 2.7284567165374756
78 0.11810372039675712
79 0.05883058972656727
80 0.42249717116355895
81 0.29096057772636413
82 0.5798288202285766
83 2.2122871398925783
84 0.7918092131614685
85 0.46372997760772705
86 0.374977707862854
87 1.167479157447815
88 1.4743446111679077
89 2.8502213954925537
90 3.021968364715576
91 3.738835916519165
92 3.819506883621216
93 3.3695743083953857
94 3.423037528991699
95 3.452006206512451
