17 0
18 0.6504541051387787
19 1.7031300783157348
20 1.8312469363212585
21 -0.18729905039072037
22 -0.1124257504940033
23 -0.13994437456130981
24 0.03881193697452545
25 1.7700920104980469
26 1.7993480443954468
27 1.9622762680053711
28 1.981593461036682
29 1.7951579093933105
30 2.3381329917907716
31 2.6610453128814697
32 3.79261775970459
33 2.216162109375
34 0.8200090736150741
35 0.0007852613925933838
36 -0.46988136529922486
37 -0.5908057069778443
38 -0.6753912925720215
39 -0.528883273601532
40 -0.17323754534125327
41 -0.27748066015541556
42 -0.4148307144641876
43 0.2041132616996765
44 0.5333729934692383
45 0.6576457333564758
46 0.5514354825019836
47 0.6405863761901855
48 1.1304543018341064
49 1.6362124681472778
50 1.8130406141281128
51 1.9110852479934692
52 1.9545763731002808
53 2.3664216423034667
54 -0.3318022173643112
55 -0.6721431684494018
56 -0.5988247299194336
57 -0.23704222917556764
58 0.4681210063397884
59 -0.26219896983355284
60 -0.03924797892570495
61 -0.3776892131567001
62 -0.4305278933048248
63 -0.7217654466629029
64 -0.5304429244995117
65 -0.5428248214721679
66 -0.753917772769928
67 0.2538279540860094
68 1.07472722530365
69 0.48857314109802247
70 0.7235097980499268
71 2.0248236799240114
72 0.2794692349433899
73 0.0717791947722435
74 -0.4745069980621338
75 -0.5363716816902161
76 -0.18594563007354736
77 -0.39981216192245483
78 -0.520924659948796
79 0.4002886349707842
80 1.9202793979644774
81 2.19479944229126
82 2.7011835193634033
83 3.2025764846801756
84 3.511270523071289
85 3.2711524868011477
86 2.8536834716796875
87 2.715242862701416
88 2.847328233718872
89 3.2321067333221434
90 2.4709033012390136
91 2.9150656604766847
92 3.676992654800415
93 2.962151384353638
94 1.2470294404029847
95 -0.02455013692378998
