12 0
13 0.6923076923076923
14 0.5752212389380531
15 0.5688073394495413
16 0.5625
17 0.5289855072463768
18 0.5034965034965035
19 0.34513274336283184
20 0.5128205128205128
21 0.34959349593495936
22 0.371900826446281
23 0.3884297520661157
24 0.4016393442622951
25 0.4318181818181818
26 0.6238532110091743
27 0.6631578947368421
28 0.6982758620689655
29 0.45871559633027525
30 0.28431372549019607
31 0.38016528925619836
32 0.3956043956043956
33 0.4431818181818182
34 0.5058823529411764
35 0.5714285714285714
36 0.6210526315789474
37 0.6428571428571429
38 0.7380952380952381
39 0.6458333333333334
40 0.8275862068965517
41 0.8352941176470589
42 0.7128712871287128
43 0.5882352941176471
44 0.3722627737226277
45 0.18181818181818182
46 0.010416666666666666
47 0.056179775280898875
48 0.03614457831325301
49 0.011904761904761904
50 0.04807692307692308
51 0.6622516556291391
52 0.3949579831932773
53 0.37037037037037035
54 0.31
55 0.3684210526315789
56 0.30714285714285716
57 0.310126582278481
58 0.24561403508771928
59 0.27058823529411763
60 0.1935483870967742
61 0.21367521367521367
62 0.29133858267716534
63 0.32
64 0.275
65 0.43575418994413406
66 0.24861878453038674
67 0.15135135135135136
68 0.05063291139240506
69 0.025974025974025976
70 0.01948051948051948
71 0.31382978723404253
72 0.6264367816091954
73 0.48760330578512395
74 0.5309734513274337
75 0.472
76 0.20512820512820512
77 0.3684210526315789
78 0.6261682242990654
79 0.6218487394957983
80 0.6222222222222222
81 0.6067415730337079
82 0.5739130434782609
83 0.4012738853503185
84 0.39751552795031053
85 0.35714285714285715
86 0.4014084507042254
87 0.48905109489051096
88 0.5048543689320388
89 0.5344827586206896
90 0.42857142857142855
91 0.6813186813186813
92 0.7078651685393258
93 0.7777777777777778
94 0.8607594936708861
95 0.7640449438202247
