1 0
2 1.933687858581543
3 1.1528021097183228
4 0.9975335597991943
5 -0.4101153302192688
6 -0.6741701900959015
7 -0.7546673536300659
8 -0.7062115359306336
9 -0.4914379620552063
10 -0.05310858026146889
11 -0.007746786475181579
12 0.8984020547568798
13 2.1279193449020384
14 0.8709110724925995
15 0.1450097805261612
16 -0.10512487262487412
17 -0.5248397672176361
18 -0.359946613907814
19 -0.619488537311554
20 -0.34210994839668274
21 -0.4901210069656372
22 -0.42357152700424194
23 -0.510334312915802
24 -0.5270165801048279
25 -0.48059199571609496
26 -0.5332210659980774
27 -0.47142449021339417
28 -0.4297059178352356
29 -0.35518109560012817
30 -0.33633488416671753
31 1.5000470241904258
32 3.2520913791656496
33 2.514343717098236
34 0.015231161266565324
35 -0.18912286162376404
36 -0.017252441942691803
37 0.9715878236293792
38 2.5991450786590575
39 2.906255006790161
40 1.9352246189117432
41 0.08470486849546432
42 0.10955371707677841
43 0.08939496647566557
44 0.619400930404663
45 2.466793966293335
46 2.254795789718628
47 2.724184989929199
48 2.8996195125579836
49 2.2529319190979002
50 2.71424991607666
51 3.039649133682251
52 3.014136562347412
53 2.257673012018204
54 0.14951948657631875
55 0.40250906348228455
56 1.0164369201660157
57 3.3119016456604005
58 3.274281969070435
59 1.8179160404205321
60 3.221797103881836
61 3.248664617538452
62 3.2592687606811523
63 3.1861572265625
64 3.220757007598877
65 3.124958038330078
66 2.7195814990997316
67 1.3125336027145387
68 0.2648028448224068
69 2.189527277946472
70 2.2278019082546234
71 0.22191133379936218
72 -0.005775696635246277
73 -0.3056297755241394
74 -0.40552425622940064
75 -0.1176405668258667
76 1.446505776643753
77 -0.4845926696062088
78 -0.1689989984035492
79 2.313461971282959
80 2.574945230484009
81 3.2711379528045654
82 2.417823143005371
83 2.6804930448532103
84 0.31927093863487244
85 0.3143183434009552
86 0.5415133476257324
87 0.743882246017456
88 1.4876648783683777
89 1.2497429847717285
90 2.08167676448822
91 3.5499384880065916
92 3.316256628036499
93 2.820870351791382
94 2.112776916027069
95 0.2531548497080803
