12 0
13 -0.22940556287765504
14 0.03290065683424473
15 1.6154813289642334
16 0.25591684728860853
17 1.0353376054763794
18 0.3224511894211173
19 1.6185143756866456
20 0.41739369690418243
21 0.570026159286499
22 0.617591187953949
23 0.539018988609314
24 0.39406694531440734
25 1.4511147022247315
26 0.1701410984992981
27 0.2699928283691406
28 0.6587775945663452
29 0.8433206367492676
30 2.037775592803955
31 2.344208860397339
32 2.1897816276550293
33 2.040800075531006
34 3.0875748443603515
35 2.0184970188140867
36 -0.3051939404010773
37 -0.03111768588423729
38 -0.06424865394830703
39 1.0230894231796264
40 0.9589389944076538
41 1.1894280004501343
42 1.1733342790603638
43 1.2150092887878419
44 0.24117767982184887
45 0.042950015664100644
46 -0.48272741317749024
47 -0.14163023471832276
48 2.833199110031128
49 2.9810101699829104
50 2.537959575653076
51 1.579160952568054
52 1.504089207649231
53 2.8629761505126954
54 1.7947399473190309
55 0.1301120302081108
56 0.21154355943202974
57 0.17575626969337463
58 0.08576984643936157
59 1.284451138973236
60 2.3179476261138916
61 0.6301036405563355
62 0.7271399593353272
63 2.8757676553726195
64 0.3476483559608459
65 0.3981782793998718
66 1.1198955130577088
67 0.9429907202720642
68 1.9814009952545166
69 1.9262856006622315
70 0.312113636136055
71 0.15308052372187375
72 -0.2248327898979187
73 0.118136912509799
74 2.3587230014801026
75 -0.09508469253778458
76 -0.5186894369125367
77 -0.2783769536018372
78 -0.12115722894668579
79 3.452062139511108
80 2.7881681442260744
81 2.1414477825164795
82 2.15028920173645
83 3.486564054489136
84 2.1921725273132324
85 2.546026515960693
86 3.0986128997802735
87 3.3255875396728514
88 2.7435545444488527
89 1.0989220142364502
90 2.586710147857666
91 3.0719503498077394
92 3.0558271408081055
93 3.2881569862365723
94 2.858243227005005
95 2.7752749919891357
