12 0
13 0.6896551724137931
14 0.5520833333333334
15 0.41379310344827586
16 0.36666666666666664
17 0.5161290322580645
18 0.3584905660377358
19 0.2413793103448276
20 0.19767441860465115
21 0.0
22 0.0375
23 0.7755102040816326
24 0.6777777777777778
25 0.15492957746478872
26 0.30120481927710846
27 0.358974358974359
28 0.3434343434343434
29 0.2111111111111111
30 0.36893203883495146
31 0.45871559633027525
32 0.43636363636363634
33 0.5514018691588785
34 0.49074074074074076
35 0.5172413793103449
36 0.4596774193548387
37 0.384
38 0.5042735042735043
39 0.4027777777777778
40 0.4240506329113924
41 0.4827586206896552
42 0.6634615384615384
43 0.6597938144329897
44 0.4105263157894737
45 0.42168674698795183
46 0.6705882352941176
47 0.8987341772151899
48 0.810126582278481
49 0.7093023255813954
50 0.896551724137931
51 0.8275862068965517
52 0.776595744680851
53 0.8686868686868687
54 0.5567010309278351
55 0.673469387755102
56 0.5648148148148148
57 0.4661016949152542
58 0.44537815126050423
59 0.050505050505050504
60 0.06796116504854369
61 0.06382978723404255
62 0.13186813186813187
63 0.4470588235294118
64 0.7777777777777778
65 0.5689655172413793
66 0.4583333333333333
67 0.5441176470588235
68 0.6814159292035398
69 0.6333333333333333
70 0.3505747126436782
71 0.20666666666666667
72 0.3515151515151515
73 0.0
74 0.22988505747126436
75 0.5384615384615384
76 0.4603174603174603
77 0.72
78 0.5104166666666666
79 0.35789473684210527
80 0.09302325581395349
81 0.2077922077922078
82 0.654320987654321
83 0.7701149425287356
84 0.7108433734939759
85 0.7804878048780488
86 0.7848101265822784
87 0.810126582278481
88 0.8734177215189873
89 0.9012345679012346
90 0.875
91 0.9146341463414634
92 0.9
93 0.8875
94 0.8961038961038961
95 0.8604651162790697
