17 0
18 2.1225794982910156
19 1.6437812441587447
20 0.8417054295539856
21 0.9393736124038696
22 0.9709801125526428
23 1.12963849067688
24 0.6805418264865876
25 0.1168773940205574
26 0.277846412807703
27 2.20760715007782
28 2.4099092197418215
29 1.3821488523483276
30 2.5596129655838014
31 1.8620372009277344
32 0.899683051109314
33 0.6144846314191819
34 0.6956250357627869
35 -0.3151083392649889
36 -0.1241319814324379
37 -0.1340312272310257
38 0.31333489418029786
39 2.099777760505676
40 2.620432767868042
41 1.00220712184906
42 -0.06512515068054199
43 2.206806194540113
44 0.4217423412203789
45 -0.01920335492119193
46 0.06963385924696923
47 -0.3355785658955574
48 0.2458686885237694
49 0.7077106833457947
50 1.0005447942018508
51 0.6672253513336182
52 0.08444256022572517
53 0.7418125939369201
54 0.778692866563797
55 0.8269822371006011
56 1.5051897859573364
57 0.7430684852600098
58 0.9613910698890686
59 1.8814152479171753
60 1.4915979099273682
61 1.6383357763290405
62 0.9012315988540649
63 0.3821191474795341
64 0.7880996203422547
65 2.5928071308135987
66 3.5174622631072996
67 1.0944657564163207
68 -0.22752422094345093
69 -0.0690447986125946
70 -0.4953974485397339
71 -0.31158639132976534
72 0.8979846799373626
73 1.2595513582229614
74 2.3786274909973146
75 0.8926080083847046
76 1.0994297671318054
77 2.630527334213257
78 1.5424636602401733
79 2.435263743400574
80 2.51539888381958
81 2.637228536605835
82 3.337425651550293
83 3.4435777187347414
84 2.9623619174957274
85 1.3064741897583008
86 2.4692056131362916
87 2.8020405769348145
88 3.414943742752075
89 3.4847964572906496
90 3.5553467655181885
91 3.3666542911529542
92 3.4408647346496584
93 3.627239675521851
94 2.4342759466171264
95 1.7628082275390624
