1 0
2 1.482933020591736
3 2.2990398454666137
4 2.8861522674560547
5 1.4661031293869018
6 -0.8011297750473022
7 -0.2647533622384071
8 0.27756732791662214
9 0.27387388901785015
10 -0.031523862779140474
11 -0.05254225924611092
12 -0.13889024138450623
13 0.14959946990013123
14 0.36203991889953613
15 0.4540020525455475
16 0.8929306149482727
17 0.7601215137448162
18 0.24989664271473885
19 1.6780316781997682
20 -0.014002612475305796
21 -0.3423695069551468
22 0.2856332868337631
23 -0.4822851556539536
24 -0.4214656114578247
25 0.1178042433410883
26 -0.0011662310361862183
27 1.1607101011276244
28 2.7088671875
29 0.6736447238922119
30 3.0716978168487548
31 3.3607340812683106
32 1.7963195466995239
33 2.3965227043628694
34 3.110714521408081
35 3.562604169845581
36 3.3957967567443847
37 2.225003023147583
38 1.4667248630523682
39 1.8344116163253785
40 1.8290156888961793
41 1.1294945907592773
42 2.0640837430953978
43 0.06416691243648528
44 -0.2546990370750427
45 -0.2158801609277725
46 0.032324446551501754
47 0.30920807778835296
48 0.4604918205738068
49 0.4623842799663544
50 0.6760227346420288
51 0.026876525077968835
52 -0.139960315823555
53 0.085024251639843
54 0.19251491129398346
55 0.6442302465438843
56 0.9564826107025146
57 1.8687335014343263
58 1.4527802470326423
59 0.100319042801857
60 0.032747962474823
61 0.6381100034713745
62 0.9805505037307739
63 1.3242518949508666
64 2.212872877120972
65 0.9733942890167236
66 -0.25297257900238035
67 2.178621759414673
68 -0.1525189208984375
69 -0.324721052646637
70 0.11301200389862061
71 1.0743234586715698
72 1.495828733444214
73 0.6422433805465698
74 0.35817525327205657
75 0.1989139610528946
76 0.4097997373342514
77 0.4237811863422394
78 0.7453136968612671
79 2.0068320512771605
80 1.747060775756836
81 1.4029137229919433
82 -0.20353057175874711
83 -0.42199709221720694
84 0.8203501081466675
85 1.7340125513076783
86 2.1408190727233887
87 2.3496217727661133
88 1.5597771406173706
89 2.601006546020508
90 2.8464176654815674
91 1.8908226990699768
92 -0.16594211757183075
93 1.1645300182886422
94 3.290304880142212
95 2.5854477882385254
