17 0
18 -0.17665878117084502
19 -0.3774589264392853
20 -0.3464549970626831
21 -0.38991074085235594
22 1.2699129486083984
23 1.4585554027557373
24 1.4378640747070313
25 1.2262157487869263
26 2.5083154678344726
27 1.483810498714447
28 1.6162631511688232
29 2.116997652053833
30 3.2801918506622316
31 1.7440266227722168
32 1.3524503707885742
33 1.3700166940689087
34 2.350947322845459
35 2.3915596866607665
36 2.441002950668335
37 3.2305120182037355
38 0.6347399885952473
39 -0.1869640278816223
40 1.4163944138144142
41 1.1245627319812774
42 -0.04523893719539046
43 0.2471800762414932
44 0.4045769226551056
45 2.957383394241333
46 3.1347971630096434
47 2.2791308784484863
48 2.7049741172790527
49 0.6031064319610596
50 0.6390666854381561
51 0.7599657309055329
52 1.9802700328826903
53 1.417966923713684
54 2.146484365463257
55 3.260480489730835
56 2.7975690078735354
57 0.11031651735305786
58 -0.34255980283021925
59 0.20934303164482115
60 3.166115140914917
61 1.8382468795776368
62 2.006551103591919
63 0.9248816196620464
64 1.5749268291890621
65 2.106110734939575
66 0.8694696354866028
67 -0.07009528994560242
68 0.03275152444839478
69 1.4328564310073852
70 1.5341147255897523
71 0.4536005210876465
72 0.19014070693403481
73 -0.21618306934833526
74 -0.19751133978366853
75 0.27117002904415133
76 2.7494862270355225
77 1.2171683883666993
78 1.0443207907676697
79 1.2642436981201173
80 2.5580640602111817
81 3.52194881439209
82 3.315425157546997
83 3.1920316886901854
84 2.3353434801101685
85 0.48471343874931333
86 0.33953391402959826
87 1.2427244520187377
88 2.485707750320435
89 3.3108846855163576
90 3.273634433746338
91 3.202147960662842
92 3.2958319187164307
93 3.4813857460021973
94 3.574759645462036
95 3.5004758834838867
