12 0
13 1.7290257024765014
14 0.7748937201499939
15 1.0722850227355958
16 2.0040411949157715
17 0.7491489052772522
18 0.8396676754951478
19 0.2027802833914757
20 -0.03198738366365433
21 0.440438574552536
22 0.15266473919153215
23 -0.2690929013490677
24 -0.04592352047562599
25 1.4936717748641968
26 2.2805492877960205
27 2.4091944694519043
28 2.4532690048217773
29 0.9480215907096863
30 1.6177510595321656
31 2.080152144432068
32 1.0346956193447112
33 1.1759093523025512
34 1.986640453338623
35 1.2117139101028442
36 0.5975158834457397
37 1.745263204574585
38 1.8876746797561645
39 1.9133784770965576
40 2.055223569869995
41 1.654665412902832
42 0.8190514802932739
43 0.9071248531341553
44 1.291406707763672
45 1.5524415969848633
46 1.9971227645874023
47 0.801046051979065
48 2.4744390439987183
49 3.019423723220825
50 2.806450366973877
51 2.943676471710205
52 2.9702150440216064
53 3.6330573558807373
54 2.2876694297790525
55 0.741695761680603
56 2.10365035533905
57 0.3115630888938904
58 0.3166166841983795
59 -0.021773379296064377
60 -0.20418075680732728
61 0.4405400466918945
62 -0.031267870664596555
63 1.2162648439407349
64 1.9053984880447388
65 0.22205132573843003
66 -0.21471378207206726
67 -0.08144024759531021
68 1.1786826372146606
69 0.2499585211277008
70 0.027449408546090126
71 -0.6262112355232239
72 -0.5946449041366577
73 -0.8282005810737609
74 -0.836947500705719
75 -0.8011775612831116
76 -0.9184238910675049
77 -0.07617986679077149
78 -0.23648104295134545
79 -0.17528500616550446
80 -0.33733343735337257
81 -0.050221716184169055
82 -0.2766965103149414
83 -0.1888657319545746
84 0.6775094866752625
85 1.3003470802307129
86 1.2009347152709962
87 1.4013104438781738
88 0.7618077802658081
89 0.7423288822174072
90 2.6387853622436523
91 3.4694249629974365
92 3.105551490783691
93 3.273646831512451
94 2.9023084259033203
95 2.1550999450683594
