12 0
13 0.7032967032967034
14 0.5980392156862745
15 0.47191011235955055
16 0.5
17 0.7181818181818181
18 0.678082191780822
19 0.3269230769230769
20 0.25806451612903225
21 0.4519230769230769
22 0.6060606060606061
23 0.594059405940594
24 0.7352941176470589
25 0.5523809523809524
26 0.46017699115044247
27 0.6228070175438597
28 0.6695652173913044
29 0.6046511627906976
30 0.7886178861788617
31 0.7064220183486238
32 0.6319444444444444
33 0.39622641509433965
34 0.2391304347826087
35 0.2
36 0.1566265060240964
37 0.3488372093023256
38 0.45348837209302323
39 0.6781609195402298
40 0.5617977528089888
41 0.6363636363636364
42 0.7261904761904762
43 0.7303370786516854
44 0.6666666666666666
45 0.7752808988764045
46 0.7472527472527473
47 0.7941176470588235
48 0.5980392156862745
49 0.3469387755102041
50 0.3103448275862069
51 0.367816091954023
52 0.5952380952380952
53 0.8727272727272727
54 0.5813953488372093
55 0.6219512195121951
56 0.7
57 0.77
58 0.6372549019607843
59 0.42528735632183906
60 0.4
61 0.45544554455445546
62 0.594059405940594
63 0.62
64 0.6407766990291263
65 0.5
66 0.5436893203883495
67 0.6761904761904762
68 0.5040650406504065
69 0.6460176991150443
70 0.6944444444444444
71 0.7115384615384616
72 0.5865384615384616
73 0.48214285714285715
74 0.48598130841121495
75 0.59375
76 0.45985401459854014
77 0.16666666666666666
78 0.19642857142857142
79 0.32432432432432434
80 0.25263157894736843
81 0.4166666666666667
82 0.5
83 0.5408163265306123
84 0.5154639175257731
85 0.5510204081632653
86 0.5151515151515151
87 0.55
88 0.7027027027027027
89 0.49
90 0.5873015873015873
91 0.4326923076923077
92 0.3333333333333333
93 0.2571428571428571
94 0.11214953271028037
95 0.28846153846153844
