7 0
8 0.5575221238938053
9 0.2696629213483146
10 0.17094017094017094
11 0.10833333333333334
12 0.102803738317757
13 0.0
14 0.22105263157894736
15 0.34
16 0.39814814814814814
17 0.39
18 0.65
19 0.5196078431372549
20 0.5436893203883495
21 0.5959595959595959
22 0.5533980582524272
23 0.5871559633027523
24 0.6239316239316239
25 0.5612244897959183
26 0.5728155339805825
27 0.6808510638297872
28 0.7647058823529411
29 0.7023809523809523
30 0.673469387755102
31 0.42727272727272725
32 0.32
33 0.3448275862068966
34 0.4642857142857143
35 0.4583333333333333
36 0.41284403669724773
37 0.5315315315315315
38 0.6976744186046512
39 0.9176470588235294
40 0.8571428571428571
41 0.7127659574468085
42 0.40594059405940597
43 0.6923076923076923
44 0.6666666666666666
45 0.6629213483146067
46 0.7582417582417582
47 0.7314814814814815
48 0.5670103092783505
49 0.8018018018018018
50 0.89
51 0.7717391304347826
52 0.6585365853658537
53 0.5977011494252874
54 0.3368421052631579
55 0.3253012048192771
56 0.39285714285714285
57 0.5053763440860215
58 0.5851063829787234
59 0.6746987951807228
60 0.8876404494382022
61 0.6545454545454545
62 0.574468085106383
63 0.6724137931034483
64 0.5929203539823009
65 0.37719298245614036
66 0.41134751773049644
67 0.13333333333333333
68 0.025
69 0.0
70 0.09482758620689655
71 0.09009009009009009
72 0.1926605504587156
73 0.4158415841584158
74 0.3425925925925926
75 0.4188034188034188
76 0.39805825242718446
77 0.37362637362637363
78 0.5054945054945055
79 0.5824175824175825
80 0.6708860759493671
81 0.8735632183908046
82 0.7471264367816092
83 0.686046511627907
84 0.5777777777777777
85 0.6
86 0.6
87 0.6547619047619048
88 0.7073170731707317
89 0.7926829268292683
90 0.8271604938271605
91 0.810126582278481
92 0.8271604938271605
93 0.8181818181818182
94 0.8181818181818182
95 0.8157894736842105
