1 0
2 0.9855500972270965
3 0.19809119403362274
4 1.7448793840408325
5 -0.05753489322960377
6 0.5260400319099426
7 0.6503306126594544
8 3.153833246231079
9 1.6522429752349854
10 0.0001221822202205658
11 -0.020805876962840558
12 1.3545754146575928
13 -0.26699181616306306
14 -0.287025902569294
15 0.22362127900123596
16 -0.05290247797966004
17 -0.1727106487751007
18 -0.5730401802062989
19 -0.5337717652320861
20 -0.5142761707305908
21 -0.5506648850440979
22 -0.4667427694797516
23 -0.5347573208808899
24 -0.05678618401288986
25 0.0675926499068737
26 -0.20483424484729768
27 -0.29230659604072573
28 0.03784011157229543
29 -0.2564520865678787
30 -0.014501182436943054
31 1.6069362211227416
32 3.134017267227173
33 3.60362247467041
34 3.494270086288452
35 1.258100986480713
36 0.9529722929000854
37 1.041727566719055
38 1.4430673050880432
39 2.180318260192871
40 2.1661370277404783
41 1.9525915908813476
42 1.4085718393325806
43 1.010524401664734
44 1.599188449382782
45 3.593343439102173
46 2.764541382193565
47 0.5504169774055481
48 0.6918587446212768
49 0.7626249243691564
50 0.14778730839490892
51 -0.171088505089283
52 -0.003349684029817581
53 0.25120921432971954
54 0.21277985751628875
55 0.19511080861091615
56 0.635659146308899
57 2.1591695499420167
58 2.246864471435547
59 2.574509382247925
60 2.7247450065612795
61 3.098489007949829
62 3.7338753604888915
63 3.754645891189575
64 3.446173143386841
65 2.972782611846924
66 2.5819735622406004
67 2.633543472290039
68 2.032485218048096
69 1.2995441195368767
70 0.24078863374888898
71 1.7262998056411742
72 0.9313398003578186
73 0.9772481322288513
74 -0.38109137535095217
75 -0.269214945435524
76 0.3429118847846985
77 1.2352764081954957
78 0.8285231661796569
79 1.53213538646698
80 2.975424118041992
81 3.3550947761535643
82 3.263292741775513
83 3.8857236671447755
84 2.8443360996246336
85 2.7415037631988524
86 1.1101799011230469
87 0.5408773612976074
88 1.1598345041275024
89 1.5065524578094482
90 2.503733730316162
91 2.65962703704834
92 3.17571967124939
93 3.651425838470459
94 1.1786097168922425
95 0.889279465675354
