2 0.5745562367962839 1.5 3
3 0.44700790308540517 2.5 3
4 0.15303384451091653 2.5869094189962487 3
5 0.05970035702317067 2.869693903034042 4
6 0.034052077136028994 3.20361185250931 4
7 0.16259449334427276 3.6718877649875705 4
8 0.2467575850656069 4.127613447627729 4
9 0.6222934114893622 4.618391789592216 4
10 0.242363185980108 5.123240080623585 4
11 0.09129247657973401 5.5 4
12 0.12445806901413425 5.5 4
13 0.12822722681096135 5.5 4
14 0.13864349555602282 5.5 4
15 0.12242146598380307 5.5 4
16 0.4810771252837125 5.5 4
17 0.27194206860410364 5.5 4
18 0.3825402909184348 5.1353835959762275 4
19 0.315635535613549 5.39440836179532 4
20 0.30694095822247647 5.5 4
21 0.17599760611793577 5.5 4
22 0.1707216873544097 5.5 4
23 0.03967079003164349 5.5 4
24 0.018373845095012543 5.5 4
25 0.1288362273606676 5.5 4
26 0.09554953429808244 5.5 4
27 0.20765735333309446 5.5 4
28 0.13931763569988337 5.5 4
29 0.09901160232789423 4.906809184092439 4
30 0.5430418051666486 3.926112032422272 4
31 0.25142649995902094 4.085178987464435 4
32 0.15218565571389403 4.63354021597467 4
33 0.13179646165593462 5.191661660075119 4
34 0.6206063956456059 5.5 4
35 0.11476691063191694 5.5 4
36 0.4752301990787886 5.5 4
37 0.3538798106212859 5.5 4
38 0.19217823489526767 5.5 4
39 0.2886141174539756 5.5 4
40 0.3806691976287067 5.5 4
41 0.6303882372911348 5.5 4
42 0.05407942897533053 5.0026760224238025 4
43 0.03385575572288348 4.511997566129656 4
44 0.020717201745544367 4.495575993406856 4
45 0.03539099513190262 4.967546759342985 4
46 0.07767003265184724 5.5 4
47 0.07792913550170424 5.5 4
48 0.3094605258805302 5.5 4
49 0.08441358500674044 5.5 4
50 0.024373077967920313 5.5 4
51 0.2643028560988485 5.5 4
52 0.17656743934874497 5.5 4
53 0.028050534395616843 5.5 4
54 0.01897122801063311 5.5 4
55 0.034954288508009024 5.5 4
56 0.058603207867588006 5.5 4
57 0.48030073036711896 5.5 4
58 0.04815802190089993 5.5 4
59 0.11968003519806296 5.5 4
60 0.08421804700178835 5.164393274928283 4
61 0.15127342120764192 5.5 4
62 0.06335701494796485 5.5 4
63 0.36863131639826946 5.5 4
64 0.3577950345367266 5.5 4
65 0.10486620813575229 5.5 4
66 0.3459987442881943 5.5 4
67 0.4536150723811097 5.5 4
68 0.04274743981392517 5.5 4
69 0.042221531106649904 5.5 4
70 0.029015401074552607 5.5 4
71 0.033693076999243204 5.130090951102392 4
72 0.04307869640030822 5.398016276641807 4
73 0.17739796923545287 5.5 4
74 0.043461045502699816 5.5 4
75 0.03865472070681535 5.5 4
76 0.07067698851876944 5.5 4
77 0.17983304057758076 5.5 4
78 0.29087985043661413 5.5 4
79 0.15149329109579684 5.5 4
80 0.19964200318937167 5.5 4
81 0.6356593508180725 4.763576067010348 4
82 0.5692670992259576 4.017062119663518 4
83 0.4249349777940687 3.758200643950913 4
84 0.07875940907091782 3.4344348095159076 4
85 0.3171459294600895 3.101206314738054 4
86 0.24011909730659484 3.63654231013314 4
87 0.20505012619314897 4.194353125200214 4
88 0.1567735964710135 4.859636353061389 4
89 0.13236423222012597 5.5 4
90 0.08239505837421969 5.5 4
91 0.2745552519906279 5.5 4
92 0.27946913146643915 5.5 4
93 0.16830120150876496 5.335231766611425 4
94 0.031387777574402115 5.244586770184018 3
95 0.028741604622407563 5.413183815398093 3
