8 0.2503758878941251 1.5 3
9 0.0035660994961227523 2.5 3
10 0.010137927622870399 2.8486714095199313 3
11 0.0 3.1760968762604715 3
12 0.0841701869416478 4.049909307476685 4
13 0.14135091921465326 4.5 4
14 0.10875040755594348 4.5 4
15 0.5811487284779637 4.5 4
16 0.06545784955971902 4.5 4
17 0.2773782200398079 4.5 4
18 0.3997045017007709 4.5 4
19 0.4373289973020493 4.5 4
20 0.15789453100549683 4.5 4
21 0.01306698633395307 4.5 4
22 0.012458766254275739 4.287816725359178 4
23 0.38933931705830255 3.12343621664523 4
24 0.034442780588953684 3.3121130283940183 4
25 0.1015691688392201 3.6921453633310413 4
26 0.12548581450326832 4.140786788248497 4
27 0.02104200938037967 4.5 4
28 0.48068873638731735 4.5 4
29 0.5361089957198713 4.5 4
30 0.4946103905317743 4.5 4
31 0.5783544678663872 4.5 4
32 0.6514144952847414 4.5 4
33 0.5741637997672797 4.5 4
34 0.30254377788242626 4.5 4
35 0.11955101950780088 4.373694534506209 4
36 0.11614547133205229 3.8749385684675834 4
37 0.06956051418099504 4.33290952705274 4
38 0.0640399925130692 4.5 4
39 0.07823512910286096 4.5 4
40 0.416461353429079 4.5 4
41 0.43776169271550924 4.5 4
42 0.539461443448864 4.5 4
43 0.6506995762541226 4.5 4
44 0.0011435641393090419 4.5 4
45 0.0644952361280345 4.5 4
46 0.05267579561434926 4.5 4
47 0.07889710574885044 4.41392918017308 4
48 0.2764202512334807 4.109862615280093 4
49 0.3319012524054028 3.945726333724917 4
50 0.5104388487378431 4.370658131865056 4
51 0.3599239989504258 4.5 4
52 0.5454760493480403 4.5 4
53 0.7964301671865337 4.5 4
54 0.1444682093740169 4.5 4
55 0.008806656791927258 4.5 4
56 0.022388495213451744 4.5 4
57 0.040771688731203556 4.5 4
58 0.30265619031882235 4.5 4
59 0.46417567964986317 3.801750752967753 4
60 0.3533895068795689 3.9305837545563116 4
61 0.0836621127375457 4.433221967156634 4
62 0.028089957004877937 4.5 4
63 0.4281661785391805 4.5 4
64 0.46555006983276603 4.5 4
65 0.6783299674744268 4.5 4
66 0.21326339000801559 4.5 4
67 0.4734516736567269 4.5 4
68 0.013576011446912565 4.5 4
69 0.008055844554451791 4.5 4
70 0.059346563015674515 4.2473754597925435 4
71 0.16205419314828312 4.0064976185382255 4
72 0.10361830876228048 4.295265289004659 4
73 0.06480288847781572 4.293315958854567 4
74 0.5736356285746285 4.5 4
75 0.732667530703072 4.5 4
76 0.10222569521841975 4.5 4
77 0.16515523148914735 4.5 4
78 0.5282226473571879 4.5 4
79 0.3864187390773621 4.5 4
80 0.4336239887079288 3.8968079090269456 4
81 0.6952840224828463 3.8450208042686134 4
82 0.2770585370795698 4.408732969900375 4
83 0.2689555567083274 4.5 4
84 0.44315123648701377 4.5 4
85 0.8251986558175304 4.5 4
86 0.3024938217739299 4.5 4
87 0.2907702582821024 4.5 4
88 0.8192671544639397 4.5 4
89 0.7083951462372168 4.5 4
90 0.25903456440183303 4.5 4
91 0.5787498730968302 4.5 4
92 0.5519602490316082 4.5 4
93 0.71191534196974 4.453108267053743 4
94 0.0 4.5 3
95 0.028883291245719138 4.5 3
