2 0.5872555553296924 1.5 3
3 0.5341708362088159 2.5 3
4 0.21290883036207978 2.8704229095467606 3
5 0.006672020092696993 3.329678632331387 3
6 0.0400679337639035 3.7329634550212236 4
7 0.04447595005077303 4.092553820080326 4
8 0.4816310303614038 4.422069303570648 4
9 0.40726771326990463 4.003532823486879 4
10 0.32004638920030465 4.360348070076117 4
11 0.6232280785620143 4.471036173872822 4
12 0.08004738775639544 4.809992834160569 4
13 0.19644725928098827 5.249943137331444 4
14 0.07236877165990584 5.339341676233355 4
15 0.41498481137090604 5.5 4
16 0.0879777589411339 5.5 4
17 0.7038996673861622 5.5 4
18 0.13444491452950735 5.5 4
19 0.04603674599490787 5.5 4
20 0.025451547850353546 5.5 4
21 0.11319200874368489 5.100538810059981 4
22 0.6877413865659021 5.369255810984509 4
23 0.0390517893059678 5.5 4
24 0.08451298509269256 5.5 4
25 0.0904186578330961 5.5 4
26 0.1377565460632113 5.5 4
27 0.5450660308148523 5.5 4
28 0.4233510228577246 5.5 4
29 0.1518247284898454 5.5 4
30 0.1952678863910196 5.5 4
31 0.15289563894880484 4.93221385950809 4
32 0.03609304774106429 4.123367794846097 4
33 0.11978346044932427 3.9529818782924266 4
34 0.14733021185071435 3.5897642545643755 4
35 0.0626467377411018 3.2489818926938896 4
36 0.05744135228272743 3.7424565638423846 4
37 0.08552002847300234 4.250834327113036 4
38 0.09274373609812533 4.905682082261228 4
39 0.06887164862990684 5.5 4
40 0.20583096966983333 5.5 4
41 0.2583567245097917 5.5 4
42 0.7498705216994818 5.5 4
43 0.48820697762444815 5.3625504295775315 4
44 0.0415707906137392 5.1709665764747115 4
45 0.3829592804755405 5.228559854122563 4
46 0.3183972881056402 5.230908667463729 4
47 0.29027783979009286 5.327231535670245 4
48 0.26696471344356004 5.5 4
49 0.11252818339057226 5.5 4
50 0.27077540135030126 5.5 4
51 0.2504836458577335 5.5 4
52 0.43180557819243875 5.5 4
53 0.062335566628585186 5.5 4
54 0.1022295791578463 5.002766707745591 4
55 0.3613808502309639 5.212760810691012 4
56 0.6013440236473382 5.352428413696587 4
57 0.2376048645017509 5.5 4
58 0.45432213291178375 5.5 4
59 0.5374388604392861 5.5 4
60 0.5179876845837706 5.5 4
61 0.08281477771399699 5.5 4
62 0.05346628542147992 5.5 4
63 0.12016308079636262 5.5 4
64 0.08237877862714035 5.5 4
65 0.07321806241898808 5.108249029163904 4
66 0.05931517948204301 5.384580287107244 4
67 0.08825141476899338 5.5 4
68 0.08656247026320864 5.5 4
69 0.08948122822249029 5.5 4
70 0.1523923962715698 5.5 4
71 0.3358126169166995 5.5 4
72 0.0816612265297428 5.5 4
73 0.043955713728585775 5.5 4
74 0.09009304153273721 5.5 4
75 0.11871520266839418 5.5 4
76 0.46096214443782174 5.5 4
77 0.394021356203927 5.5 4
78 0.32959207813743696 5.5 4
79 0.26159576055444433 5.5 4
80 0.11614732504739327 5.5 4
81 0.13168638854729972 5.5 4
82 0.5258816195927468 5.5 4
83 0.6126635135564724 5.5 4
84 0.4628943628993308 5.5 4
85 0.46064863193219047 4.569847351997684 4
86 0.4330212980521644 4.584289934323664 4
87 0.5510580273111817 4.553539181741246 4
88 0.2172573350216938 4.703968433396003 4
89 0.4118967301330167 5.071520828395718 4
90 0.16740824643482977 5.392663783410826 4
91 0.8165495889565197 5.5 4
92 0.7590236507331256 5.5 4
93 0.9345519882533126 5.5 4
94 0.7992990617902712 5.5 3
95 0.9139925447123397 5.131179323641889 3
