13 0.28331079706395795 1.5 3
14 0.018877828427136832 2.5 3
15 0.0 2.966569593707256 3
16 0.0 3.471265353471812 3
17 0.2994681553443507 3.5 4
18 0.4156485643404389 3.5 4
19 0.2439548444478423 3.5 4
20 0.3153056443008443 3.5 4
21 0.648920868396729 3.5 4
22 0.48117210053379406 3.5 4
23 0.2804342040736066 3.5 4
24 0.6230519182483764 3.0771666377271356 4
25 0.4946428583354458 3.4051532574965093 4
26 0.236338180062766 3.5 4
27 0.2439211824828511 3.5 4
28 0.16654799401974132 3.5 4
29 0.24916803141077937 3.5 4
30 0.5882668827450183 3.5 4
31 0.33266155681500337 3.5 4
32 0.656186745353783 3.5 4
33 0.1410909947028533 3.5 4
34 0.5634142855685458 3.5 4
35 0.688985946931665 3.5 4
36 0.7172848427008718 3.5 4
37 0.4664163669160063 3.5 4
38 0.5944943886104638 3.5 4
39 0.17778246997428981 3.5 4
40 0.08258314570464415 3.5 4
41 0.07966866012861173 3.5 4
42 0.005736103198327035 3.5 4
43 0.25269515284267846 3.5 4
44 0.2732190399809088 2.902404436762816 4
45 0.14212766424139503 2.8523082366359596 4
46 0.2064465844131243 3.1104155747481275 4
47 0.06035562965754071 3.0687767830185186 4
48 0.13762518313205163 3.398245830098807 4
49 0.5960456612797407 3.5 4
50 0.23437300664522634 3.5 4
51 0.1912590267723284 3.5 4
52 0.16042487303938946 3.5 4
53 0.15681269901890313 3.5 4
54 0.11718659577466682 3.4838377495810855 4
55 0.23175607712115662 3.06703926538075 4
56 0.34724263579527853 3.242257760545275 4
57 0.13705789370909374 3.5 4
58 0.19224783969132384 3.5 4
59 0.09048423666749786 3.5 4
60 0.08807031873611998 3.5 4
61 0.11729569503813345 3.5 4
62 0.6216955067435772 3.5 4
63 0.18620807200341388 3.5 4
64 0.2819117663099544 3.5 4
65 0.5595349700783946 3.5 4
66 0.22503477069474864 3.5 4
67 0.3799638399353831 3.5 4
68 0.03936748627959585 3.5 4
69 0.016263158968485448 3.5 4
70 0.07394827243473126 3.5 4
71 0.08617125168529975 3.5 4
72 0.5937105365719902 2.6924070430045686 4
73 0.10269984787914657 1.9810469290633481 4
74 0.07385555192141742 2.386496644926883 4
75 0.2666065238325973 2.848203519118557 4
76 0.09430412363321307 3.3777797855533427 4
77 0.18496532511084168 3.5 4
78 0.4270225060039189 3.5 3
79 0.283327943381713 3.5 3
80 0.2246216550805984 3.5 4
81 0.5782827947224046 3.5 4
82 0.5488416739580013 3.5 4
83 0.15749062255244584 3.5 4
84 0.2292613670306148 3.4043662653023348 4
85 0.11108462373089957 3.5 4
86 0.05269720175146789 3.5 4
87 0.11768567897710083 3.5 4
88 0.44074046185764815 3.5 4
89 0.004888918360296743 3.5 3
90 0.5539210234374811 3.5 4
91 0.1716803347909559 3.5 4
92 0.21160152145531447 3.5 4
93 0.8699083455291241 3.5 4
94 0.9501955063645512 3.4471213688649875 3
95 0.8776053193050681 3.467260561753035 3
