2 0.3691398328133058 1.5 3
3 0.20775533360863863 2.5 3
4 0.31349595509687866 2.7727913759600824 3
5 0.6861392482080213 3.1973602434925104 4
6 0.6836827272820681 4.017689484303155 4
7 0.5911813674760343 4.822529292224144 4
8 0.6998902323966932 5.5 4
9 0.5845766996013111 5.5 4
10 0.5204037702858163 5.5 4
11 0.3588996421897383 5.5 4
12 0.19144996971268177 5.5 4
13 0.49112804794868986 5.5 4
14 0.0728016053781378 5.5 4
15 0.04871919388971961 5.5 4
16 0.05889675532760151 5.5 4
17 0.13841155082948967 5.154330501783417 4
18 0.09376308978496052 4.107962718031198 4
19 0.12592045452523923 4.310028403613632 4
20 0.7700144408016382 4.710537165215535 4
21 0.6587905759559163 5.142138840007815 4
22 0.34640515409668676 5.5 4
23 0.06608445680001315 5.5 4
24 0.47210152303765013 5.5 4
25 0.08675569528974203 5.5 4
26 0.011255158409567137 5.5 4
27 0.14902656309685341 5.5 4
28 0.228628945282549 5.5 4
29 0.0016249250486700109 5.479969001457422 4
30 0.3574990484677863 5.340929479116894 4
31 0.27598117530712374 4.902112820418868 4
32 0.5915285862013842 5.381295392318167 4
33 0.5944808453479219 5.5 4
34 0.5092946616512346 5.5 4
35 0.512815322823441 5.5 4
36 0.7238211168980269 5.5 4
37 0.704044338594525 5.5 4
38 0.16882632173015846 5.5 4
39 0.3827244319365989 5.5 4
40 0.5851941633700345 5.5 4
41 0.6773529550801703 5.5 4
42 0.8281902565521493 5.310211709174939 4
43 0.633936737660263 4.904946677825239 4
44 0.5473466696425593 4.876027479285054 4
45 0.22306949472603588 5.294799399185816 4
46 0.03717067644709291 5.5 4
47 0.03393336409872332 5.5 4
48 0.044008595864235056 5.5 4
49 0.09349950861436873 5.5 4
50 0.07393645917216944 5.5 4
51 0.4011076073814691 5.5 4
52 0.054526418103222604 5.5 4
53 0.32298337215462053 5.5 4
54 0.20009730376230456 5.5 4
55 0.07000395116780166 5.5 4
56 0.0820969531811593 4.6939055982771025 4
57 0.6145907773426937 4.307422380893666 4
58 0.26191045032241234 3.940271800487928 4
59 0.6467744873798649 3.6980958195972127 4
60 0.7979278635515573 3.593940485061401 4
61 0.8026530731505598 3.5227746774896294 4
62 0.7855320822812331 3.2501789322576515 4
63 0.8275328516661193 2.8303940777120515 4
64 0.6731927301874956 2.9639447432891175 4
65 0.7626869975992694 3.160779361044726 4
66 0.7406263503579714 3.292119307511741 4
67 0.2785206392176279 3.4854080327791963 4
68 0.4745870127524952 3.7059245236406495 4
69 0.40239857726818345 3.9137137851852897 4
70 0.42745225133581904 4.066618014864929 4
71 0.6132242042514443 4.318327811688097 4
72 0.09879334995097178 4.533656280238501 4
73 0.3015239348070494 4.1887162684458605 4
74 0.5606476289138387 3.8375351527755557 4
75 0.5747938853692954 4.050296366478724 4
76 0.6862465923191645 4.324557003956754 4
77 0.31616849294198945 4.576902597124732 4
78 0.17902786772904158 4.930127602865817 4
79 0.47061585411445117 5.291559400855971 4
80 0.5077753578301324 5.5 4
81 0.7018508117978803 5.5 4
82 0.4540474463506849 5.5 4
83 0.09489070662961849 5.5 4
84 0.7373044710415256 5.5 4
85 0.5681923587704543 5.5 4
86 0.5732968892813275 5.44756634690825 4
87 0.6970564648432018 5.5 4
88 0.769249717478559 5.5 4
89 0.8334280202627151 5.5 4
90 0.2367510018734616 5.5 4
91 0.42268971266087274 5.5 4
92 0.6633603206457022 5.5 4
93 0.7711439280781669 5.5 4
94 0.849302910720234 5.5 3
95 0.2483535599179825 5.5 3
