13 0.5296745773780509 1.5 3
14 0.17325219445034018 2.5 3
15 0.14874039226792446 2.8419759716200734 3
16 0.1185620063021524 3.201952844334672 3
17 0.14384913754282147 3.5 4
18 0.35271957670945764 3.5 4
19 0.24377575211497468 3.5 4
20 0.6991799472744427 3.5 4
21 0.29630931022475665 3.5 4
22 0.6607573872613538 3.5 4
23 0.4481205398205116 3.491936668921706 4
24 0.7904549543206683 3.182063617779342 4
25 0.7022759630228571 2.9505232340286858 4
26 0.6531604038164176 3.1473673087705465 4
27 0.5898069054479729 3.040837950062287 4
28 0.6356112039991088 3.3079124844943544 4
29 0.8640464780486232 3.5 4
30 0.4716621591546178 3.5 4
31 0.3454014753226708 3.5 4
32 0.22360241021446722 3.5 4
33 0.39123686614211856 3.5 4
34 0.5414193330324872 2.820191177580353 4
35 0.5156710682952655 2.9023469107468918 4
36 0.43588388827737695 3.5 4
37 0.14249543351467645 3.5 4
38 0.6346679861545728 3.5 4
39 0.7396862147231611 3.5 4
40 0.8594646198392374 3.5 4
41 0.6238611753438812 3.5 4
42 0.5686126516287727 3.5 4
43 0.5554888479485305 3.5 4
44 0.6788470113094774 3.5 4
45 0.24815208694224572 3.5 4
46 0.8692920491316121 3.5 4
47 0.8366082027790228 3.3440998765146577 4
48 0.7084371815701992 3.5 4
49 0.8205130312724732 3.5 4
50 0.3127244274332505 3.5 4
51 0.310762827752606 3.5 4
52 0.12719893315317754 3.5 4
53 0.5447405243397224 3.5 4
54 0.17952921909884323 3.5 4
55 0.5771125539478829 3.5 4
56 0.17760466191631005 3.5 4
57 0.2992373079443613 3.5 4
58 0.5170387548048799 3.5 4
59 0.6627536020304546 3.5 4
60 0.7951680053957341 3.5 4
61 0.22051411374342605 3.5 4
62 0.2789887497686016 3.5 4
63 0.7001143133233722 2.619299767960263 4
64 0.8134085027448317 2.1509472619860026 4
65 0.608334229659385 1.9788542908851523 4
66 0.18633276093104853 1.9139966983977792 4
67 0.42223983904762324 1.791572522564864 4
68 0.16746526962439856 1.790122081002177 4
69 0.5957052259778123 1.8805220566913194 4
70 0.3537380981314083 2.028887469040419 4
71 0.7932967102977001 2.3027487042219725 4
72 0.38920711577430817 2.389240428477948 4
73 0.6946997566859704 2.083916331801316 4
74 0.6749132774324011 2.3777523295917926 4
75 0.8312585299657589 2.677852367928528 4
76 0.7245186705805285 3.0129732851294975 4
77 0.5255143770048998 3.364855042679177 4
78 0.3275604611762097 3.5 3
79 0.46907943404988306 3.5 4
80 0.4542495150326452 3.5 4
81 0.6901001637188362 3.5 4
82 0.8534081569738027 3.5 4
83 0.43272228240101923 3.5 4
84 0.5436684696207195 3.5 4
85 0.5843354567315079 3.5 4
86 0.4906311513448276 3.5 4
87 0.3814210231258903 3.5 4
88 0.8426212932958861 3.5 4
89 0.8754544094632206 3.5 4
90 0.662404944270825 3.5 4
91 0.5207203077597704 3.5 4
92 0.522468566471334 3.5 4
93 0.6235627532547827 3.5 4
94 0.03205879932368184 2.729718369306793 3
95 0.6387802836540835 2.805495024400836 3
