13 0.3088290071944543 1.5 3
14 0.22879681127601906 2.5 3
15 0.6087889619289855 2.8445735383357205 3
16 0.0 3.2373812961991955 3
17 0.4735573151604793 3.5 4
18 0.37005244224629646 3.5 4
19 0.1468042917021489 3.5 4
20 0.43768598179531015 3.5 4
21 0.5404179141132043 3.5 4
22 0.7255782185928581 3.5 4
23 0.8001819736378307 3.5 4
24 0.5637933229060752 3.4583582448500527 4
25 0.1406595391425172 3.5 4
26 0.7477671701251656 3.5 4
27 0.6921149592353512 3.5 4
28 0.7953512534099351 3.5 4
29 0.9017751198094822 3.5 4
30 0.8186550828627294 3.5 4
31 0.4246092790966403 3.5 4
32 0.15784315029257245 3.5 4
33 0.21360217554014874 3.5 4
34 0.41902959030329145 3.5 4
35 0.41001311782232475 3.3537139468390014 4
36 0.7712739217139754 3.2447297782807074 4
37 0.4009629052161258 2.9949772637406933 4
38 0.37968674957930304 2.636198329904968 4
39 0.3628794285415709 2.3486978933269858 4
40 0.2779457362273085 2.2565398586563825 4
41 0.8497030732892776 2.314400106836176 4
42 0.7304255417678746 1.9152580814227695 4
43 0.588608815195657 2.051036772070031 4
44 0.43301337623328606 2.320349173817754 4
45 0.2776656081369892 2.6017993851648864 4
46 0.7345259355115029 2.8581629219414753 4
47 0.6384326950758142 3.1005266764424158 4
48 0.7730455123469033 3.3180888652186913 4
49 0.7637964305455986 3.5 4
50 0.740505669130072 3.5 4
51 0.587217397770426 3.5 4
52 0.5815359593223032 3.5 4
53 0.7822227895158789 3.5 4
54 0.7250263671925311 3.476470607313735 4
55 0.47137942870367816 3.5 4
56 0.22669616407823837 3.5 4
57 0.11865096134736323 3.5 4
58 0.12660798672851942 3.5 4
59 0.08578290506640006 3.5 4
60 0.05415864112704222 3.5 4
61 0.19168115114780082 3.5 4
62 0.4779922928017894 3.5 4
63 0.6194378008699283 3.5 4
64 0.5841869811181309 3.5 4
65 0.5317448250235923 3.5 4
66 0.6839783600658262 3.5 4
67 0.6979019737600625 3.5 4
68 0.8409344388409344 3.5 4
69 0.7404292432733701 3.5 4
70 0.754248293186698 3.5 4
71 0.6210217636038546 3.5 4
72 0.726277243990985 2.1996400058011494 4
73 0.8371371564532142 1.9739197765753633 4
74 0.8265935603411984 2.4126904594262744 4
75 0.7047709895511829 2.892613422032533 4
76 0.5764153990651454 3.4222025763285346 4
77 0.5129339014938473 3.5 4
78 0.5260601890654817 3.5 3
79 0.006723383416531723 3.5 3
80 0.0 3.5 4
81 0.06798470740458754 3.5 4
82 0.0 3.5 4
83 0.0011608561170500615 3.5 4
84 0.020161139071999033 3.4773847479459072 3
85 0.11066992521763529 3.5 3
86 0.1324387924896921 3.5 4
87 0.0 3.5 3
88 0.15148684693714815 3.5 3
89 0.16720019013882428 3.5 4
90 0.8088999105828796 3.5 4
91 0.9150386921983371 3.5 4
92 0.8639688339502685 3.5 4
93 0.7628913608230263 3.5 4
94 0.6895017498811915 3.310997495058327 3
95 0.6967411100483134 3.4487327182326846 3
