2 0.8546944720189344 1.5 3
3 0.4105095236999821 2.5 3
4 0.004704803800664243 2.904285936932047 3
5 0.0 3.3192048677183523 3
6 0.04913646794456031 3.743964824797391 4
7 0.1734650894490324 4.086836278879751 4
8 0.1443885771551033 4.355882508686507 4
9 0.10418111501169343 4.721489124323626 4
10 0.1667562466756856 5.106288872506392 4
11 0.08093088670644684 5.448736739099174 4
12 0.14030817224838188 5.5 4
13 0.20248422138122546 5.5 4
14 0.24578598345614866 5.448809173853924 4
15 0.20615659079605667 5.04997521372494 4
16 0.3678871904739257 4.928074846071671 4
17 0.1905491121347905 5.093111041903463 4
18 0.08979041633683887 4.97756139013549 4
19 0.1796224112253042 5.274143589540472 4
20 0.2591858219782343 5.5 4
21 0.3177670299343259 5.5 4
22 0.24424186065420506 5.5 4
23 0.297319624166836 5.5 4
24 0.09090802837297496 5.5 4
25 0.16251879006315634 4.855633583199866 4
26 0.1944608024230911 4.863850782054506 4
27 0.24861269585227078 5.450275686212299 4
28 0.14966010623410075 5.5 4
29 0.12507135581003104 5.5 4
30 0.3620130999630782 5.5 4
31 0.1250613352314574 5.5 4
32 0.6273346048247866 5.5 4
33 0.31247101470479116 5.5 4
34 0.19541983057112816 5.5 4
35 0.5612835082317362 5.5 4
36 0.43711075600045285 5.5 4
37 0.19477711254426658 5.5 4
38 0.33430290592113937 5.330032362344296 4
39 0.4773314281482811 5.5 4
40 0.4792071231244398 5.5 4
41 0.8256421618202231 5.5 4
42 0.6770502972959637 5.5 4
43 0.6162199079921112 5.5 4
44 0.46658509984139557 5.5 4
45 0.27621794626510826 5.5 4
46 0.45992484151202845 5.5 4
47 0.45308374508120913 5.5 4
48 0.7748227831494324 5.5 4
49 0.8377913216238333 5.5 4
50 0.38817147569751187 5.5 4
51 0.17352530270275987 5.5 4
52 0.1797711308629203 5.5 4
53 0.5148646138187102 5.5 4
54 0.5364055981655237 4.588002042943939 4
55 0.028851773665720754 4.299128063682343 4
56 0.06408889686971164 4.061614471357221 4
57 0.3055868973141189 3.966033290957996 4
58 0.16626832262913635 4.044566028141672 4
59 0.2698836390375232 4.1912868502310445 4
60 0.37493980126950005 4.265568189006721 4
61 0.17981653381820994 4.422719145136384 4
62 0.0776710805866231 4.62491625474541 4
63 0.06929841694859008 4.870024962358322 4
64 0.30603057622092644 5.177970315925944 4
65 0.4533205674401188 4.822239545370416 4
66 0.5031092025274198 5.087004790005667 4
67 0.04717061845191154 5.349651135779561 4
68 0.7406638642878878 5.48402372636542 4
69 0.053248398169594056 5.5 4
70 0.7478592019420672 5.5 4
71 0.40016497727954503 5.5 4
72 0.6223287268639458 5.5 4
73 0.20872202425578043 5.5 4
74 0.14387184931092004 5.5 4
75 0.09037356791869777 5.5 4
76 0.04156768658990208 5.5 4
77 0.0217517423864021 5.5 4
78 0.03321405387054158 5.5 4
79 0.32777030647378 5.5 4
80 0.10874556316466669 5.5 4
81 0.10763652298606166 5.5 4
82 0.49734400311054644 5.5 4
83 0.6182139463241384 5.5 4
84 0.17271342056165825 5.5 4
85 0.0688929410584356 5.5 4
86 0.41242503088112387 5.5 4
87 0.1799137707029061 4.970419275139328 4
88 0.17828480184930212 4.590253826302331 4
89 0.18096383711493866 3.9825926773863323 4
90 0.14103014643811268 3.5785581301467317 4
91 0.07474295808814549 3.4801789350038455 4
92 0.1175329500183743 3.5000100130590144 4
93 0.21683834899718638 3.359346933759021 4
94 0.33028147856059203 3.3780222658244163 3
95 0.10939788696791276 3.745687113039021 3
