18 0.7133255863092004 1.5 3
19 0.5128991052383228 2.5 3
20 0.3427942123326591 2.455156008656977 3
21 0.7855561278999912 2.5 3
22 0.8885910345386127 2.5 3
23 0.4592897542393597 2.5 3
24 0.8369478075125907 2.5 3
25 0.4232938927703032 2.5 3
26 0.4307929795309835 2.5 3
27 0.15131571053991655 2.5 3
28 0.6396938583217655 2.5 3
29 0.30881515018771594 2.5 3
30 0.13606217110828542 2.5 3
31 0.026519647705893958 2.1803380742711234 3
32 0.00929278303747978 2.4401193559813037 3
33 0.3424892387285303 2.5 3
34 0.2896590966031723 2.5 3
35 0.2148586862344005 2.5 3
36 0.8221718062495317 2.5 3
37 0.9376733930353096 2.5 3
38 0.6034555707133118 2.5 3
39 0.2728685701360255 2.5 3
40 0.6884984190100343 2.5 3
41 0.3089708141082671 2.5 3
42 0.08919953261997557 2.022591640848499 3
43 0.5186402577116702 1.4999999999998181 3
44 0.4506709434050658 1.6233873401149104 3
45 0.37337724903310526 2.1786600636425426 3
46 0.15056041289914798 2.5 3
47 0.3883095784528581 2.5 3
48 0.1164670465258878 2.5 3
49 0.6589505693213787 2.5 3
50 0.6712820220469556 2.5 3
51 0.4441080312015532 2.5 3
52 0.19385383349540153 2.5 3
53 0.2014041416777788 2.5 3
54 0.5714329847089614 2.5 3
55 0.31361823025925983 1.7275183409396269 3
56 0.6613004220757001 1.4999999999999418 3
57 0.29981616936599237 1.6823614661524116 3
58 0.42287654692589105 2.35452649028429 3
59 0.7026030486244835 2.5 3
60 0.23633116290938788 2.5 3
61 0.5664934485473735 2.5 3
62 0.9019679171788917 2.5 3
63 0.6143430657313214 2.5 3
64 0.7682146932531876 2.5 3
65 0.6392200456599589 2.5 3
66 0.9406382289631318 2.5 3
67 0.05533622016527412 2.5 3
68 0.38538289361124717 1.4999999999999853 3
69 0.38911148032049386 1.5000000000001454 3
70 0.48543036290038744 1.500000000000029 4
71 0.22301015862622098 1.5000000000003784 4
72 0.5255899588248503 1.5000000000002764 4
73 0.5216468259519026 1.5000000000004947 4
74 0.5236594350852873 1.5000000000004803 4
75 0.7597979123980874 1.6527787200293242 4
76 0.774698004475112 1.9291491317314504 4
77 0.7822791415069763 2.1629123160656745 4
78 0.21492271001634644 2.4738807541930585 3
79 0.5884474756656598 2.5 3
80 0.556260930035871 2.5 4
81 0.6726001835671963 2.5 3
82 0.18563898262925133 2.5 3
83 0.7313592194747174 2.5 4
84 0.47548628644761637 2.2004698832946015 4
85 0.6252736571753964 2.0795531053027227 4
86 0.4604740914488203 2.48124527865689 3
87 0.808012879742862 2.5 4
88 0.6208326689548941 2.5 4
89 0.7926623731491307 2.5 3
90 0.7345968720567174 2.5 3
91 0.6350132455052774 2.5 3
92 0.6615155193960457 2.5 4
93 0.4535599743373707 2.5 4
94 0.5055638040155471 2.5 3
95 0.09398766752283368 2.5 3
