8 0.2823078689645291 1.5 3
9 0.12627832711055598 2.5 3
10 0.2621263405762014 2.865991735046563 3
11 0.3947234578650343 3.322382200611424 3
12 0.5867203145294206 3.669736862083899 4
13 0.6926969583934579 4.031471622570089 4
14 0.6962576669547567 4.322887507613489 4
15 0.3613815725748321 4.5 4
16 0.6983336238776326 4.5 4
17 0.5734983888633342 4.5 4
18 0.3599917155012436 4.5 4
19 0.18768498326231411 4.486303098604943 4
20 0.7186920384202639 4.035195178035462 4
21 0.5162106177160979 3.8654401532418707 4
22 0.40381614685972345 4.133746472441617 4
23 0.42817299530533026 4.096194799769859 4
24 0.22878154201839623 4.3561880923267235 4
25 0.660377266722322 4.5 4
26 0.6361313040063935 4.5 4
27 0.22889068320487957 4.5 4
28 0.25805502386692397 4.5 4
29 0.2913189541841582 4.5 4
30 0.8897514103755838 4.048045900554898 4
31 0.33326905240558624 3.9112409706227407 4
32 0.16301051948491987 4.5 4
33 0.08359680835789188 4.5 4
34 0.1902833756183514 4.5 4
35 0.37651088410009875 4.5 4
36 0.11588560233869942 4.5 4
37 0.23635884383675027 4.5 4
38 0.27112645730934176 4.5 4
39 0.14485529960861845 4.5 4
40 0.29665279211206236 4.5 4
41 0.21950470290221213 4.5 4
42 0.16194296483429726 4.5 4
43 0.19626674847183972 4.458524033522124 4
44 0.40412045342807007 4.5 4
45 0.03721811447509092 4.5 4
46 0.48062277687937244 4.5 4
47 0.1359736357719697 4.5 4
48 0.10986447115642946 4.5 4
49 0.06033862918460889 4.5 4
50 0.18740320901849394 4.5 4
51 0.022360051013977617 4.5 4
52 0.01586076754909364 4.5 4
53 0.16188678732016754 4.5 4
54 0.09140024081568679 4.5 4
55 0.20062188822079682 4.5 4
56 0.6120187524328492 4.5 4
57 0.4907691395898177 4.5 4
58 0.052716315791624654 4.5 4
59 0.5442316992360414 3.517526757119842 4
60 0.25267134250864665 3.2826215197975688 4
61 0.4153413963432237 3.1396815289385267 4
62 0.21735290491200532 2.997657735005698 4
63 0.11361588167957767 3.066378731903882 4
64 0.2612869722700003 3.199276188942509 4
65 0.15250300504857306 3.4212348094811387 4
66 0.014336458452615945 3.642344074257082 4
67 0.05047368069549768 3.9105006153242066 4
68 0.1573483349820128 4.271569387925061 4
69 0.39950872013588296 4.423542668155816 4
70 0.6432956264870842 4.3859394148216815 4
71 0.6742306230375089 4.5 4
72 0.03843514285228432 4.5 4
73 0.5586927927315013 4.5 4
74 0.5447604977766192 4.5 4
75 0.08931648927033478 4.5 4
76 0.46694779912977163 4.5 4
77 0.38571116639571335 4.5 4
78 0.43745525638061794 4.5 4
79 0.3169549685947052 4.5 4
80 0.31853242999135817 4.5 4
81 0.3209465394669546 4.337130521800689 4
82 0.6532503116193018 4.255827091752261 4
83 0.6333758952335777 4.077380740482855 4
84 0.6590481986974911 3.7347203624909744 4
85 0.3771441964308999 3.407190353411075 4
86 0.3776528406009905 3.394636054292583 4
87 0.5567512182164843 3.4960680861150615 4
88 0.19925552176612218 3.171858642702573 4
89 0.19294061053846115 3.30028006591303 4
90 0.2864210719412684 3.5335320692527312 4
91 0.15062595390557346 3.832589331248368 4
92 0.4728071811794933 4.1161902016233505 4
93 0.40453604895539097 4.384427303907578 4
94 0.18316376257874353 4.5 3
95 0.016699582844149536 4.5 3
