8 0.5342404428300882 1.5 3
9 0.1940438096210251 2.5 3
10 0.14697025871084388 2.855111796832204 3
11 0.5190414158638257 3.274611364877979 3
12 0.5198851288604805 3.6771096645052093 4
13 0.24383326985144693 3.9286546529957542 4
14 0.06219320684526801 4.225838388697323 4
15 0.32770419585323046 4.464463647107721 4
16 0.04460357118764286 4.5 4
17 0.10302943768259822 4.5 4
18 0.11658612865146525 4.5 4
19 0.01604801088574757 4.5 4
20 0.03818532570287159 4.459483462384802 4
21 0.08200991039861298 4.5 4
22 0.05284044630996556 4.5 4
23 0.12640019687702259 4.5 4
24 0.399284738244591 4.5 4
25 0.3196268918617848 4.5 4
26 0.0006837453978977379 4.5 4
27 0.0748183254568372 4.5 4
28 0.5722617805554132 4.5 4
29 0.11303499592224482 4.2990511784891385 4
30 0.1643013752225941 4.045808591614433 4
31 0.07749583729712864 4.45002938279873 4
32 0.16747296992988434 4.5 4
33 0.13675991464951007 4.5 4
34 0.1367773086249827 4.5 4
35 0.48054529884960845 4.5 4
36 0.7696058022310593 4.5 4
37 0.7826454360881056 4.5 4
38 0.4473312199004301 4.5 4
39 0.027793261014284497 4.5 4
40 0.0434584756269959 4.5 4
41 0.04234741399434675 4.5 4
42 0.11696318606748196 4.5 4
43 0.007661527450442124 4.5 4
44 0.0001528949029205282 4.5 4
45 0.0 4.5 4
46 0.031224157612388736 4.5 4
47 0.020826806451808975 4.5 4
48 0.015586150678270268 4.5 4
49 0.66898150873199 4.5 4
50 0.014187606904477814 4.5 4
51 0.12904868933334002 4.5 4
52 0.6256081533327238 4.5 4
53 0.6989148972752339 4.5 4
54 0.7400742872818016 4.5 4
55 0.21697464084833784 4.5 4
56 0.06928930944573505 4.49749423105098 4
57 0.1079690944243784 4.5 4
58 0.2410017315768115 4.5 4
59 0.33530722615239605 4.5 4
60 0.24550570596884852 4.5 4
61 0.10421492487109642 4.5 4
62 0.22083929489596935 4.5 4
63 0.30698066888254877 4.5 4
64 0.28151011323281816 4.5 4
65 0.24254305266521894 4.5 4
66 0.09153548714050701 4.5 4
67 0.6528890249232037 4.5 4
68 0.687883785456322 3.4838450676408104 4
69 0.7959567334670343 3.01171294677291 4
70 0.7409222858208557 3.430865922082143 4
71 0.723041581661573 3.8963440386483708 4
72 0.7803868695208745 4.39824019210659 4
73 0.5923191865588242 4.5 4
74 0.5868303555733102 4.5 4
75 0.5048539330697749 4.5 4
76 0.6584415111471364 4.5 4
77 0.11062117381943817 4.5 4
78 0.6655006186619115 4.5 4
79 0.3764438711116504 4.474778639679192 4
80 0.28553203828476836 4.364124227563254 4
81 0.3273195534175341 4.5 4
82 0.32159180540551235 4.5 4
83 0.4392394711782877 4.5 4
84 0.34568234052640656 4.5 4
85 0.28080229971780657 4.5 4
86 0.4093589928972857 4.5 4
87 0.28199255661207345 4.5 4
88 0.7410993351581882 4.5 4
89 0.16852210921353203 4.5 4
90 0.8861014403273406 4.1419242429251755 4
91 0.4725672987542479 4.292534770696759 4
92 0.44334687673511447 4.5 4
93 0.5182684818294543 4.5 4
94 0.6811102134971718 4.5 3
95 0.057713497309628846 4.5 3
