0.0 0.0
47.135327696021506 1000.0
680.6882497781548 2000.0
1294.8409127670916 2385.8473370110655
1879.2393710435822 2801.4488787345736
2487.8319679974584 3192.856281780701
3264.3695556149914 3416.3186941631548
4142.856015643942 3537.8322341341836
4984.956728347087 3695.7315214310843
5687.762404022838 3992.9258457552887
6416.001480827299 4264.686768950836
7115.103200630068 4565.585049148063
7803.534288477984 4877.153961300127
8702.918522692073 4977.769727086007
10138.776589596899 4541.911660181145
10815.12202441156 4865.566225366509
11548.044534494004 5132.643715284027
12248.94171559472 5299.102818899257
12934.948794559048 5313.992921035741
13390.691602759667 5544.257191799403
13651.36558395652 5739.326018803095
13972.43082890175 5678.934755054826
14316.275330429744 5656.155498472082
14517.832625120256 5798.442705309513
14734.564263603059 5783.268361517221
15275.936537207426 5458.627726395619
15739.277160256732 5536.65937695066
16309.997139129935 5429.280021126748
17026.16218322268 5283.834955907223
17682.694007218743 5343.468176003914
18269.80851112528 5412.8854960934905
18963.02888481138 5306.779626313883
19735.950887056286 5227.077997755116
20590.091828108325 5145.859058947939
22437.098904145812 4152.9929239625035
23357.416727741984 4232.675100366316
24296.448875492526 4293.642952615766
25206.76666194407 4383.325166164221
25899.00117287879 4691.090655229543
26602.540164234542 4987.551663873737
27224.348253013988 5365.743575094202
27742.388991205065 5481.95926180886
28256.95932810702 5485.429663098108
28753.817957888834 5503.141370218183
29912.44065225798 4841.377305630848
31385.65867829263 4368.159279596182
32194.627481443575 4559.190476445225
32755.64264454163 4998.175313347122
33412.78418312311 5341.033774765597
33968.331286670786 5444.452896452316
34443.69136771884 5524.639918951969
35140.432716955125 5303.258650763729
36009.43836178178 5130.994355173317
37707.69149990331 4301.746861878486
38402.85512924355 4606.583232538193
38781.75454520909 5227.683816572781
39173.38714794255 5608.36739726665
39535.24928412549 5638.1378638171145
39900.20106129644 5635.048222829037
40369.32248907911 5530.8785722173425
40823.4474455122 5545.875043566804
41268.779733752526 5554.667711759686
41719.95115082869 5548.828582923903
42322.00830770801 5397.9428431207225
43525.61020433205 4796.398103375976
44809.56994914197 4512.438358566003
45569.102874892 4752.905432815924
46671.00958518388 4650.998722524058
47374.74996659005 4947.258341117928
48116.37146384704 5205.636843861019
48825.53996623357 5290.831497613627
49529.08664100214 5296.453325231485
50190.20716253845 5338.879478463596
50782.57510678265 5407.6320557558
52337.01150621557 4445.56360056708
53396.88840261663 4385.686704166037
53839.33798451486 4943.237122267781
54293.55968963533 5489.015417147255
54777.697013413774 5515.862676221507
55253.85003886837 5523.8469745453995
55726.33611507869 5527.513923789678
56219.727772908525 5506.60834217012
56727.68640543894 5492.041367469599
57198.78216467632 5528.904240762689
57687.53013207626 5511.252032600084
58475.554936079025 5211.975195997233
59362.45388282235 5113.101053256652
60344.28945045971 5018.164432362636
61167.077931339765 5177.211519119968
61800.70866205259 5366.369269287188
