0.0 0.0
23.38989192759698 1000.0
734.539879128742 2000.0
1389.0930158251763 2345.4468633035704
1971.3088741355177 2763.231004993231
2576.630688373332 3157.909190755411
3208.0201131051244 3526.519766023579
3898.2901649548817 3836.249714173786
4534.155174385837 4200.384704742832
5179.500048901235 4555.03983022743
5777.711805636618 4956.828073492023
6410.970647374364 5323.569231754232
7032.139471778859 5378.831175595573
8167.413092677902 4864.726379100967
9613.53470377799 4418.604768000899
10727.235333244198 4304.904138534657
11593.73898199481 4438.4004897840405
12553.30834755212 4478.831124226739
13308.945209692307 4723.194262086585
14087.771313445712 4944.36815833321
14789.496217395812 5242.643254383172
15525.106853091625 5264.3893643042475
16169.936600623381 5355.170252468239
16722.914825949683 5447.021774673677
18795.952321732395 3926.9625042172993
19384.80740187928 4338.107424070424
19847.336745908124 4875.578080041547
20347.081984208315 5375.832841741298
20887.659782076433 5459.422202131849
21317.330991716506 5570.328790359923
21757.72124487356 5559.609746842927
22219.247443553748 5538.473801319771
22723.480320577954 5495.767122975826
23276.854490562066 5446.625830015925
23830.90352845806 5445.950962104052
24684.990132003524 5145.91339645454
25680.585804634607 5004.40432736893
26887.472947320453 4793.112857314125
27664.707604425363 5015.878200209261
28301.991239892122 5362.7163645332685
28974.197728407817 5327.793511484292
29583.59078881107 5390.606939596758
30205.461868382747 5378.128920428295
30866.938771737492 5338.52309664525
31649.95557619142 5216.983195546146
32381.916385757475 5268.039190433938
33185.55026280798 5196.366122949438
34052.34625841377 5133.204004394148
34779.86554360863 5272.480714805151
35404.62876173552 5375.236781873102
36015.24015831897 5389.388603416548
36784.14858564275 5231.091572676228
37530.15422618077 5253.994359461923
39300.94273365854 4229.211492522273
40882.62597370614 3647.5282524746867
42181.52340142024 3348.630824760605
43398.93466890045 3131.219557280358
44634.67396555299 2895.480260627798
45690.44644775567 2839.707778425126
46668.08080472578 2862.0734214550066
47515.590772900636 3014.563453280156
48585.023652553034 2945.1305736277277
50120.06240365948 2410.0918225212854
50892.48505421935 2637.669171961361
51587.80314756869 2942.3510786120246
52362.953018001834 3167.201208178844
53139.58014446449 3390.5740817161645
53836.064164603595 3694.0900615770825
54098.49685260328 4431.657373577439
54384.81287894498 5145.341347235637
54698.19726645134 5686.615612493612
55044.258741904654 5653.938524546821
55396.013504771654 5648.245237133055
55635.87350858403 5760.13999618766
55897.03304829118 5738.840460292871
56504.06717485238 5392.965873438805
57032.49766306347 5471.569511788884
57777.07489413962 5255.4227689237805
58558.126311995795 5218.948582143808
59203.85399393592 5354.27231805985
59838.45390730229 5365.4000866336555
60580.967919814146 5257.4859874881695
61404.51015355531 5176.457766258839
62167.69420366266 5236.815949892613
64056.986366269986 4110.707837392663
65041.33079147838 4126.363412184266
66042.4953034058 4125.198900256846
66890.76282133936 4276.931382323279
67619.9488358705 4547.745367792142
68323.93417358666 4843.760030075975
