0.0 0.0
23.822705381745664 1000.0
725.4506452789194 2000.0
1368.1947279925917 2357.2559172863303
2016.3989186352962 2709.0517266436273
2657.241069432731 3068.209575846187
3330.73291562269 3394.7177296562336
4034.8915917292634 3690.5590535496253
4659.436191697831 4066.014453581102
5276.999832314896 4382.436359382948
5899.153723674496 4377.846108640391
6500.78912038109 4398.364603293403
7589.3812314472025 3911.4078889338953
8930.360219248247 3570.4289011328738
10073.051742303642 3427.7373780774724
10736.467604006853 3764.3215163742525
11755.574995666624 3745.2141247144714
12372.026893010006 4128.762227371086
12993.685593960305 4378.341299049702
13592.871297587326 4400.814296372975
14205.690654418717 4387.180643168618
14771.790081057998 4433.900573360739
15255.117700922718 4516.672380135287
16835.987517006077 3419.1301839166385
17819.924511798083 3435.193189124648
18213.915842520382 4041.201858402377
18653.72854306146 4560.1872994589385
19120.656363095623 4533.072179965853
19566.074669133097 4554.5816939625465
19965.455618616015 4600.619050517078
20391.21158208895 4574.244036527057
20815.935592002308 4575.275990086657
21308.585100439614 4507.350491562682
21830.86710963382 4477.717990805773
22566.243688436545 4264.623421197288
23471.64725261857 4094.596435817999
24495.857439849042 3975.7898127695416
25306.197647083718 4165.449605534878
25914.807314304882 4391.390332778838
26513.818950124507 4400.988364180379
27102.800997629623 4411.017952494889
27634.2158905107 4468.58510711891
28198.32596771998 4435.889922790717
28881.467047967733 4316.858919752233
29557.431914651897 4324.035133315827
30289.168251435 4268.263663216895
31109.66372937798 4179.504522057034
31779.47345981766 4330.190269560336
32386.31762510057 4393.155834717093
33003.81916082653 4382.498464274035
33646.5740513297 4357.245109496853
34330.93249482683 4315.6415565028765
36202.116120286686 3128.816374540147
38030.093460321696 2300.839034505154
39622.49977791772 1708.432716909118
40016.78458344568 2314.147911381143
40429.61846916199 2901.3140256647903
40773.3776671577 3557.5548276690333
41089.180893407465 4241.75160141924
41423.51251961199 4665.668373795446
41729.75706458646 4693.755455025512
41974.01174232815 4755.74532225831
42276.42584885525 4697.585893472904
42671.202248747526 4605.223600107759
44376.81508746408 3294.3871612834637
46114.82837430638 2556.3738744411503
47370.61116228253 2300.591086465025
48540.16612959809 2131.0361191494812
49624.803116342824 2046.3991324047572
50732.92990118786 1938.2723475597377
51886.75337889929 1784.4488698483158
53211.53116128653 1459.6710874610726
54194.96871308266 1476.2335356649448
54799.082458869394 1872.119789878205
55452.11642443751 2219.0858243100834
56100.51033951635 2570.691909231241
56722.72502131605 2948.4772274315483
57342.52999733162 3328.6722514159906
57923.438663516274 3747.7635852313565
58459.41834861438 4211.783900133237
58832.81524830552 4626.6031003088665
59059.150069234536 4773.665179070995
59308.13129075875 4751.018778475791
59641.9317078502 4666.199582908518
59852.40977442221 4789.521933427988
60359.39688472408 4493.01288969812
61632.33974207423 3727.0571426498423
62690.965137820145 3668.431746903943
63106.24962509487 4253.147259629223
63597.60652411562 4508.643100979258
