0.0 0.0
24.28794329278829 1000.0
659.9741985646739 2000.0
1388.9576780641607 2271.0165205005205
2129.4242054785905 2530.5499930860956
2796.010882007882 2863.9633165568084
3256.576856795379 3403.397341769305
3717.608112026546 3538.968744768827
4298.869223422539 3418.7388886040094
4947.871846391344 3350.9973770311885
6881.350698021691 2066.5211483696485
8356.462949837256 1591.4088965540814
8897.056568186867 2050.8152782044735
9384.834994811468 2563.0368515798764
9839.617215150085 3108.254631241256
10327.997132250448 3511.620082899637
10838.503702091153 3489.493430159298
11449.868093584766 3388.6356085063894
12109.458720096272 3340.4093734885028
12735.032079639408 3374.4266404568725
13343.15430878512 3391.877770854298
14113.501184248216 3229.6531245369115
15106.329817419417 3007.1713668287966
15796.17805510819 3310.151762311237
16301.411335579722 3494.7667195284744
16947.829514079564 3353.5818215001595
17455.958071205932 3491.871442873636
17912.30954161523 3543.6485295907055
18471.86639837036 3440.443143244862
19007.485990026136 3464.380408344217
19634.53986935138 3372.946120674754
20278.859429365606 3355.680439985767
21336.27252080773 2942.5869085578624
22305.42756958693 2973.431859778656
23045.190330248337 3233.6690991172495
23629.466702360736 3415.7236278876067
24110.217127425494 3519.249574935243
24636.73013626349 3473.4869911619994
25169.863867224263 3466.8662690392293
25620.56163377939 3549.3022334448788
26111.6198589672 3508.9417748121973
26576.19328393934 3535.4265750278587
26984.436502632103 3591.7567813072437
27858.61084318361 3125.825659448484
28971.400226176273 2887.2106170073466
29932.622436194764 2925.988406988843
30614.49791001234 3244.11293317127
31261.070782410447 3353.4271276018926
31919.742435906213 3341.328346504235
32566.201923841596 3353.5405120646187
33166.31354101303 3399.88838282857
33581.61540589906 3584.6981351139825
33864.36522821219 3717.250177686859
36288.717099929185 1575.648128283005
36693.96583387816 2170.3993943340256
37107.95489056166 2756.410337650523
37542.25745211841 3322.1077760937815
37992.26012491434 3549.997327204065
38342.006265665164 3650.2538592491715
38759.55929447273 3582.446971192425
39183.328078936676 3576.2312155360587
39651.33723864972 3531.9908402869446
40125.1427551048 3526.194483544924
40714.70845435209 3410.4343007527027
42070.761418400245 2643.947035951842
44207.00763851789 1507.7008158341991
44899.10869311694 1815.5997612351525
45421.35428147203 2293.354172880063
45936.872845594415 2777.835608757674
46481.01571628601 3233.692738066077
47057.48248682012 3423.533229465895
47769.771120627694 3287.7113661924236
48508.04753409043 3261.7235865372713
49189.71278866787 3318.3347454225586
49814.18585787625 3375.526930791627
50429.440040735644 3384.745817140604
51181.44684609387 3247.9931946417687
52137.51520838179 3043.931637712078
53607.73640208178 2529.7788063000085
54128.838730287214 3008.676478094566
