0.0 0.0
23.484286175438605 1000.0
587.3463823524198 2000.0
1174.0514205398383 2413.2949618125886
1812.4326445505471 2774.913737801883
2449.109100459798 3138.2372818926297
2966.7295457937034 3620.6168365587264
3549.8230750222497 4037.523307330162
4172.919742890707 4414.426639461686
4985.188177621293 4602.158204731073
5778.287675959307 4809.058706393095
6730.408147726469 4856.938234625957
9199.99146917694 3387.354913175518
10279.373161763948 3307.973220588506
10810.743252979475 3776.6031293729798
11293.901589860241 4293.444792492215
11759.903893382267 4827.442488970149
12241.730631197059 5345.615751155324
12759.318593065305 5482.41203813176
13367.898361895586 5391.420231169728
14017.465451216005 5350.432910679591
14640.618968343262 5376.846482872759
15247.618314979129 5393.000653364206
16123.283286550743 5124.3350284284115
17200.4833032136 4922.799983337168
17861.334031071456 5261.949255479298
18401.865702954394 5459.468328117057
19023.528192159294 5378.337510795127
19549.012054620274 5474.516137539042
19953.99251478818 5595.019539832029
20536.792034913055 5417.200479875128
21114.519950174956 5422.272084738085
21793.79381683611 5320.726133338829
22544.642615370412 5249.151201465713
23555.332735459164 4989.30987991129
24676.73865269493 4867.903962675502
25411.3551425523 5133.287472818112
26026.325988318233 5385.029154234024
26541.530486866348 5484.795501451905
27084.695559165677 5456.834927700715
27650.42806813862 5434.26749102711
28102.66013451432 5547.767933624309
28589.640981339537 5513.019153174788
29068.105221576952 5521.535759762585
29464.779163370993 5603.326058205929
30394.900798977284 5069.878364393679
31676.187626765368 4718.713172211923
32519.85031153491 4875.050487442366
33246.520370109225 5148.3804288680485
33925.88256365997 5320.637806449276
34550.68395284246 5375.198610817532
35089.50369133391 5461.180261508562
35696.36703157599 5393.1366597579345
36939.98921069771 4756.377820878275
38640.373904376196 4055.993127199796
40483.52473042384 3212.842301152159
41356.810974005995 3339.556057569973
41783.82228707783 3912.544744498098
42183.77534930147 4512.591682274424
42504.36165714335 5192.005374432512
42833.30623552852 5671.055421614817
43144.473475884835 5688.832759643619
43390.31865192487 5754.154823960038
43723.45910892547 5666.859542999413
44001.96515959842 5721.493949327063
45488.73936210131 4513.225797497109
47103.98255664093 3897.9826029574933
48422.46059485334 3579.504564745105
49490.072117580596 3511.893042017874
50619.609151732366 3382.356007866128
51649.59391865343 3352.3712409450864
52762.39109969718 3239.5740599013475
53875.01755260201 3126.9476069965153
55022.41072773844 2979.5544318600914
55832.818385297476 3169.146774301061
56437.31160973182 3564.6535498666967
57079.97915152555 3921.9860080729945
57745.580815603076 4256.384343995489
58396.489614380334 4605.475545218275
59016.54457343784 4985.420586160795
59589.55082525123 5412.414334347439
60049.3710487096 5540.179776541635
60269.278911457746 5780.09213725183
60511.92361928428 5757.355292173469
60903.74155497392 5608.182064310424
61114.855012330736 5788.886542643121
61454.35706423031 5660.4979481004875
62691.680548170385 4762.676516059907
63850.49348951981 4603.863574710489
64227.52600570413 5226.831058526149
64692.38240917279 5535.1435965313185
65258.944185963555 5433.438223209206
65858.24282327556 5400.701362688001
66389.23576557246 5469.0070577030965
66829.99234196919 5559.243423603265
