0.0 0.0
43.56559848896747 1000.0
693.4180770251485 2000.0
1445.2030771497687 2248.2149998753725
2252.0816496730295 2441.33642735211
3063.9701376694247 2629.4479393557585
3880.7814170390848 2812.636659986058
4609.690471791737 3083.7276052333855
5399.076028808187 3294.3420482169304
6228.3686600064375 3465.049417018652
7036.519973504799 3656.8981035202755
7714.363367974646 3979.0547090504188
8463.43014958968 4229.987927435359
9585.869613276433 4107.548463748597
10619.57271447053 4073.845362554517
11365.281255190179 4328.13682183487
12068.003888866857 4625.414188158215
12850.667236926174 4842.750840098943
13562.660224874842 5130.7578521502
14282.547246138067 5410.8708308869245
14923.143086510081 5770.274990514872
15499.753386561915 6193.66469046303
16143.090676395756 6356.6627101662125
16811.50456621295 6331.586110182896
17498.141136301754 6313.363429911197
18216.021539320373 6282.119596981389
19257.15977138014 5958.861767940255
19997.792248355738 6218.229290964556
20552.127430450273 6445.664817905416
20916.299511453417 6635.827918996855
21120.195425886457 6796.104085566973
21323.898701885555 6796.296724000969
21556.018869459538 6767.879832426136
21799.838561786793 6756.1803076728
22196.451810623348 6603.386751163419
22656.426344318308 6540.02546630504
23737.61437731396 5918.81196700428
25250.58037681467 5405.845967503575
26914.41761233646 4742.008731981807
28667.520135005427 3988.9062093128364
29978.06652627012 3678.3598180481213
31147.758729101657 3508.6676152165664
32260.874288756724 3395.5520555614767
33589.25275071483 3067.173593603374
34631.400808333565 3025.025535984632
35430.06662360445 3226.3597207137327
36346.6781631375 3309.7481811806865
37132.44040827288 3523.985936045348
37821.27624831502 3835.1500960032413
38321.96516476962 4334.461179548673
38844.71975560033 4811.706588717974
39211.7202850367 5444.706059281486
39537.3240631237 6119.102281194374
39855.49687568504 6681.82718743856
40134.31357825029 6721.183297434698
41162.23019633198 5972.0833819183035
41668.298797754636 6466.014780495676
42032.250245570256 6636.048552184459
42415.17523850272 6617.075007067583
42869.79035080806 6545.384887694656
43359.469491444936 6510.320859363041
43901.10861535319 6458.3608760916695
44385.81588291141 6515.292732441851
44873.94535440073 6511.870528510687
45620.92223553332 6253.0231188674525
46892.223579026955 5728.6986565064035
48112.32897777727 5508.593257756024
48945.50729073581 5675.414944797476
50071.51699634815 5549.405239185175
50789.79004358044 5831.132191952941
51498.813823424745 6122.108412108711
52199.19854105806 6299.615282366817
52857.135796949566 6342.062744108494
53480.48789938089 6376.647897568664
54056.378681107075 6424.1092182738585
55766.987447684085 5289.391233422996
56682.617563258595 5373.761117848408
57109.36369190373 5947.014989203197
57559.69671525636 6496.6819658504955
58086.263383262514 6473.433331993797
58580.43056965893 6505.832813603604
59073.30602266919 6507.124546989739
59558.41304101321 6514.892981655912
60091.32994681409 6467.08309419912
60588.727081942656 6502.602864871547
61140.8988768541 6447.828205088553
61955.00459123797 6185.8942856161775
62936.98721045176 6018.017380786187
64014.840266271 5922.146944180732
64813.26628064391 6123.7209298078415
65504.23275102717 6309.033529616771
66143.58561553739 6360.647135489755
66802.8740160774 6340.711599459985
67354.65088991012 6448.223126167285
67931.94685422731 6422.704035682801
68628.50088476007 6303.445969467259
