0.0 0.0
48.94415511957227 1000.0
720.4670185607968 2000.0
1352.1223489343633 2368.344669626435
1929.9180049959546 2790.5490135648433
2491.624345071591 3228.8426734892255
3148.9583488042185 3571.508669756603
3881.6242358375985 3838.8427827231776
4578.148521648093 4142.31849691267
5247.608780179774 4472.858238380988
5936.760393291014 4783.706625269705
6618.670991337981 5101.796027222731
7259.867835946219 5358.803155391749
8007.431304332989 5252.43653161321
9320.62334136924 4686.8079629637
9953.978812276708 5053.452492056273
10567.51200015991 5386.466812116793
11221.001438894864 5346.510561265021
11844.245010253873 5376.756428641042
12248.84898517676 5595.396025077108
12480.101027983572 5768.747957193168
12763.39913478397 5716.701893199635
13055.33129541173 5708.067839372277
13228.451309533402 5826.879985878338
13435.33610675756 5793.115202775858
13939.180595059464 5496.155511698083
14392.727408875768 5546.4531861836695
14930.95136935867 5461.776039517037
15533.131380800567 5397.819988558061
16142.596535235094 5390.534845565441
16770.933521719766 5371.663013515345
17505.50342514479 5265.430096575004
18256.16999456966 5249.333430575129
19042.131421022095 5214.038573547524
20788.02073766967 4254.110683352401
21701.47441449815 4340.657006523921
22432.92967191112 4609.201749110938
23389.616273286076 4652.515147735978
24021.144299912343 5020.98712110971
24646.816388202165 5374.327911710136
25214.697393403585 5432.118994798541
25698.101937228985 5516.595456174595
26135.735465964135 5562.366471264894
26675.843928901962 5459.891537062166
27909.04995663174 4766.793972270216
29141.73561325876 4534.1083156432105
29880.06520301329 4795.778725888659
30431.178637387467 5244.665291514431
31008.785720976906 5422.392916410493
31520.487732312682 5488.297988664233
32005.98803973522 5514.499692577485
32630.2746166544 5375.713423080817
33300.131699813246 5330.142916841151
33795.71483911621 5504.416860697049
34217.23420746981 5578.480631646422
34885.26685262795 5331.967354841886
35958.70492162821 4926.561930999783
36785.434889195276 5099.831963432667
37392.73633099658 5392.698558198669
37953.15099327602 5439.585337720562
38493.30365318099 5459.84734009507
39119.76988449349 5373.533768687501
39728.6265052148 5391.143379278672
40252.16044388225 5476.466061332533
40764.02516421135 5488.135279670916
41358.31308491959 5405.712079291786
41987.58954183834 5370.723543081228
43298.79058133671 4688.798960501523
44000.62355243014 4986.965989408149
44620.72872662916 5366.86081520918
45194.447972487564 5426.280754141628
45722.56172058501 5471.886251902517
46255.643186351714 5466.91853423326
46750.854832971934 5504.7883533797985
47249.45521401486 5501.399618957122
47846.88229060419 5402.572923410679
48350.805255984196 5496.077034620033
48913.847754456234 5436.957501527975
50281.088812589696 4632.7589418665375
52180.022839234436 3733.824915221845
53121.018154150246 3792.8296003060254
53623.04040434681 4290.807350109438
54090.322660796024 4823.525093660197
54566.88489906226 5346.962855393938
54981.109928616 5585.774970446231
55299.39846421417 5681.711464401835
55610.38232206779 5689.016142146418
56018.65840479707 5591.723917270714
56408.85583421941 5609.802570577676
56813.909599858394 5594.946234361028
57335.18240132957 5478.727198528808
58861.192721461186 4473.989679868404
60224.81784912358 4110.364552206003
61272.28902135948 4062.8933799701113
61796.016399017855 4539.166002311735
