0.0 0.0
62.21362765991121 1000.0
707.4857807079067 2000.0
1461.6219014746607 2245.863879233256
2030.9646904582362 2676.5210902496856
2168.150868963338 3539.334911744592
2324.7953641479603 3843.3555048153776
2495.925237135974 3828.8701270119827
2639.085760897202 3856.8394762387666
2816.8329654887248 3822.252795408464
2989.975794086062 3826.8571714026666
3187.8774767141235 3802.098317371941
3428.437147073704 3759.440329640415
3786.210719504984 3642.22642756872
4695.736628975694 3090.4740905292897
6141.372629100552 2554.3639998751423
7522.980084520864 2172.7565444548327
8174.375042672327 2521.3615863033706
8691.023649371244 3004.7129796044615
9205.090245547439 3485.933403823809
9762.242563501593 3442.8476820458495
10387.731400093473 3374.511163408122
11142.959645979214 3244.771754114267
11803.53001960397 3339.4296263752476
12330.136506904377 3473.3935126995975
12956.67777884583 3373.458728058558
13802.21472882691 3154.4630500189146
14883.594128157354 2918.6206006695493
16342.564769580009 2459.6499592468936
16830.037480519622 2972.177248307286
17354.326839052854 3447.887889774058
17808.552521623806 3545.774317429048
18439.32693027797 3369.225591345838
19180.857410245397 3258.4695200325823
19829.517571064647 3351.3398391807477
20386.685576020587 3442.831995044054
20961.26517513245 3425.4204008881243
21683.779318983004 3277.485856149447
22373.00842529208 3310.770893690935
23426.77765557263 2946.230769719447
24714.774166037325 2658.2342592547557
25890.043114273954 2482.9653110181243
26397.066717751954 2975.9417075401248
26967.86954248468 3405.1388828073977
27599.733519253743 3368.1360232309407
28317.704274476753 3282.029244776984
28936.54818326014 3381.156091216616
29641.763803479273 3294.784379780868
30222.142354749714 3419.62144872956
30806.704000827838 3415.4383539218775
31292.96446295801 3513.7395378698184
33074.82571192629 2218.138751031721
33852.482696108425 2440.48176684959
34386.60875679878 2906.355706159236
34851.210161809424 3441.7543011485927
35272.778735094165 3578.4314267152613
35746.81343353264 3525.9653015615245
36247.89351022051 3498.9199233121303
36715.861557811244 3532.031952409265
37180.65811009615 3535.2034477150914
37688.78033778985 3491.8777723063
38433.39673804697 3255.383599742887
39744.70361414843 2688.693123898553
40970.866849844126 2462.5298882028533
41753.40175824862 2679.994979798363
42789.13521162249 2644.2615264244746
43453.415375614604 2979.9813624323506
44153.583419642215 3279.8133184047488
44814.967105200165 3338.6163144420375
45446.91585976208 3368.0512454380855
46061.99132781194 3384.9245319501356
46624.2614487187 3437.729879093239
48304.12114722358 2320.1403014951206
49201.55109623554 2422.7103524831564
49572.8670023021 3051.394446416606
49948.06015665749 3624.8068456446117
50431.7248688565 3516.335287800996
50888.77421694575 3542.950651910755
51316.63363407266 3572.1405828730803
51719.95283374442 3596.680800328252
52244.22097706723 3475.7318566771983
52786.52699907851 3457.693977988719
53353.79145052179 3432.735548556715
54063.1988713296 3290.5925791921886
54872.96534902392 3190.2335223056707
55861.8386412594 3011.1267077645216
