0.0 0.0
65.15711793993418 1000.0
608.8236810035285 2000.0
1181.687328555172 2427.1363524483622
1847.1716992105132 2761.6519817930257
2100.965340103225 3507.8583409003068
2240.0763321341556 3860.8890079690773
2388.514976007561 3851.5613561266023
2529.871789787392 3858.643186220168
2702.8048067018954 3827.066983085484
2869.398546511823 3833.4062601900723
3085.605553218813 3783.7929932930065
3309.333590478232 3776.2719627405763
3624.7240777083985 3684.609512769835
4227.76525773749 3396.9588199709074
5930.393041305011 2297.372216432481
7237.032795248409 1990.732462489083
7906.938084841933 2320.8271728955588
8408.617045248007 2819.148212489487
8952.500185226649 3275.2650725108297
9552.044885456478 3400.455299770175
10226.811042895451 3325.233842561033
11037.444536101484 3189.3665067939705
11747.591667692608 3289.8528684088847
12380.141480065557 3367.450187627052
13018.505015146406 3361.636464919152
13732.258463208538 3286.246551937863
14719.797187113545 3012.461276094986
16224.827773275443 2494.9694138381
16700.122509787503 3019.6746773260415
17230.817760550348 3469.304749237155
17740.99668714834 3489.8210734020117
18322.940675973266 3418.0560111750838
19006.78455006585 3316.1561259074215
19685.610231215007 3321.1743188508476
20272.34783795119 3413.2623932638157
20771.463914858155 3500.8839230930275
21352.190993683078 3419.2729211750693
22099.983718737294 3252.2072749457843
23141.672028432695 2958.3116903046007
24378.589247492877 2721.3944712444136
25567.002558714077 2532.9811600232097
26142.497554575533 2957.486164161748
26714.530181796537 3385.4535369407404
27265.321628956346 3449.20855284019
27874.864752383695 3390.456876572653
28499.591352938576 3375.2733994451237
29094.406802350233 3405.1845505883366
29687.12107489616 3407.285727454074
30221.58231904959 3465.5387558465645
30748.278967023813 3473.303352025773
31999.03703970078 2749.241927323042
33443.55561373982 2304.723353283991
34611.465292050816 2136.813674973006
35549.66942886369 2198.609538160135
36537.003663274845 2211.275303749003
37508.981945127685 2239.2970218961545
38386.780621567465 2361.4983454563726
39235.04274267228 2513.2362243515613
39895.82174486884 2852.4572221550134
40598.40108899652 3149.877878027345
41220.38473264572 3378.0163563508004
42533.778834786324 2686.6058978593956
43191.23751230011 3029.147220345607
43819.164502217296 3372.0730100828155
44413.74053205072 3405.423970166574
45019.192390642704 3394.5481414080073
45472.28074854173 3546.9116421009876
45682.76379872966 3789.5169498120713
45926.56483059989 3756.1989681297696
46234.09547685593 3692.469353743963
46404.132412715066 3829.9630641408576
46587.989326364754 3816.1430863503074
47164.75144970422 3423.237876660535
47577.82966288641 3586.921786817823
48113.091614823665 3464.73804806275
48692.10840896035 3420.983205863307
49297.443589312184 3394.664819648145
49922.74670411335 3374.6968851988304
50659.25587567275 3263.4908284406024
51396.90130438304 3262.354571289717
52185.71627164104 3211.1850327420134
53986.3482017747 2199.3680698663406
55035.72400818763 2149.9922634534096
55962.594599583485 2223.1216720575508
56916.583301718245 2269.1329699227867
