0.0 0.0
41.89033787864631 1000.0
716.7233773323345 2000.0
1237.475198986349 2479.2481783459816
1736.3488138015462 2980.374563530797
2237.4110169921228 3479.3123603402387
2751.1834869040636 3965.5398904283193
3446.1176008731118 4270.605776459282
4193.721546684619 4252.3960541884935
4896.9955966619855 4296.725950022608
5545.977420507752 4351.018176154246
6184.048092719563 4361.929327788219
6956.668137275158 4227.379955444396
8278.024899276812 3678.64323799832
8928.343625390444 4028.3245118846526
9520.443208294042 4407.900417096376
10152.540166845212 4367.9030414488125
10790.040396292152 4362.499770553056
11197.70619259977 4592.334203692393
11435.828186705134 4761.878005894641
11724.826228239323 4711.001958465797
12018.978114894082 4705.848113345241
12196.562233489454 4822.415881404635
12393.40722948604 4803.155004003411
12888.652931629162 4504.754297856869
13330.501978886685 4558.150952742484
13865.541585080973 4464.960393805706
14487.359473011871 4378.182112069083
15090.424455527542 4396.93501748434
15667.038782176698 4423.385673350833
16362.233410553768 4304.805371622933
17124.711032610125 4237.5223779436565
17919.44786490345 4205.263167706674
19796.66303803206 3122.7848268713906
20647.798015688888 3271.649849214546
21407.383987838668 3512.0638770647633
22327.007837070545 3592.4400278328885
22919.31510712766 4000.1327577757697
23516.62701018109 4402.688096946569
24120.187014466035 4396.439995715065
24621.45793593566 4498.729078530374
25069.01226697257 4552.445668963073
25591.3243717038 4477.687895268755
26901.39770978867 3689.926661915116
28092.624831646644 3498.6995400571377
28849.45241966795 3741.8719520358213
29373.451539558817 4217.872832144954
29953.812523055214 4419.639016503601
30451.069752172 4502.742770883209
30915.85485343972 4535.214898732268
31509.783482679784 4406.071370759939
32200.63616177243 4309.147320907365
32596.054588414732 4604.581573357698
32778.36998867033 4817.684599744385
33022.28666679014 4756.083321880187
33323.057157589516 4699.229509200628
33722.46165732825 4600.595500261258
34112.1158142086 4610.3458431196295
34497.87683976179 4614.2389744468
35054.74194722541 4443.1348925363745
35727.198637112146 4327.543310113249
37824.3023370865 2902.896300025638
39203.28167824085 2523.916958871295
39721.20545263652 3005.993184475638
40191.092641885494 3536.1059952266596
40654.41163688867 4072.7870002234627
41133.0006286646 4521.411008224055
41659.46834301482 4473.5322856497705
42277.738280537254 4381.730062477565
42907.62445829658 4370.113822240668
43485.995819909665 4421.628638386933
44064.39116557248 4421.604654337167
44955.87547417251 4108.515691399945
45952.88575758752 4002.9897165849993
46637.93090941851 4314.954848169027
47178.374852228175 4459.556057190341
47799.33411544784 4379.04073678034
48312.36171699818 4486.9723984497
48761.02325322438 4551.338463773816
49310.19750621098 4450.825747013408
49882.65713409413 4427.540372116834
50612.75007739437 4269.907056699742
51321.52998306955 4291.220094324799
52730.669789336775 3590.8601937327635
53647.49732408062 3674.032658988919
54406.38240513067 3915.1475779388625
54990.69992098162 4330.830062087922
55484.34761048793 4506.352310493705
56118.083048727145 4366.264561760785
56686.70547221216 4431.3775765149885
