0.0 0.0
44.415747790900724 1000.0
641.3984126666456 2000.0
1275.6322598445324 2365.766152822109
1886.351458960924 2755.046953705719
2548.559062548261 3092.839350118377
3255.4250639349543 3385.9733487316757
3917.2095936058754 3724.188819060781
4598.260120185859 4043.1382924807976
5175.4053420489345 4422.854778136928
5774.799757512927 4400.605584536003
6348.855564447697 4425.944193065225
6963.863891937213 4384.991672510478
7817.973914993354 4145.889976943863
8557.919858976937 4260.054056016414
9182.702689085389 4375.217169891544
9824.94113525064 4357.761553834749
10296.419786929891 4528.521348320739
10544.555352215673 4751.864434714218
10714.853638448105 4829.701713767581
10912.004481789116 4802.849156658996
11182.186966499507 4729.817515289606
11436.343990004527 4745.842976494983
11727.284972370693 4709.059017633829
12942.001024059755 3785.2839483109383
14117.383612686306 3609.901359684365
15248.948313086104 3478.336659284566
16537.69080589479 3189.594166475887
17850.297101623324 2876.9878707473604
18991.057961223196 2736.2270111474963
19955.634947835355 2771.6500245353245
21351.489716877546 2375.7952554931053
22330.773997515105 2396.5109748555706
23172.287401031866 2554.9975713388053
23940.2455020351 2787.039470335589
24768.247305150955 2959.037667219719
25609.155893398376 3118.129078972282
26525.491440004116 3201.7935323665806
27305.984872491208 3421.300099879495
28030.44019673911 3696.8447756315636
28817.60583317628 3909.6791391943993
29527.381958141206 4199.90301422946
30369.644540266814 4157.737417874396
31362.907712714452 4006.7368275523568
32117.232703530837 4245.675009183613
32888.02239452281 4229.210309008018
33646.95283617309 4241.069558349713
34275.62984103802 4371.322995135064
34750.07656716384 4525.553273874186
35048.995569053826 4701.080998110016
35368.244585801585 4680.7509832522355
35778.814468431374 4589.430117370242
36085.25693922384 4693.557529207535
36223.62659760249 4861.63034162135
36390.22073534919 4833.405862253303
36635.93753261615 4754.283202733033
36939.90976695459 4696.027765661567
37329.04200795592 4610.867758998663
37741.396117781405 4587.64589017451
38292.07074301926 4449.325374762146
38866.38605955765 4425.68468346161
40525.50207444338 3340.883985114262
42327.03259075733 2539.353468800313
42905.083011663526 2961.303047894112
43459.01114181599 3407.374917741655
43933.492667388324 3932.893392169317
44428.38448610988 4438.0015734477665
44961.00590319679 4467.378582913088
45607.53173123858 4353.474171958214
46267.711669778975 4339.820061459617
46902.800179544785 4364.911490234194
47502.171791215085 4400.628388329698
48304.92267114621 4197.249120068879
49407.74451111352 3897.1781600326976
50034.679318302995 4270.24335284322
50634.44156632863 4400.237751974377
51234.56445200824 4399.87711432039
51763.71968919227 4470.844762815978
52172.18876796209 4591.530921230173
52702.76647334501 4469.422294617081
53302.638203541865 4400.128269803141
53889.56358427653 4413.074619265331
54560.975604381514 4328.587979895008
55590.94106551244 3970.0345388690644
56580.09808254808 3980.8775218334085
