0.0 0.0
70.12852940132308 1000.0
708.5636420045364 2000.0
1296.5554479848997 2412.0081940196333
1907.0218661075323 2801.5417758970007
2445.523434009078 3263.040207995453
3003.762767606863 3704.800874397669
3198.798464987411 4509.765177017072
3419.574788201016 4779.223676786349
3591.7099834533246 4827.864804747665
3777.0253987337987 4814.684584719498
3917.8285521422044 4859.196846591602
4132.393622404571 4785.434929737628
4333.027103482783 4799.3665189218245
5429.189848147778 3903.8372553350205
6595.401986621464 3737.625116861333
7615.039656937829 3717.987446544965
8728.543578904226 3604.4835245786007
9640.0285979685 3692.998505514334
10671.700413037497 3661.3266904453467
11540.424876677323 3792.6022268055367
12467.307499488279 3865.719603994606
13449.853147107235 3883.173956375648
14478.402248706969 3854.624854775909
15428.673022784431 3904.3540806984593
16001.940395151365 4331.086708331519
16622.501199440194 4379.43919571117
17265.669519342315 4356.831680097888
17857.647620438383 4408.021898903943
18399.163771642532 4458.483848795848
18778.459485993215 4620.704285649312
19003.8460639792 4774.6134220140275
19226.96712666076 4776.878937318446
19547.122863847 4679.84426281374
19726.27432799301 4820.848535853984
20107.988188249146 4618.28613974385
21421.946778327456 3686.041409921693
22465.825974453237 3642.1622137959416
22854.616703136595 4253.371485112587
23307.208507991516 4547.408195145084
23878.11328743084 4429.0952205606745
24489.488845446016 4388.624441984796
24995.05074859873 4494.4380968472815
25453.239126252513 4541.81162234622
26174.987933295564 4278.251192956946
27709.86458607398 3465.1233472215868
28642.548424781828 3532.4395085137667
29783.13329816563 3391.854635129965
31168.081168147684 3006.906765147913
32289.674091112505 2885.3138421831018
33156.67027927093 3018.3176540246577
34608.829571890594 2566.158361404994
35111.61112666195 3063.3768066336384
35529.248676267096 3645.739257028485
35754.2493171545 4420.738616141085
35984.34394773384 4769.905369420664
36206.23009907848 4778.1138486554155
36431.28908440668 4774.941014671774
36691.382543056614 4739.906541350014
36971.3024126711 4720.080130385559
37286.19175135984 4685.110661311253
37647.69148189211 4638.500269467747
38344.35427283875 4303.337209053383
39565.810258313206 3778.5440145255643
40753.478322374875 3590.87595046387
41445.23203976364 3899.122233075059
42430.11055626486 3914.243716573845
43146.18987813167 4198.164394707032
43758.203517604845 4387.986360526833
44367.056680520436 4391.1468370843995
44983.39758283699 4383.6590976834705
45563.780603483756 4419.616979353266
46079.356265940005 4484.424337543756
47559.84282375645 3519.5134421835646
48641.53002854668 3437.826237393349
49023.62481495475 4055.73145098531
49423.392461629985 4600.232353324782
49882.48832684965 4540.904134780343
50318.138103934274 4564.350222915384
50744.705009467216 4573.433094467051
51172.45279216609 4572.252217301129
51617.07292699646 4555.379865169637
52095.69069195642 4521.382235040036
52636.396619310166 4459.294072646246
53391.190095657286 4245.206523652889
54284.063094845216 4107.127000812088
55411.20388043502 3872.8592144101867
56212.35851991671 4071.7045749284957
56839.577400250244 4372.781119666462
57439.66161802342 4399.915782226823
