0.0 0.0
42.77603107817725 1000.0
656.8561564721542 2000.0
1280.6068058207625 2376.2493506513915
1869.0175593090548 2787.8385971631005
2494.476239336117 3162.3799171360333
3193.4448098078124 3463.41134666435
3878.04791250803 3778.808243964154
4603.419872196377 4053.4362842758073
5335.65561844568 4267.764253750685
5937.130663631739 4398.524954813929
6502.06920433947 4435.061459292259
7141.237846096037 4360.8313582434275
8038.371814696989 4102.866031399056
8776.893230613528 4261.478584083465
9354.715578162477 4422.177652451053
9941.246427542945 4413.469150619534
10559.73114772505 4381.515279817886
11141.139234816335 4418.591912908723
11744.158528383425 4396.980706432926
12356.250848405127 4387.9076799783015
12936.017953870654 4420.23289453448
13924.396406752652 4011.6215471180058
15364.769521091304 3559.6268856613233
15865.677531428088 4058.7188753245396
16403.792480665088 4461.885050763001
16934.735801335748 4469.056679329338
17534.469180886645 4400.266620449109
18084.238598843604 4450.230582043035
18701.419359689746 4382.819239153856
19278.755906449558 4422.663453240182
19754.207543718752 4524.548362730807
20105.485285950635 4648.722257768124
20283.505264179985 4821.98002177064
21290.215338771766 3993.289925408215
22023.77746966024 4259.727794519737
22746.381748901877 4277.395720758355
23488.60018519642 4257.781563705445
24192.335739373437 4296.264445822963
24848.711416856484 4343.624322516948
25472.178200035625 4376.53321682086
25898.84268282501 4573.3355172106185
26103.98080029009 4794.861882534913
26300.520052017193 4803.4607482729025
26562.018349055757 4738.5017029614355
27677.11429985688 3884.904049198886
28682.44248190749 3879.575867148283
29681.487017035706 3880.5313320200457
30600.227870510986 3961.790478544728
31549.616777316143 4012.401571739583
32453.26312424289 4096.353653073245
33295.718807518875 4157.544316724021
33755.10249175736 4540.616315761525
33935.04334390773 4820.059147849632
34114.806225666114 4820.237118241623
34359.31615259856 4755.490073067544
34652.533180916405 4706.782971682162
34965.82829867786 4686.704882238537
35251.04153368086 4714.786764996992
35690.940668083036 4560.10086559782
36306.90424983594 4384.036418247087
38256.46609073105 3050.438159104877
39789.92489681555 2516.9793530203724
40351.13879371559 2955.7654561203535
40919.744307168316 3387.159942667637
41401.094779171035 3905.8094706649076
41912.683220079445 4394.221029756479
42478.39971436607 4434.283505713382
43090.38496512888 4388.014749237193
43832.054260471356 4258.330704657532
44410.7182173435 4421.336043127863
45008.280050130204 4402.4381672132895
45818.478506806176 4189.801543324038
46937.16195004336 3881.3165567628125
47594.54716015504 4223.931346651136
48096.38877590806 4498.158384246982
48771.794030606594 4324.594745301468
49310.75325266878 4461.0407779378165
49693.52514364925 4617.228109019532
50275.08505910047 4418.44008454878
50845.87232773114 4429.212731369327
51444.52731883193 4401.3450088991995
52094.74517737048 4349.782141461445
53125.56850276135 3969.176674609119
54230.533797495395 3864.2113798750665
