0.0 0.0
27.219589527344144 1000.0
755.9436759315369 2000.0
1386.4265784971856 2369.517097434352
2064.715281574879 2691.228394356661
2678.5502252064043 3077.393450725129
3328.0175790513254 3427.926096880172
4032.8436103403365 3723.1000655911257
4677.453957375282 4078.489718556247
5284.7013189697545 4471.242356961777
5886.311164798794 4869.632511132734
6514.412394136431 5241.531281795137
7131.854916921407 5624.0887590101775
7759.730840440717 5996.212835490876
8859.983161867929 5895.96051406369
10172.88047150164 5583.063204430027
11258.061813538565 5497.881862393077
12064.899464294962 5691.044211636698
13129.76434406018 5626.179331871501
13813.582120905501 5942.361555026208
14597.773137002441 6158.170538929349
15261.252268888638 6336.5208681138765
15917.267190069193 6343.985078819501
16494.193968413158 6423.073221656054
17002.421836065663 6491.772132347454
19093.704245586177 4908.717590479505
19603.869778904464 5398.552057161198
20059.03527386528 5943.3865622003495
20525.4646594494 6476.957176616217
20974.924799051623 6550.539860397769
21429.314923460563 6545.609875591069
21869.597647973835 6559.717275486738
22388.671072514167 6480.926575459643
22873.249193981537 6515.421878532663
23378.425948837765 6494.823245143765
23917.87042869464 6460.555520143138
24744.5281468379 6173.34228185676
25629.563240705735 6114.964906132201
26824.571306242786 5804.991934462919
27627.668952460983 6001.894288244791
28277.06661911434 6350.602333346668
28884.38038676595 6392.686232348381
29499.1921948246 6385.188191941333
30013.763187679986 6485.429007144594
30573.934961156774 6439.8282265231865
31349.07594425894 6224.859016897912
31989.87278079621 6359.2031634628065
32645.37386841565 6344.498912380506
33541.52779879916 6103.846069616385
34193.84046197805 6347.687336821053
34778.632618652366 6415.207843325654
35402.650897743 6375.981720909345
36058.47735763714 6344.173540105818
36697.77361874475 6360.7037388924155
38418.90898863534 5278.864630109344
39682.76590393923 5015.00771480536
40726.084811159126 4971.688807585413
41862.738131981714 4835.035486762817
42859.99466710603 4837.778951638533
43804.8098536879 4892.963765056684
44613.45985646947 5084.31376227506
45368.16955639168 5329.604062352809
46075.604794951905 5622.168823792555
46708.98536973325 5988.788249011205
47496.473766899966 6201.299851844527
48724.988717945 5771.485048954924
49616.22130733072 5880.252459569321
50450.78003353724 6045.6937333627575
51387.753739801155 6063.0262937360385
51821.867254830075 6565.8864849711135
52095.7682993459 6726.098955484117
52288.54304234205 6807.225257003907
52491.76150647094 6796.7815358711205
52743.640701270524 6748.120805200411
52985.889647056894 6757.751054213677
53536.750750884305 6449.138896172508
54671.259290725684 5865.49146015856
55823.22644856383 5713.5243023203675
56978.85212727995 5557.8986236043875
58325.22295919924 5211.527791685094
59612.78949535914 4923.9612555252
60710.52265387024 4826.228097014104
61601.5383772362 4935.212373648196
62843.10886512157 4693.641885762913
63748.32795484028 4788.422796044213
64610.63755382933 4926.113197055278
65397.11419043176 5139.636560452883
66166.52629609103 5370.224454793644
66879.44136351961 5657.309387365098
67586.44852001383 5950.302230870888
68370.23696768183 6166.513783202871
69178.10093564773 6192.13603203408
69933.86996700331 6244.230968644435
70579.4184020713 6354.451564932019
71597.01389839564 5982.40450367568
72405.62298300413 6173.7954190672
