0.0 0.0
64.8879791918101 1000.0
649.6249757317097 2000.0
1256.98368204554 2392.641293686176
1923.9079638340618 2725.717011897659
2100.423801205518 3549.2011745262057
2244.013810156819 3856.409991048701
2393.9823257038124 3850.0314844530117
2528.445370909448 3865.5369547943656
2671.258012346351 3857.187358563093
2835.211207024148 3836.0468053222053
3025.578780904274 3809.632426119876
3257.9166324165535 3767.662148487711
3586.0358290283943 3671.880803388157
4253.617620909658 3332.4182081187396
6057.939853178082 2195.6777677315786
7172.862861112915 2080.7547597967414
7779.108772727207 2474.5088481824487
8282.378576679595 2971.2390442300666
8883.278513792255 3370.339107117413
9432.355399986895 3450.923113805363
10090.584252203334 3341.7711477835664
10904.448125976223 3186.136126227117
11581.472389142267 3322.975736833961
12194.925160141474 3386.547229000803
12825.283267627574 3369.641892513911
13718.524438630837 3106.758828996741
14807.574814961146 2910.9496236696846
16289.61049319622 2428.91394543461
16766.560339921078 2951.9640987097528
17216.55821663757 3501.966221993261
17720.47778956898 3496.08042706859
18232.768709365235 3487.7090802037483
18833.775072797765 3398.9936365674744
19412.148627446313 3421.626445351453
19993.961029810387 3418.1875976359215
20493.284348575347 3500.676681235032
21153.9595745282 3339.324774047149
21868.045199764772 3285.9143747634316
23006.825537821795 2861.2196619429733
24241.710553180994 2626.334646583788
25431.139604289663 2436.9055954751175
25972.072063268693 2895.9731364960926
26486.022339913416 3382.0228598513645
27079.098725259766 3406.92361465365
27712.683928138107 3366.4147971216557
28358.777897236647 3353.906030901461
29054.893926421923 3303.883970814727
29696.69037308833 3358.203553333594
30254.86951400422 3441.8208590841114
30824.997416867955 3429.8720971362636
31256.209171652026 3568.7882452159347
31547.055458192834 3709.153713459189
32097.497121225344 3449.5583369674787
32549.068479164784 3548.428642060557
32948.84877772725 3600.2197014375206
33396.175922356924 3552.6728553703297
34262.6418868797 3133.534035477217
35038.72437554523 3223.9175113344572
35579.868753113886 3458.8556224313447
36223.62929486508 3356.2394582488014
36683.138731410756 3540.490563454325
37256.70967684314 3426.4290545676286
37986.66584171015 3270.043835132987
38807.21117303221 3179.45466867794
39595.75563189499 3211.4555411372257
40548.2523839827 3047.5032479123
41309.929341395386 3238.323042587318
42756.51894686563 2553.410394529744
43549.308260047095 2760.6210813482817
44337.83792949975 2972.0914118956407
45194.343273151506 3115.586068243899
45947.25846251435 3247.0848106371504
46598.815131729425 3348.4433307849135
47346.713347816694 3252.1017839127344
48059.36930158148 3287.344046235223
48801.31440849484 3258.0548930866316
49507.96854481021 3293.3458636846312
51269.23084432793 2238.7377004822742
53031.377735254624 1476.59080955558
54096.203423299994 1411.7651215102069
55374.58415711605 1133.3843876941476
56801.442669208904 1000.0
57246.22464159321 1555.2180276156894
57621.92216321825 2179.5205059906407
57964.35698976174 2837.085679447153
