8 1.6044838358792033 0.4621646353203605 0 1
9 1.383189090985419 0.5513253467456631 1 1
10 0.7128343248043238 0.7825207625875837 2 1
11 0.6105230374564821 0.8460645035088282 2 1
12 1.054462761594288 0.6720131335889636 2 2
13 1.5219665806327871 0.4924517008932127 3 2
14 1.6817212028467887 0.40089231953712584 3 2
15 1.6246481264199053 0.3265929723410074 3 2
16 1.6686685948118178 0.2644354600942695 3 2
17 1.1055236075205066 0.5188955528219712 3 2
18 0.8697251629596412 0.6213307412868657 3 2
19 1.707692361423577 0.15218695929902162 3 2
20 1.4162757512506055 0.3796053037070295 3 2
21 1.375554161463377 0.4015343737047956 3 2
22 0.9958614436434274 0.6523371286277221 3 2
23 0.7612335962448311 0.7890174992584873 3 2
24 1.0034187725672545 0.6907247183511857 3 2
25 0.7223870268875681 0.7913536350024586 3 2
26 1.2481170570110587 0.617274217883176 3 2
27 1.0755816655785564 0.6398242254270252 3 2
28 0.8072910468621997 0.6728391044336218 3 2
29 1.1411475568916067 0.533283187017271 3 2
30 0.48753653662859087 0.8740102707403696 3 2
31 1.0395790465997319 0.6352028262416729 3 2
32 1.0285312083036517 0.55183217959161 3 2
33 1.4359210818144232 0.2926341337110339 3 2
34 1.892191784046557 0.14292875689713683 3 2
35 2.0302859230453336 0.05505054815925482 3 2
36 2.3105953931362277 -0.050893136275970426 3 2
37 1.6302941212921231 0.2816559715969259 3 2
38 1.1637757701236398 0.587175479710704 3 2
39 1.1299076844989386 0.5925963993540354 3 2
40 1.0453476618445077 0.6714351009922886 3 2
41 0.965015358027701 0.7263582354871789 3 2
42 0.846766210404656 0.7836744194062205 3 2
43 0.8346985373938036 0.7875691509783096 3 2
44 0.7221015561669084 0.8406635098076571 3 2
45 0.7047495668183306 0.8611288707144963 3 2
46 0.6656574887408491 0.8657748676864707 3 2
47 0.5887137941590703 0.8757070921162392 3 2
48 1.127754490217983 0.5928241738931161 3 2
49 2.008352312571744 0.15997887375391145 3 2
50 1.836729946357897 0.2625748677966823 3 2
51 1.4750689580617777 0.3955449776693855 3 2
52 0.9117207972064811 0.6806488707141305 3 2
53 0.45678878478863094 0.905357109237124 3 2
54 1.1941315901852203 0.45338681742561515 3 2
55 0.7962489089007079 0.6996095565576795 3 2
56 0.7531383498829385 0.7160254722179608 3 2
57 0.7559514013391846 0.7915820461414071 3 2
58 1.0658764653836101 0.5993505611341965 3 2
59 1.6442199246169418 0.30471411295678597 3 2
60 1.5271139361603465 0.3772905659562671 3 2
61 1.375094412508183 0.45499883874488195 3 2
62 1.1861984531679273 0.6104879197262834 3 2
63 1.2170587330578106 0.5741183519760259 3 2
64 1.3935860170904375 0.5124491270042978 3 2
65 1.617802365197754 0.4389435127821923 3 2
66 1.4867627312688274 0.4962937836717617 3 2
67 0.9849434238195744 0.702528082525037 3 2
68 1.0822348480502404 0.6599259003704818 3 2
69 1.1029523842019104 0.6509853423746805 3 2
70 0.9970714730679004 0.6897515996292618 3 2
71 0.9911262611249372 0.6982256149342904 3 2
72 1.0936521075826429 0.6660185598917654 3 2
73 0.849436611394152 0.7429143249735229 2 2
74 0.7842887283369819 0.7654306414248728 2 2
75 0.8377518198952361 0.7145480115085397 3 2
76 1.1719966065705751 0.3442151647659316 3 2
77 2.081501943499764 -0.009523234078799207 3 2
78 1.9375974496546142 -0.0050170735750032424 3 2
79 2.3820046746668613 -0.06585110944281901 3 2
80 2.36722910612501 -0.034948046795097845 3 2
81 2.082986740929943 0.052816605589313455 3 2
82 1.9654765952003226 0.12418280464990188 3 2
83 1.55893053706425 0.3101042529845509 3 2
84 1.3371173586076148 0.35375397787943436 3 2
85 1.449552536769028 0.381696312721652 3 2
86 1.3876558412262439 0.39819021753445366 3 2
87 1.2691358752548743 0.41830757654492107 3 2
88 1.1049355955155793 0.5302227243418499 3 2
89 1.1767038735215998 0.4878889242386103 3 2
90 0.8714981190401616 0.6635119281358007 3 2
91 1.4971644814743712 0.34046159489157746 3 2
92 1.4722537292270923 0.28978486304442264 3 2
93 1.2736830542568613 0.33517820431466117 3 2
94 1.492921674836933 0.16345295541194857 3 1
95 1.7082360548590811 0.14781585764712007 3 1
