2 2.1675324746824867 0.33728653205698567 0 1
3 1.3492567461832454 0.6115844847570286 1 1
4 0.6712748008569829 0.7604841755297984 2 1
5 0.9872791833189742 0.6043062071147379 2 1
6 1.1115969546288698 0.5881176361962709 2 2
7 1.0856743085870466 0.584398931111447 3 2
8 1.5725111455324408 0.16558247494829337 3 2
9 1.626860415626516 0.17582044051307766 3 2
10 1.3822073414020428 0.23217550798894426 3 2
11 1.4280303538803487 0.1917079472434126 4 2
12 1.5637021103023852 0.1841144467117392 4 2
13 1.743776853984392 0.14726347388050434 4 2
14 1.492874069921048 0.3510634990054874 4 2
15 1.3277922823445936 0.41388965555492885 4 2
16 1.187566617642137 0.44813938350934984 4 2
17 1.2815158096115118 0.4197526238599066 4 2
18 1.0692274403217192 0.6235750707905394 4 2
19 1.2872169532866788 0.49685964382221387 4 2
20 1.3136389840881213 0.47265034527647176 4 2
21 1.3415834901065278 0.4942707954330174 4 2
22 1.1995842193080124 0.5883449681738951 4 2
23 1.2271239606993998 0.5859369457879313 4 2
24 0.9226626796499833 0.7055429084356475 4 2
25 0.9084999390299746 0.7146423521154098 4 2
26 0.8296498528018272 0.7518789478552197 4 2
27 0.8220845992911565 0.7780314101025563 4 2
28 0.9397797282572302 0.7076370639957463 4 2
29 1.014213068622957 0.6701329549650327 4 2
30 0.9363098590216996 0.6623068229811947 4 2
31 2.141010177738436 0.17316013146210998 4 2
32 2.027516936981744 0.1554875726228111 4 2
33 1.6422581295546612 0.2579651582821972 4 2
34 1.3836562737849443 0.40341376237312343 4 2
35 1.3753299050859153 0.40577031594788776 4 2
36 2.0159221290679605 0.20282457623189265 4 2
37 1.1614727298232461 0.5881825731970614 4 2
38 0.9843190769899302 0.6416822989762014 4 2
39 0.686842255605427 0.8405424153684482 4 2
40 0.6273370547294599 0.846047857825042 4 2
41 0.8648688492552656 0.7293662607002264 4 2
42 1.6031347475017315 0.3641026036125129 4 2
43 0.8142052435065565 0.7756354522980612 4 2
44 1.0763861830081627 0.684153888615896 4 2
45 1.193546924703294 0.656514789237663 4 2
46 0.7704152552105432 0.8155710050931402 4 2
47 0.9035913477606039 0.772614872398154 4 2
48 1.7013881233730999 0.43080756387422825 4 2
49 0.6659434248488143 0.8393949457663623 4 2
50 0.629645357087278 0.8577943757980109 4 2
51 0.92032458159765 0.6782010311271732 4 2
52 1.163879571362739 0.534377685407956 4 2
53 1.312922225900718 0.38769558004452515 4 2
54 1.6334407069717845 0.15324354811570878 4 2
55 1.6800234593540466 0.1545772745936947 4 2
56 1.528668501865491 0.22289881669202954 4 2
57 1.3499284885111225 0.31562221817155234 4 2
58 1.1248936125852556 0.45991060588519783 4 2
59 1.0150795767264746 0.6007990893727454 4 2
60 0.6573481817791533 0.8557577284522991 4 2
61 0.7110849292850139 0.7700225694923799 4 2
62 1.2481192341409537 0.45112715056451796 4 2
63 0.7624009524342936 0.7766709635154259 4 2
64 1.0702456821346669 0.5925804459875306 4 2
65 1.9232970917007597 0.17396940654984194 4 2
66 2.712801383510368 -0.10830527642962351 4 2
67 3.0790480136532645 -0.15712377362241609 4 2
68 3.226540878716433 -0.22610944094041863 4 2
69 3.522242544676165 -0.22703935213935766 4 2
70 2.8579836417996924 -0.1707958637787521 4 2
71 2.3738388881843404 -0.04877086827579151 4 2
72 1.6897726133174187 0.2889188272519712 4 2
73 1.5462382478460475 0.39433564129793625 4 2
74 1.3175596317615703 0.49837288289576387 4 2
75 1.3864060371572196 0.47121075345019153 4 2
76 1.3571773773167983 0.4762365013643601 4 2
77 1.1082257346309685 0.6223606056098479 4 2
78 0.966907123830703 0.6915222740073971 4 2
79 0.9264325099008275 0.6803693150169641 4 2
80 0.801690189802148 0.7666068860459306 4 2
81 0.643157950691359 0.8518386781350615 4 2
82 0.8968529567707337 0.722217495991593 4 2
83 0.8980390441960022 0.704960786691048 4 2
84 1.0178875915826051 0.6162988034531804 4 2
85 0.9970539657574475 0.6227704346698526 4 2
86 0.9064582497575779 0.664778010916628 4 2
87 0.8469142679472332 0.709162661860555 4 2
88 0.7267005884481534 0.7712339648716359 4 2
89 0.596634127173802 0.8184281159369055 4 2
90 0.49160295124813924 0.8734334299983988 4 2
91 0.47839390529415926 0.8817870592746414 4 2
92 0.4857208778639217 0.8823553122465477 4 2
93 0.4437570703842262 0.8928540238685746 4 2
94 0.7674949468931995 0.7729395569143725 4 1
95 0.7660279772759893 0.7757217131804621 4 1
