8 2.1668360522158645 -0.06625910116712415 0 1
9 1.78210899146967 -0.11903805815039205 1 1
10 1.924987989986347 -0.23350664463142007 2 1
11 1.8432917685278003 -0.06831350464277408 2 1
12 2.473213649907021 0.11395162886498536 3 2
13 2.4943578503020953 0.14731319790200875 3 2
14 1.252545351058802 0.44274132355722823 3 2
15 1.2912400008417038 0.42333664789456965 3 2
16 1.5027264190183827 0.2961866484563274 3 2
17 1.7412233395099141 0.18278932362138478 3 2
18 1.8931455941379474 0.12984187323111965 3 2
19 1.4221954026197432 0.42688322816737556 3 2
20 0.9881188764987678 0.6041324159935378 3 2
21 1.377921699540738 0.4047826211743506 3 2
22 0.6736954216940427 0.8368494386181156 3 2
23 0.9929220466188262 0.6174351126559955 3 2
24 1.4892885354823076 0.39711080113869557 3 2
25 1.6862756476192473 0.3778044677561788 3 2
26 0.6905483541512529 0.7934358365359331 3 2
27 0.6806253158928257 0.7927383874899431 3 2
28 0.7259353842137353 0.749890816172692 3 2
29 0.5765207050785257 0.8597865349038027 3 2
30 1.2119140553549386 0.5948499510704254 3 2
31 2.1668532687568574 0.2649921644302524 3 2
32 1.17659131799679 0.41682591684412496 3 2
33 1.073672311849256 0.5078738350124699 3 2
34 1.304907690561878 0.4115621456119052 3 2
35 1.357207987947051 0.5032057770634872 3 2
36 1.365877215686318 0.5175492774307415 3 2
37 1.079256011356831 0.5422562269132462 3 2
38 0.8409037952372058 0.6500064135991473 3 2
39 0.6084891360844225 0.8679765931514233 3 2
40 0.750336372980394 0.8006510492532888 3 2
41 0.6393978177317541 0.8629602767733578 3 2
42 0.5767984634712118 0.8880576928535521 3 2
43 0.9842509248076405 0.6692013835578464 3 2
44 3.6391919467803717 -0.11034953286677122 3 2
45 3.487237735869604 -0.08719028282727634 3 2
46 1.2054326858622026 0.6339372704186318 3 2
47 1.0802302666069208 0.7664796457726937 3 2
48 2.7463139227412228 0.049621312201312426 3 2
49 1.8985459435601344 0.1476402680094331 3 2
50 1.764268791937516 0.05889158348697457 3 2
51 2.367470802200881 -0.08030809445858246 3 2
52 1.9994008472039368 0.003952088996673448 3 2
53 1.9323200450726281 0.026248675160479924 3 2
54 1.9306522537627053 0.04235170731897772 3 2
55 1.4084463719443763 0.34819532795926067 3 2
56 1.237949812377538 0.49056041402741735 3 2
57 1.8087515339996498 0.3640328853626896 3 2
58 2.348309888409177 0.20035805104345955 3 2
59 2.932810471958547 -0.021472706477114762 3 2
60 2.6455801514348396 0.04764317647025411 3 2
61 1.8682640003780095 0.3745553494917428 3 2
62 0.8822886817975304 0.7052060186474675 3 2
63 1.3919194267581156 0.4251165917649059 3 2
64 1.5904266825533133 0.28586317029718744 3 2
65 1.112825256679729 0.5988531835685295 3 2
66 3.133283259945105 -0.01114477171020779 3 2
67 4.241176041962817 -0.2295264083776633 3 2
68 2.44819748347574 -0.14656131299523253 3 2
69 2.9257094013099767 -0.20363210645518304 3 2
70 1.6011197130733157 0.4008594414802196 3 2
71 2.0269378581887434 -0.018894084974496694 3 2
72 2.193360963526133 -0.1242881351298136 3 2
73 2.9520815344466307 -0.2930483327176372 3 2
74 2.303501558983114 -0.11015062529955871 3 2
75 1.9073337130592485 0.1308432076820333 3 2
76 1.299765544489782 0.4534706801766904 3 2
77 1.1046939051354077 0.6376356289870849 3 2
78 0.9899019651346492 0.7048184701840171 3 2
79 1.3685613629764566 0.442529882276983 3 2
80 0.9426430249570004 0.6605037129201727 3 2
81 0.7329099554784859 0.7799078226937467 3 2
82 2.020366770740548 0.36932354463367606 3 2
83 2.6173775197861877 0.19379994816648297 3 2
84 0.3475844060092399 0.9457003927253278 3 2
85 0.8674847140719208 0.6886736824998196 3 2
86 1.4541490067490779 0.4414972814736325 3 2
87 0.45144368386969713 0.9214914716466193 3 2
88 0.5554365164496744 0.9153595135089068 3 2
89 0.3758980164548955 0.9223087822468959 3 2
90 2.1633211774019703 0.2738506970341974 3 2
91 1.6562254788401134 0.45892172417977967 3 2
92 0.5463590142813128 0.8565545324731989 3 2
93 0.3065904713535037 0.9369469555535698 3 2
94 0.9472156201080555 0.7210666370043842 3 1
95 1.0948369696949092 0.6406625125408206 3 1
