2 1.9179805651615833 0.3939940179218612 0 1
3 1.9113920692472215 0.4432059535306529 1 1
4 1.4384670544669333 0.5294139735517849 2 1
5 2.872785024193062 0.33669471562513026 2 2
6 3.0564176180690126 -0.04371383991787946 2 2
7 2.643629735774777 -0.1490036286561494 3 2
8 0.8333372642807273 0.5966111231252378 3 2
9 0.846294454667893 0.7576649548403767 3 2
10 1.2749324281633925 0.5600260188779518 3 2
11 1.02966850232922 0.6707658944174406 4 2
12 1.2330028859426152 0.56085757724009 2 2
13 1.031212324838359 0.6783727832914174 2 2
14 1.1128433005037 0.5691053298368564 2 2
15 1.2278388962609483 0.48484203773048906 3 2
16 0.727293536067724 0.732166898544085 3 2
17 1.0147800039713069 0.6997520163856746 4 2
18 1.6224571385770172 0.39277576215202253 4 2
19 1.4079201875036054 0.5001614166702862 4 2
20 1.5039837046141225 0.4040149540882883 4 2
21 1.4275043353704726 0.47088566959558503 4 2
22 1.1528083901169017 0.6032620524638039 4 2
23 0.7869919879960525 0.7935228846164355 4 2
24 0.7208697691259145 0.8225402765462817 4 2
25 0.4662208587899377 0.9127071668284691 4 2
26 0.9482506192751687 0.6041809376437954 4 2
27 0.5030307975404016 0.8739609137674187 4 2
28 0.595802528797404 0.8573459502741526 4 2
29 0.5916753908931556 0.859123297831431 4 2
30 0.5914643437640814 0.8505682350059988 4 2
31 0.4909125950372113 0.8979819231203233 4 2
32 0.7307909724014356 0.8349030451742742 4 2
33 0.5393715934643613 0.9243396812638349 4 2
34 0.5176011654509862 0.9195416450750091 4 2
35 0.6558695400786849 0.8213054304986938 4 2
36 1.0669250278049844 0.5880913871997928 4 2
37 1.1425055762376637 0.35826610922525376 4 2
38 1.7013705624280213 0.11334344752861165 4 2
39 0.7860915697397477 0.6225202630484441 4 2
40 1.0839805319286668 0.5078354866708684 4 2
41 1.1725227793873136 0.5182925412912106 4 2
42 0.9302614210105782 0.6654578028275383 4 2
43 0.8880906612239592 0.7887452064421125 4 2
44 1.0556836986481253 0.6713687896019715 4 2
45 0.7626557519161761 0.7568815326277742 4 2
46 0.8137998476819988 0.818744036667239 4 2
47 0.7875431824450372 0.8353948791217085 4 2
48 0.7822016629323638 0.833070148660866 4 2
49 0.7409655828430077 0.7958916756611284 4 2
50 0.8966203626664564 0.7061932592117279 4 2
51 0.8261564075553771 0.7244721991770692 4 2
52 1.1103761141590542 0.4470700603600279 4 2
53 1.7294519972106794 0.1449172434917064 4 2
54 1.5246414588819333 0.2616964995667125 4 2
55 1.2810086650511545 0.40900003710259814 4 2
56 1.2980227401743498 0.3891287662895199 3 2
57 1.2524623485789022 0.42825071698042133 4 2
58 0.929075483924942 0.7448056121450446 4 2
59 0.7859016464130386 0.8156832345557451 4 2
60 0.8202837478794915 0.7867177326135665 4 2
61 1.4446330436828303 0.5996346346384076 4 2
62 0.742175352443037 0.7301966198888826 4 2
63 0.5778292774010954 0.832828510137029 4 2
64 0.9256119853964959 0.6870888615337435 4 2
65 1.0484824592087456 0.553747941594209 4 2
66 1.1940423216907083 0.42759411512170026 4 2
67 1.7636880204463603 0.17226326174854603 4 2
68 2.918428095052902 -0.12829292350356433 3 2
69 2.926388139310835 -0.07154126079000525 3 2
70 2.6868729971209495 -0.037448426628976454 4 2
71 2.3961201689941465 0.1044750966366688 4 2
72 2.042945414269864 0.2597162151062633 4 2
73 1.406900612516866 0.4909034937272984 4 2
74 1.7298628216884984 0.12866319593211817 4 2
75 2.1943149656133096 -0.05086598283826181 4 2
76 2.3395466859727883 -0.12633014370718115 4 2
77 2.2593245636532826 0.07196119430831964 4 2
78 1.1937204104937607 0.3733126231784257 4 2
79 0.6674688881607906 0.7349291711901382 4 2
80 0.6250088963618872 0.8910655234567398 4 2
81 0.7284501575627438 0.8379921643894085 4 2
82 0.8020279782738617 0.7733803251339143 4 2
83 0.7004386150288999 0.8479737779743558 4 2
84 0.8386701216176071 0.7870520613728423 4 2
85 0.5983870973620249 0.889807139370273 4 2
86 0.44972464121513145 0.932663610387989 4 2
87 0.4868008576023515 0.9161428985476814 4 2
88 0.4517053918157128 0.9091025865631068 4 2
89 0.39978883427666023 0.9362357830556587 4 2
90 0.3779313747471402 0.9451301464836102 4 2
91 0.3384278592012224 0.9575780508437111 4 2
92 0.3561249858733122 0.9458295077765722 4 2
93 0.329697566076562 0.9454181404899451 4 2
94 0.5667967893149015 0.6748566330623625 4 1
95 1.6601510238208341 0.1714438891886961 4 1
