8 1.6830347329621054 0.2815017765184012 0 1
9 1.7369387629007011 0.12297421463815703 1 1
10 1.8056929677154159 0.04300871973148121 2 1
11 1.4544341629798936 0.4770808925395518 2 2
12 1.4027874659081387 0.4653163454105149 2 2
13 1.3354191833013482 0.4051275671183885 3 2
14 1.401998797444512 0.3285419108007051 3 2
15 1.1952457829706358 0.4228758840701956 3 2
16 1.6020468702850703 0.2113772264417516 3 2
17 1.5319268144850051 0.21995109881883348 3 2
18 1.6748788875698857 0.2670370306418277 3 2
19 1.4698049589280995 0.3615026797791846 3 2
20 0.8493533156241302 0.7417940999748924 3 2
21 0.8366689687135702 0.7308943109213929 3 2
22 0.9336737859562474 0.6543999819160236 3 2
23 0.9011573317306718 0.7063338008831103 3 2
24 0.8440672897747845 0.6714757089534005 3 2
25 1.714710683446648 0.222075349529003 3 2
26 1.3486797572951428 0.42764169978740335 3 2
27 0.4102349286518674 0.9209255218084444 3 2
28 0.8473501525585752 0.7105905439233517 3 2
29 0.6722600929531772 0.7807150817256125 3 2
30 1.227960187167012 0.4311684264991908 3 2
31 1.7824372624724303 0.22629041275058426 3 2
32 2.589543958474809 0.2266854128366494 3 2
33 1.3125707375909563 0.5679787985921283 3 2
34 1.2499382412611721 0.4893069426767057 3 2
35 2.401423475230395 -0.12449848442957544 2 2
36 1.9135666817463326 -0.1480677085513232 2 2
37 1.0666930287949477 0.46394173950152073 3 2
38 0.6612615635442518 0.8057468255014062 3 2
39 1.5138000346755796 0.3180051343914051 3 2
40 0.8723051405201527 0.380436904244256 3 2
41 1.3228901298618831 0.1718386920574385 3 2
42 2.9332386926697103 -0.16807889813658722 3 2
43 2.203030725274096 -0.07863557878355694 3 2
44 2.373396695097803 -0.07228448975382405 3 2
45 2.0595352408222816 -0.031645007224211395 3 2
46 1.586285308539538 0.288539256317767 3 2
47 1.718553052472787 0.12433145600471059 3 2
48 0.9114722089173934 0.7024904565488111 3 2
49 0.6058509075032052 0.8857444157215137 3 2
50 1.393530962220198 0.3817417037360095 3 2
51 1.1599465437996823 0.5639380252775938 3 2
52 1.0676552567058541 0.5790800519175652 3 2
53 1.464158887014162 0.2761729572105604 3 2
54 1.9784119141722751 0.029026098722375153 3 2
55 1.3038219685718149 0.36135308141493805 3 2
56 1.1835206527316018 0.43155871548814956 3 2
57 1.3294651312795338 0.4752692382744899 3 2
58 1.6778390762081976 0.3608532833570659 3 2
59 3.3003958722411797 -0.18325862281247712 3 2
60 4.38359120372739 -0.24387796537293074 3 2
61 3.4520594410654644 -0.012057813239899694 3 2
62 2.3931391558612853 0.3093536740201026 3 2
63 1.4472813768790296 0.5679882465413607 3 2
64 1.4584698572978354 0.46895474261226133 3 2
65 1.498750208369521 0.4363371299899414 3 2
66 2.1069476939987126 0.09171377059346225 3 2
67 3.195383462424564 -0.28984907272411203 3 2
68 3.686288828950288 -0.28630102724776424 3 2
69 4.288525234329158 -0.2940241972577082 3 2
70 2.784371498545487 -0.19881277945179768 3 2
71 2.292932806134697 -0.27012538946870057 3 2
72 1.642339539815059 -0.03990997775089555 3 2
73 1.5027635110865765 0.15753384547563448 3 2
74 1.2297411401732168 0.42103874714842465 3 2
75 1.3406234579368563 0.49715918672640824 3 2
76 1.5827824893237068 0.3510645526844412 3 2
77 2.0610217590347935 0.07385655509982764 3 2
78 1.3089486172640887 0.47750701425402337 3 2
79 0.7065706758141932 0.7754752938148043 3 2
80 1.0813408248217007 0.5692929808124291 3 2
81 0.870682040667659 0.6944490374177122 3 2
82 0.7227014586752061 0.7658331298207088 3 2
83 0.7470903976330421 0.7401583153046246 3 2
84 0.4779649482985171 0.8901384316810143 3 2
85 0.3987959859421615 0.9352740307330905 3 2
86 0.3521850173880825 0.960251207574796 3 2
87 0.3653506158806845 0.935145383566125 2 2
88 0.2761681051658478 0.9708530617684498 2 2
89 0.3485438979327622 0.9281542609986646 2 2
90 1.095149649618449 0.7855639180449637 2 2
91 2.009808498326133 0.5407234644615794 2 2
92 0.9486014276452632 0.6161336141789594 2 2
93 0.6129234754891417 0.7731425313821909 3 2
94 1.547472188949249 0.21296147805479407 3 1
95 2.1041180486981172 -0.2406153473001404 3 1
