2 0.9038482256847891 0.6918038445299531 0 1
3 0.6708182108006788 0.753720336650303 1 1
4 2.3611334099001544 -0.3113238709536838 2 1
5 2.6682616478092385 -0.33793700587473685 2 1
6 3.9126558891956353 -0.3078355410474054 3 2
7 2.8042218052814674 -0.1687437044362767 3 2
8 1.4765657923614919 0.29298623263007034 3 2
9 1.4395071130287018 0.3746622883211257 4 2
10 1.5665154447907952 0.30402834527438927 4 2
11 1.5157520943267908 0.34397392779111446 4 2
12 1.2866745193087024 0.42920104383348695 4 2
13 1.1688651889895523 0.4971272539035481 4 2
14 0.8359578997901833 0.6177927885589086 4 2
15 1.4061386745760034 0.24534474772775627 4 2
16 1.3613367088664958 0.3550687079066186 4 2
17 0.32908105887954875 0.8124593100307275 4 2
18 1.4330249560046324 0.09268089119174946 4 2
19 1.5514163537325247 0.1166629564628895 4 2
20 1.4953918144624359 0.20228332739179933 4 2
21 0.9303896956838029 0.6320744766685098 4 2
22 0.8289743217224741 0.7454182821342512 4 2
23 1.538482779233087 0.22195500520451708 4 2
24 1.1342723058945907 0.45357040604177257 4 2
25 1.5519271204180924 0.12391854373786122 4 2
26 0.566900334724247 0.8894807034077208 4 2
27 0.8916249772314782 0.7318589179891839 4 2
28 0.6706916294279894 0.81141356256119 4 2
29 0.8294183341332584 0.751191244437633 4 2
30 2.0800965551320827 0.41952384277911986 4 2
31 2.4808708616253874 0.27266028890457844 4 2
32 2.8973712362269017 -0.049348498585941675 4 2
33 3.4845046395430863 -0.2256568930206014 4 2
34 3.268220568523734 -0.1519527599783329 4 2
35 2.881139674333922 -0.02423442176342182 4 2
36 1.9052456020053334 0.19504153759031292 4 2
37 1.6840077487084448 0.276668391801105 4 2
38 1.4956224767771351 0.40491584216103843 4 2
39 1.3946916016699893 0.4671275766882629 4 2
40 1.3573714512769213 0.5011232522131084 4 2
41 1.4259275837965681 0.46419474106279696 4 2
42 1.5286666959938406 0.4085138093525191 4 2
43 1.370509473758398 0.48638475917638196 4 2
44 1.3339817344138787 0.545416742193332 4 2
45 1.5827775327530595 0.508343982826132 4 2
46 1.7711925625053748 0.4332225071748857 4 2
47 1.6771678200176865 0.4267830739584496 4 2
48 1.6107887018107903 0.38983568769406945 4 2
49 1.5147562387927085 0.443646505757673 4 2
50 0.980291715235083 0.6583619315402687 4 2
51 0.9472863794115245 0.660490467063885 4 2
52 1.201387124924488 0.4877618555842159 4 2
53 0.9620831032741144 0.5721723182780558 4 2
54 0.8892630998330437 0.6798834454713818 4 2
55 1.5600691767223118 0.3164417353325761 4 2
56 2.8634457400422892 -0.06650271563088296 3 2
57 2.1472075877027255 0.10783827369971868 3 2
58 1.9236226636591418 0.09106740932205779 3 2
59 1.7426290057939537 0.10557842880224817 4 2
60 1.013869741291848 0.3377906271720132 4 2
61 2.240128367863833 0.05961766172688396 4 2
62 2.5258400758847657 -0.061418601313330434 4 2
63 2.454968318607208 -0.06576619058454612 4 2
64 1.8507082655292137 0.3498037331508834 4 2
65 2.2315523509317083 0.13305760675949083 4 2
66 3.0956809840634003 -0.25910329761237755 4 2
67 2.8262064124126773 -0.22489582643036113 4 2
68 2.584682470880203 -0.18075684593065472 4 2
69 2.7498369092137205 -0.384785362538764 4 2
70 2.9550460477238225 -0.24185582413765971 4 2
71 2.5760257645517646 -0.2884493857455804 4 2
72 1.7251636813695308 0.2635664987514712 4 2
73 1.2860487895501835 0.41149549917184947 4 2
74 1.1825807902600758 0.41518516716389087 4 2
75 1.8051221069563805 0.11683239832493214 4 2
76 2.399795250768113 -0.3388223001714658 4 2
77 1.363302465438581 0.170655840846691 4 2
78 1.7433632760496502 0.26089179314698047 4 2
79 1.6706749668554801 0.3595015743406838 4 2
80 1.9822969005848137 0.3584895979198867 4 2
81 1.9622664695715155 0.2959569587725117 4 2
82 2.888392574053171 -0.015387691229541808 4 2
83 3.7927939991064807 -0.18181084840979836 4 2
84 2.928023291171484 -0.1433799521847964 4 2
85 2.515195060973328 0.12663501771615068 4 2
86 1.1298830009949121 0.618795518527901 4 2
87 0.5672648796850845 0.8681797009605853 4 2
88 0.7303457564721922 0.8449482805550035 4 2
89 0.778919943708476 0.8015785017241147 3 2
90 1.3702150775338326 0.4186927806919892 3 2
91 3.3311635697950663 -0.05378856943730036 3 2
92 1.9735492036864768 0.48103427009479416 3 2
93 1.552317239681269 0.5003009779198309 3 2
94 1.1980548380067066 0.40526959214375186 3 1
95 1.9153811890973884 -0.2423634913204368 3 1
