13 0.7736014630751722 0.7285405483455405 0 1
14 1.2899595051228472 0.4461680280960286 1 1
15 1.6073438127753956 0.26629318344063807 2 1
16 1.36170466799891 0.3331879840911174 2 2
17 1.5717643018740457 0.23949091087467692 2 2
18 1.34266664317866 0.4031830517992746 2 2
19 1.4708158971425052 0.3017503379759973 2 2
20 1.369426608165874 0.3948862964168351 2 2
21 1.145181545612446 0.620172017238715 2 2
22 1.0560445282640343 0.6722539620986678 2 2
23 0.6157152474513437 0.8865324499985143 2 2
24 0.527987546002957 0.9066615129623902 2 2
25 1.1548648659467693 0.5714584685228772 2 2
26 2.2669239364959486 -0.05432528128030048 2 2
27 2.022214827139904 0.006809576457503295 2 2
28 1.8748082730397604 0.07429902385151527 2 2
29 1.5589434960120903 0.2086927577823947 2 2
30 1.1224609830961363 0.4697585448861586 2 2
31 0.8665601680283865 0.6833628786713634 2 2
32 0.6515355100739821 0.8088271984931759 2 2
33 1.428271298074404 0.47688169786581147 2 2
34 1.6652086449858698 0.3567292188276883 2 2
35 1.5929763237552867 0.3743696909702175 2 2
36 1.891241172236568 0.2902503662878821 2 2
37 0.9413591883840775 0.6767871131030976 2 2
38 0.7628138390640746 0.7985010147874816 2 2
39 0.612398300571332 0.8796877368599383 2 2
40 0.9390910679861175 0.7524020419756452 2 2
41 0.8720360121226935 0.7057713916285178 2 2
42 0.9945145072075636 0.6357388867067065 2 2
43 1.1751588112714781 0.5651820474477559 2 2
44 0.5217779905513265 0.8378676789829799 2 2
45 1.7076711326158405 0.15404597423060454 2 2
46 2.6297657633397122 -0.12117291804643399 2 2
47 2.857459350369261 -0.12346984815070063 2 2
48 2.8770785095693396 -0.12486712304997168 2 2
49 1.5146125765265257 0.2580476577486832 2 2
50 1.0135496992871946 0.6015093490348729 2 2
51 1.1545368240618696 0.5238760175649203 2 2
52 0.9715457395592484 0.6350906818558084 2 2
53 1.1738616112627378 0.4398447380612088 2 2
54 0.9868928835302277 0.5801550824865044 2 2
55 0.6621354047519157 0.8237967365230706 2 2
56 0.588439759708483 0.8230354592242218 2 2
57 0.45348375193180424 0.9076117255363014 2 2
58 0.39549214475855266 0.9035468802123189 2 2
59 1.8033214797358248 0.1440092708001906 2 2
60 2.7630690388803956 -0.10622405239811579 2 2
61 2.8585204747396276 -0.10505227531197735 2 2
62 2.465211921389092 -0.04742373064227937 2 2
63 1.204115734982774 0.49716967870739254 2 2
64 1.1838083380697837 0.5498298070148743 2 2
65 1.2050140731987211 0.48409017968743423 2 2
66 1.1665811502619423 0.5231488169392492 2 2
67 1.1851630582183388 0.544921992584081 2 2
68 1.219987569685201 0.5278956020940007 2 2
69 1.1852922535974493 0.4959043515921193 2 2
70 0.8130923466409072 0.8172969846931252 2 2
71 0.6493350980159978 0.8616688903456292 2 2
72 0.7056999134596174 0.8166092858007604 1 1
73 0.8129636272340344 0.7684089728419478 1 1
74 0.7638276085452222 0.7870436577335573 1 1
75 0.6968374920091351 0.8377010177046007 2 2
76 0.38762084797103924 0.9594892987349302 2 2
77 1.013278963313275 0.6603128525450774 2 2
78 1.5588208417139988 0.1466363197245077 2 2
79 1.7620459409889095 0.09333175545814905 2 2
80 1.5440524243611993 0.19564776433136538 2 2
81 1.230478914126044 0.4212158301900072 2 2
82 0.8869058993220582 0.7323779367953349 2 2
83 0.7892127713608419 0.7581706582111647 2 2
84 1.1466901940418834 0.5653771803136903 2 2
85 0.9101179774979 0.6847803868090407 2 2
86 0.6786351041572054 0.7483751503142053 2 2
87 0.7027294440709131 0.7323454324471605 2 2
88 0.5024510934775561 0.8476871692857558 2 2
89 0.41195434362202654 0.8963348483291441 2 2
90 0.2906513106723949 0.9528139432964425 2 2
91 0.31016337726419874 0.9459027238737976 2 2
92 0.29024375985854967 0.9498467273002613 2 2
93 0.24828113166997667 0.964955546802438 2 2
94 0.6511165841579452 0.9142168238766184 2 1
95 0.6476605701980196 0.9108127783170734 2 1
