2 1.7023836674619872 0.4477463189804536 0 1
3 2.7424531470233555 0.3544525104602781 1 1
4 2.214775880484133 0.36359063508039985 2 1
5 1.9587270243890789 0.4129546719977469 2 1
6 0.9001342312306715 0.6948184969595878 3 2
7 1.2775570416618072 0.48732112051516596 3 2
8 0.9366465629601413 0.6675815905176823 3 2
9 0.7611479728955226 0.7931555445460637 3 2
10 0.9888933883322792 0.7156265857393139 4 2
11 1.2163274996729605 0.6193097425736916 4 2
12 1.6119711739785147 0.3728393161255044 4 2
13 1.7738484622778312 0.24181863850272586 4 2
14 1.7367586347736337 0.20611098398252106 4 2
15 2.090771634026366 0.051700086724721796 4 2
16 2.0357468654195747 0.07016841269576955 4 2
17 2.0626353097420083 0.022045644090870738 4 2
18 1.8599319993984427 0.020751274357237653 4 2
19 2.0495135450981605 0.011336532344889008 4 2
20 1.6667796575998892 0.18942585539816292 4 2
21 1.5982725913051503 0.23607328622447063 4 2
22 1.4476675719583385 0.33468712774357534 4 2
23 1.4601937415534163 0.2597482819003488 4 2
24 1.1437783416292229 0.6044200704056167 4 2
25 1.02813699016317 0.6414958764046799 4 2
26 1.8879874572943383 0.034497489356117725 4 2
27 1.704954481614629 0.11658799434339803 4 2
28 1.5134456004471621 0.19888155829629672 4 2
29 1.5235882366724551 0.19539930919191173 4 2
30 1.96330660852753 0.1020504783696382 4 2
31 2.4540541514998653 0.01685844808965812 4 2
32 2.036849403020293 0.1994719092741883 4 2
33 1.8897215814359125 0.339690828012684 4 2
34 1.7529873285191346 0.4276477798532468 4 2
35 2.1753848670915543 0.23779803950148218 4 2
36 1.8822273775886496 0.33883014367972325 4 2
37 1.9687385657060839 0.13415126208767356 4 2
38 1.584703082997648 0.40039058876932354 4 2
39 1.4239874949581042 0.5305971738105169 4 2
40 1.8795400542576042 0.34963060346510483 4 2
41 1.4657347849967737 0.494648392154493 4 2
42 1.2281566972170639 0.5543769212284477 4 2
43 1.167668317824468 0.4931500354630513 4 2
44 1.2300809856208934 0.4667317484105844 4 2
45 1.1056612496765723 0.6360544646077236 4 2
46 1.2134679171419496 0.5621076731623158 4 2
47 1.0489906949745897 0.6892825844111484 4 2
48 0.9014355729682242 0.7800802291802351 4 2
49 0.9740260926538342 0.7207649521954024 4 2
50 0.8902838752372046 0.7505135642250481 4 2
51 0.8897728758123105 0.7402836960813878 4 2
52 0.7580766570749322 0.8386562721957752 4 2
53 0.9414613213852574 0.6881646238760346 4 2
54 1.0471248888919789 0.5882688700158621 4 2
55 1.2734728119492384 0.47814012433683617 4 2
56 1.540615246162365 0.26689950618018493 4 2
57 1.4544019809892443 0.16857977388787226 4 2
58 1.43078034667038 0.13438130326330586 4 2
59 2.0916602180586565 0.006696741771455456 4 2
60 2.1291157564795 -0.033650028757862764 4 2
61 2.0448547014233913 -0.0164073406413607 4 2
62 2.0787565316558627 0.026644373145393526 4 2
63 1.0880964306219658 0.6431013358639395 3 2
64 0.7139356265770029 0.8483520360115864 3 2
65 0.9857733096211048 0.643639834539532 3 2
66 1.837938213212115 0.28515340207179757 4 2
67 1.2100058653665133 0.5861313482317154 4 2
68 0.8104537080396881 0.780421056272144 4 2
69 1.1273771806461284 0.6528851436774764 4 2
70 1.9202879754542472 0.32060016231321375 4 2
71 3.041694999602874 -0.1386177083768806 4 2
72 2.135352708811358 -0.06806799032539664 4 2
73 2.1407773964274446 -0.04654084172497946 4 2
74 2.384286196491481 -0.07362502538327617 4 2
75 2.023251904316142 -0.0074789004684538436 4 2
76 1.5956471592291566 0.10372545245655641 4 2
77 0.9849396203021854 0.6252105049090162 4 2
78 1.1176717589884397 0.6306663833032738 4 2
79 1.0268066541160508 0.6861871808349826 4 2
80 0.9146982179508347 0.7299379625867998 4 2
81 0.9815037217862663 0.6999937224051477 4 2
82 0.8992124703593962 0.7240249987455272 4 2
83 0.7733587540155789 0.8104900697461253 4 2
84 0.6944710231195117 0.8265469650946664 4 2
85 0.638438313795457 0.8462976384208879 4 2
86 0.6128544147757813 0.8462949066079549 4 2
87 0.555114903129426 0.8891600821363193 4 2
88 0.4702290149207755 0.9104324304024707 4 2
89 0.3808445266592866 0.9413689473483912 4 2
90 0.39008828876445456 0.9285143289550468 4 2
91 0.3954042421112822 0.9162783512272105 4 2
92 0.3266005679648245 0.9487955322124357 4 2
93 0.3225875158979221 0.9436154649036107 4 2
94 0.6555529512275351 0.8135566478113622 4 1
95 0.6893534021564847 0.7807065550063631 4 1
