13 1.3702360407896128 0.16151603802024378 0 1
14 3.9549876006704814 0.07332758798172302 1 1
15 2.161102573434241 0.10080297920604736 2 1
16 1.2571319867617738 0.42517712893504594 2 1
17 0.8137176671741342 0.7476480530908497 2 2
18 0.7040118014941692 0.7929885052679977 2 2
19 0.7387532065246694 0.7828946006680144 2 2
20 0.4228700450314218 0.8635440352286451 2 2
21 2.0233157241557302 -0.038255472978133365 2 2
22 2.2109662937404364 -0.026923857794927116 2 2
23 2.6334136152695278 -0.08718564695143693 2 2
24 2.094448608305785 0.08895127153693166 2 2
25 0.8635806335597049 0.7351800486504027 2 2
26 0.8284952878032845 0.7770620031998083 2 2
27 1.941448519702047 0.12045859994107803 1 1
28 1.7227328038824368 0.15604733833045129 1 1
29 0.9356565258979455 0.6988521285694833 2 2
30 1.0156865854447865 0.6417427579580933 2 2
31 1.0087927400421473 0.6380676414642668 2 2
32 0.9411736616765403 0.5906359571000784 2 2
33 1.4338940345279578 0.3441365249803123 2 2
34 1.6711655662049605 0.11679029701848209 2 2
35 1.9139906514135143 -0.04006020646952124 2 2
36 2.699678031271463 -0.24638712361413387 2 2
37 3.209524661910156 -0.37598520839472793 2 2
38 3.329914404378566 -0.37457073473878566 2 2
39 2.2313874543671863 0.01699200241944524 2 2
40 1.6184869732849387 0.29120859880758193 2 2
41 2.189742043601149 -0.05298842188923106 2 2
42 2.113103540434002 -0.1733060925140634 2 2
43 3.1640106917250437 0.020380684850235375 2 2
44 1.7937942541020764 0.3039664001939322 2 2
45 0.9590586511776582 0.7252016288282013 2 2
46 1.0582697443634004 0.6817859604980079 2 2
47 1.0377066774562804 0.6428746727302914 2 2
48 0.8535052513078805 0.7302133580678059 2 2
49 0.6256263960352557 0.8547762420563009 2 2
50 0.6007960637029797 0.867701875850364 2 2
51 0.58700838072998 0.8984848930345558 2 2
52 0.5631286967998061 0.9097406225620399 2 2
53 0.8353786983770286 0.7877320274491055 2 2
54 2.967691826842562 -0.09279097369979127 2 2
55 4.080209664571806 -0.36215685834026656 2 2
56 4.123345478790434 -0.3220170612099703 2 2
57 3.6984405539846446 -0.16538029780229033 2 2
58 2.334837791662065 0.024661376167511614 2 2
59 1.6942735694814708 0.11572503362741172 2 2
60 1.5762914244964836 0.2664019195542443 2 2
61 2.4717990090664985 -0.04535567321849058 2 2
62 3.627597254961593 -0.21404810122694634 2 2
63 2.428388541415888 -0.23251323859212514 2 2
64 1.6988597706452513 0.09768931607422959 2 2
65 2.4782074518828656 -0.35518636524740815 2 2
66 2.797859312562281 -0.4102927770544902 2 2
67 1.4396186429421842 0.14562736170448554 2 2
68 1.7980069040572042 0.1430334695986074 2 2
69 1.5278465969558823 0.2773875889145932 2 2
70 1.5012797640103175 0.3841913553332689 2 2
71 0.7848289747494785 0.5821367345172939 2 2
72 2.1452279592810175 -0.0782311300169869 2 2
73 2.386107895056246 -0.0980432825745802 2 2
74 3.5755351184906985 -0.3036524738447647 2 2
75 3.38259518886424 -0.27320119242645685 2 2
76 2.227163050737679 0.1830631525024562 2 2
77 1.5512213313949017 0.3809752323635508 2 2
78 1.048347690066005 0.5940040597657993 2 2
79 0.966082612114274 0.6624958893900271 2 2
80 0.7753183185957537 0.7743959304304332 2 2
81 0.7625581829804755 0.783645650511272 2 2
82 1.2356088765828819 0.5332642441019467 2 2
83 1.7600800511467387 0.37585020342817343 2 2
84 2.8349391807606725 0.3801617041240827 1 1
85 1.1559461639041908 0.6064887692255682 2 2
86 0.7304889275099162 0.7465795608086924 2 2
87 0.648847496742186 0.796795352209486 2 2
88 0.5597070928413839 0.8279610591757042 2 2
89 0.29116681379535425 0.9543442308961879 2 2
90 0.7393423056309576 0.7404559414965656 2 2
91 0.9803500531209481 0.6572564753954487 2 2
92 0.6488266581961772 0.7964728179678318 2 2
93 0.819572214830961 0.7133240835712114 2 2
94 1.2380075180140624 0.44168997032422214 2 1
95 2.3855776889341485 -0.06348877423861755 2 1
