2 2.4595243584362585 0.2586260711224081 0 1
3 2.448104613570936 0.40028815780346544 1 1
4 0.5262057022460498 0.6891165219588664 2 1
5 1.8670983400891714 -0.051426042560777124 2 2
6 2.1399127574532724 -0.05172955017264412 2 2
7 2.798452731395484 -0.160456348271448 3 2
8 2.0117391112292493 -0.038324621654500034 3 2
9 1.4368483730145751 0.23701884581631816 3 2
10 1.2798624372882168 0.5728171478159618 3 2
11 1.4882320908234137 0.3218236734532859 3 2
12 0.8485186431530556 0.6226625569779201 2 2
13 1.2254925880535366 0.5101604019009455 2 2
14 1.4580759336161861 0.3205559317789877 2 2
15 1.672652531709633 0.1603130802502348 3 2
16 1.529108734889098 0.22251422435994456 3 2
17 1.3619108721963329 0.3140800903777107 4 2
18 1.8359872381941207 0.11182195284731425 4 2
19 1.5506728213621646 0.2794990706749331 4 2
20 1.2501472314837168 0.5288600190335816 4 2
21 1.0148291508610834 0.6638610649183236 4 2
22 1.3765977797188196 0.45088770258501726 4 2
23 1.1024157063522901 0.6448449311820682 4 2
24 1.1662534713636967 0.6058057679887631 4 2
25 1.2842058660985582 0.5609710069964804 4 2
26 1.3079386338816645 0.5637293846298338 4 2
27 1.1293457559614763 0.6223654530330609 4 2
28 0.8905280805521514 0.7144119634233803 4 2
29 0.6800717357426533 0.8421436271451482 4 2
30 0.713966042617451 0.8401993023637211 4 2
31 0.6389308021074367 0.8497555722276894 4 2
32 1.8677059749539353 0.3250271742987918 4 2
33 2.079822136027391 0.1461932721432509 4 2
34 2.5182665406504965 0.020496633107683196 4 2
35 3.058670377887199 -0.1465489710853452 4 2
36 3.071088360139963 -0.14051975317502363 4 2
37 1.7385561744860318 0.13399968584430214 4 2
38 1.2577588867528933 0.4738758367694754 4 2
39 0.8230619354085409 0.7549393497995848 4 2
40 0.9650745877058284 0.7465884477173304 4 2
41 1.3711313638411262 0.552746740748015 4 2
42 1.0399976466097929 0.6957024736607976 4 2
43 0.9035314602007354 0.7867823889881926 4 2
44 0.9389946384869079 0.7634000336815733 4 2
45 0.8112934518965087 0.8402633865551482 4 2
46 1.053059672042476 0.7018163520872995 4 2
47 0.9828090101642522 0.7217263754269143 4 2
48 0.9525509420813272 0.6304818471873377 4 2
49 1.0263542685338969 0.55287843065069 4 2
50 1.777488606108994 0.2791579908354698 4 2
51 1.4393211416240357 0.4847624579447735 4 2
52 1.2834028113007587 0.583898947247824 4 2
53 1.2894605599001085 0.5941539973916936 4 2
54 1.8881318135823975 0.25628340402975747 4 2
55 1.6633243727799503 0.350023642107506 4 2
56 1.5032318197527967 0.31672489680823684 4 2
57 1.0365298773882934 0.7103672030567943 4 2
58 2.601565369488325 0.03151681774622295 4 2
59 2.711547397306062 -0.1275921501638756 4 2
60 2.0646212163471445 -0.018221099220435594 4 2
61 0.69483871591778 0.774993100621533 4 2
62 1.0097831664900774 0.5157161706836152 4 2
63 1.926332991410531 0.02350246574037313 4 2
64 1.4342636413329233 0.4806595297877187 4 2
65 1.5090644851944752 0.47806998020612257 4 2
66 1.7918537745433198 0.351986228549449 4 2
67 3.141021188521159 -0.1966660071278476 4 2
68 2.1410086535322916 0.11524565152205096 4 2
69 1.6447613021663994 0.3654767711088526 4 2
70 1.538093010491706 0.4061518769259588 4 2
71 0.9054426354136815 0.42203073159753624 4 2
72 1.5873741739406793 0.21152594808493003 4 2
73 2.079345036184912 0.03812713381959238 4 2
74 1.6471075600187879 0.13060081776584834 4 2
75 2.255532193448598 -0.04200536713677745 4 2
76 2.7992048972091377 -0.22064667565123333 4 2
77 2.7042345452779575 -0.04108818617698888 4 2
78 2.7908724688565334 -0.06460944173703562 4 2
79 1.2068123928994687 0.5192248951865945 4 2
80 0.44182735723324473 0.9493739498580304 4 2
81 0.7885262090021437 0.793497394021975 4 2
82 0.5365266040059762 0.9226671468008001 4 2
83 0.6630509370166271 0.8684816119443997 4 2
84 0.5922496559798578 0.907322551930632 4 2
85 0.5125768732262506 0.9163948394742923 4 2
86 0.47924291877311465 0.8957924813586421 4 2
87 0.48162048084424125 0.8729366020875572 4 2
88 0.6899616223073579 0.7636956097159298 4 2
89 0.5643874799323143 0.819002898941881 4 2
90 1.9113852512181264 0.5817433345258791 4 2
91 1.427161171843495 0.6518018731682763 4 2
92 0.8548006029343886 0.7225525803828633 4 2
93 1.5634062096816121 0.5528467646957311 4 2
94 2.02488904180331 0.37313081233766027 4 1
95 1.9086416522438654 0.40881527142497703 4 1
