13 2.6078495844658978 -0.23323703704679366 0 1
14 1.862969095779734 -0.06887332523279714 1 1
15 1.6455488005016212 -0.16436260002253197 2 1
16 1.5058374193384063 0.039545042054559935 2 1
17 1.6351611478229549 0.2049730241812725 2 2
18 1.9324717499479496 0.036418111584104684 2 2
19 1.1170820289812422 0.23759134991160064 2 2
20 1.3147727820588901 0.26662393519011096 2 2
21 1.6753071379192113 0.1744403949475014 2 2
22 1.7329002872710397 0.07743410259315536 2 2
23 1.5320577352477027 0.3722978261486438 2 2
24 1.1454392585286586 0.5284441501754582 2 2
25 1.4781845421306006 0.3700972553642409 2 2
26 1.3312456561113688 0.3417459922311798 2 2
27 0.9873727365752227 0.6720703761400134 2 2
28 0.7540440483737667 0.710690513476365 2 2
29 1.2940453654258661 0.42972330725867847 2 2
30 1.2454877889966944 0.5784823116021098 2 2
31 2.007703219794294 0.3482186193519235 2 2
32 2.0182820113038185 0.23571696877310075 2 2
33 1.5076727543044859 0.3465145308821334 2 2
34 1.008154730825332 0.6864604757399484 2 2
35 1.614910762906077 0.284955031238476 2 2
36 1.6095051423419342 0.1816962526067679 2 2
37 2.0679583551634906 0.051320669513265985 2 2
38 1.277188133460272 0.44140914299286 2 2
39 1.0294170216930816 0.6727253383008955 2 2
40 0.9802488856218448 0.6409264493529302 2 2
41 1.8748077796819658 0.2852096178079319 2 2
42 3.0006066534348923 0.141524419971014 2 2
43 1.3241982732234279 0.6054392957321276 2 2
44 0.9796615260455983 0.5161308456590217 2 2
45 2.2281066327254964 -0.0601396605647599 2 2
46 2.333702600743954 -0.06725006489928659 2 2
47 2.2834753277149815 -0.05768614057848535 2 2
48 0.9347261761670929 0.607167096230854 2 2
49 0.767756278871607 0.8003553495065246 2 2
50 0.7112760383050327 0.7543052614221 2 2
51 3.5253008427832464 0.050163574511107124 2 2
52 2.9812613449034266 0.00015706435217709884 2 2
53 1.8602091692766152 0.045424635312334344 2 2
54 2.0905964491533497 0.032174587985284664 2 2
55 2.042013909942896 0.03475437064002106 2 2
56 1.5776832840911137 0.1209082316723741 2 2
57 1.8708583389128925 0.09036774279892013 2 2
58 1.8088893003471096 0.2696742118359128 2 2
59 2.3059177016011683 0.1555415578325999 2 2
60 1.6841174174310698 0.3188604203768525 2 2
61 1.1359483362055354 0.43041851404071835 2 2
62 2.4125556671759503 -0.060071660222914096 2 2
63 3.820882170143941 -0.15550755520171555 2 2
64 3.4125566668612013 0.10789697302424991 2 2
65 0.4674832818973007 0.8762602907141931 2 2
66 1.5978307330580055 0.40915879245809944 2 2
67 2.348836587033582 -0.08781645658323196 2 2
68 3.0968781326137726 -0.16756681380972963 2 2
69 3.1107217230604745 0.12491487769170245 2 2
70 2.2932584594597127 0.22219320237193527 2 2
71 1.8405381677658523 0.04878983499822878 2 2
72 1.372945143572819 0.3247475183319455 1 1
73 1.5385300092148047 0.3036558186942377 1 1
74 0.8301638231195021 0.7551087773585515 1 1
75 3.5584995723696196 0.00015653811473429394 2 2
76 1.7699995428162705 0.30831380888641485 2 2
77 1.5437753431702133 0.3267056419259469 2 2
78 0.8341012133724277 0.7541340583983536 2 2
79 0.6814195058813413 0.841172176698814 2 2
80 0.5457304494737283 0.8671798119602929 2 2
81 0.9095079885777642 0.6676409606346759 2 2
82 1.1818571840041745 0.5854671518515686 2 2
83 0.3921247870655691 0.9152956372567023 2 2
84 0.6184872625298503 0.7965728433754515 2 2
85 1.1234699157322527 0.5505918989811492 2 2
86 0.7956607888859262 0.7006251290392959 2 2
87 1.6048511808241885 0.4975572716020277 2 2
88 0.5456941226541021 0.8482484193394431 2 2
89 0.9030036717549512 0.813069152589276 2 1
90 0.6843921552979468 0.8852532322015132 2 1
91 1.2318316336298638 0.5738406125897072 2 2
92 0.2774845377821826 0.9404944505907478 2 2
93 0.23003402543055884 0.9620755902940497 2 2
94 0.9434691635532628 0.6611805172568067 2 1
95 1.0044229164592684 0.6359823433186043 2 1
