13 1.387809020536352 0.4553384705926213 0 1
14 1.5238900721758935 0.24588050389503058 1 1
15 1.6385983601838854 0.1992234054668527 2 1
16 1.3337060215002365 0.5217537120855297 2 1
17 0.6808523203242842 0.8326719835043527 2 2
18 0.5389728340068647 0.8437644102535209 2 2
19 0.5271382601660148 0.8843731846694542 2 2
20 1.0861328620128887 0.5209701811600921 2 2
21 1.2404225785565828 0.38738878257689824 2 2
22 1.6696735677610501 0.1875299235769471 2 2
23 0.993385036451226 0.5255998465004353 2 2
24 0.7914764509353045 0.7119637552646582 2 2
25 0.6597541371495357 0.8394790239708559 2 2
26 0.8472464657777898 0.7513703629635671 2 2
27 0.512696192507101 0.8878966798671581 2 2
28 0.5303739758418162 0.8527909317277323 2 2
29 0.4981441431685285 0.8771196783054565 2 2
30 0.4650515932444055 0.8966818325522345 2 2
31 2.170628235643699 0.3220437182061989 2 2
32 3.0908814541689527 0.003586741056845823 2 2
33 2.630988121174017 0.07465421055405042 2 2
34 2.0296370131659813 0.2937658247258474 2 2
35 0.7987401928937548 0.732660752696292 2 2
36 0.9404416220401375 0.6494958318425395 2 2
37 0.8661686395772374 0.6947544511748972 2 2
38 0.9760117955383514 0.6994570960588169 2 2
39 0.8494081488342244 0.780726879644318 2 2
40 0.7087314139500176 0.8673795827350166 2 2
41 0.5524503540936365 0.9000763651644468 2 2
42 1.3215943708019742 0.6223255446156291 2 2
43 1.1103922075620343 0.6777568234512809 2 2
44 0.8327982252846589 0.7532850453589914 2 2
45 0.5552334999551114 0.851428791360077 2 2
46 0.6214348431376147 0.8453572119803453 2 2
47 0.42141960048501037 0.9192353283177581 2 2
48 0.5205466536851464 0.8854204175395849 2 2
49 0.4873626609096178 0.8706128005939008 2 2
50 0.4035951280421646 0.9301952695288627 2 2
51 0.3938465647946279 0.9432794910646648 2 2
52 0.49253253592411816 0.8885877233294361 2 2
53 0.5581070154018093 0.8476517830798773 2 2
54 0.4965870336712994 0.8679781653865231 2 2
55 1.750704444973124 0.41453192784113213 2 2
56 0.9035259912862026 0.5389649090342769 2 2
57 1.9068030806557825 0.00935385116562678 2 2
58 1.7565891181284927 0.10795584045876917 2 2
59 1.70374016442178 0.16654969414076157 2 2
60 1.6183902687013614 0.20464379631448593 2 2
61 1.3494695711158622 0.29322159096599804 2 2
62 1.8603300024715699 0.1527151723788732 2 2
63 1.7421438956954187 0.2171280470402602 2 2
64 0.9493465122185825 0.6925041147427285 2 2
65 1.085471762613322 0.6416105492377239 2 2
66 1.0724493249225553 0.6423845585643285 2 2
67 1.1008683639441301 0.6087144765922549 2 2
68 1.0934788982050474 0.6215121607047002 2 2
69 1.9406872949473284 0.3938111011237984 2 2
70 1.9906618949306525 0.3462967571724533 2 2
71 1.8533671073188573 0.3544417509157723 2 2
72 1.7348145290438683 0.18818855366766954 1 1
73 1.6641833659432743 0.22470147677944793 1 1
74 1.64286846840825 0.2594828584326996 1 1
75 1.5984552942396233 0.4168710657265396 2 2
76 1.3940169982449397 0.41223234014150506 2 2
77 1.4478259126010595 0.3593528334541142 2 2
78 1.2464170884962167 0.24581748134003062 2 2
79 3.365617498489865 -0.16882618240117853 2 2
80 6.5203646120266905 -0.23050741570724465 2 2
81 2.4813962095974453 -0.1200874220534236 2 2
82 2.217698848249743 -0.058027108350918476 2 2
83 1.7477327874952033 0.13385055675566834 2 2
84 1.910549310582307 0.06173660417025455 2 2
85 1.2057068727588254 0.06774321239503044 2 2
86 1.050699029385867 0.48649410951838334 2 2
87 1.220660727956691 0.4152552707483514 2 2
88 1.1840497154082064 0.5195786587930785 2 2
89 1.5382428536035926 0.30837397717767306 2 1
90 0.4098031192287168 0.913065089390933 2 2
91 0.3556743383164127 0.951169525184888 2 2
92 0.31211176826186904 0.9588246330275331 2 2
93 0.5869145018675104 0.8311035245543987 2 2
94 0.758659835572689 0.8441961841032989 2 1
95 0.9000336470572199 0.742206026896245 2 1
