0.36 -0.1345569266273734 -0.1938224437188143 1	0.36 -0.1345569266273734 -0.1938224437188143 1
1.32 0.09222145234612844 -0.8052059050783318 1	1.32 0.09222145234612844 -0.8052059050783318 1
2.32 -0.07008704714599645 -0.8262036820563954 1	2.32 -0.07008704714599645 -0.8262036820563954 1
3.32 -0.1828388074833338 -0.8350158494497149 1	3.32 -0.1828388074833338 -0.8350158494497149 1
4.32 -0.31970794630374977 0.004879835868820903 1	4.32 -0.31970794630374977 0.004879835868820903 1
5.32 -0.626880309601145 0.743704202336066 1	5.32 -0.626880309601145 0.743704202336066 1
6.32 -1.05378945034187 0.9402381546741938 1	6.32 -1.05378945034187 0.9402381546741938 1
7.32 -1.4991196337661838 0.8892224598910798 1	7.32 -1.4991196337661838 0.8892224598910798 1
8.32 -1.674312433049211 0.832433460288464 1	8.32 -1.674312433049211 0.832433460288464 1
9.32 -1.370455706638414 0.6387454767352232 1	9.32 -1.370455706638414 0.6387454767352232 1
10.32 0.6729442260436711 0.5354436270998837 1	10.32 0.6729442260436711 0.5354436270998837 1
11.32 2.019210297567974 0.5231835617692493 1	11.32 2.019210297567974 0.5231835617692493 1
12.32 2.8449974044385034 0.2798251134071619 1	12.32 2.8449974044385034 0.2798251134071619 1
13.32 -2.5513610329120713 0.15734572557724857 1	13.32 -2.5513610329120713 0.15734572557724857 1
14.32 -2.737448372862923 -0.4489009176343841 1	14.32 -2.737448372862923 -0.4489009176343841 1
15.32 3.056467430729594 -0.662377793312587 1	15.32 3.056467430729594 -0.662377793312587 1
16.32 2.0857134158147552 -0.7959730784286969 1	16.32 2.0857134158147552 -0.7959730784286969 1
17.32 1.9751595136978688 -0.48149368477831667 1	17.32 1.9751595136978688 -0.48149368477831667 1
18.32 2.160426143983897 0.0774911527119766 1	18.32 2.160426143983897 0.0774911527119766 1
19.32 2.6734790119231153 0.13109237824899478 1	19.32 2.6734790119231153 0.13109237824899478 1
20.32 2.737453776402287 0.14791906266088728 1	20.32 2.737453776402287 0.14791906266088728 1
21.32 2.6251694850518037 0.09489777512772135 1	21.32 2.6251694850518037 0.09489777512772135 1
22.32 2.2423142697738374 -0.34105004183664644 1	22.32 2.2423142697738374 -0.34105004183664644 1
23.32 1.5874976616599108 -0.6370612689136337 1	23.32 1.5874976616599108 -0.6370612689136337 1
24.32 0.9227850366871762 -0.6127148683261088 1	24.32 0.9227850366871762 -0.6127148683261088 1
25.32 0.7228314607456152 -0.7946360165953292 1	25.32 0.7228314607456152 -0.7946360165953292 1
26.32 0.7360826985584574 -0.7273214249661257 1	26.32 0.7360826985584574 -0.7273214249661257 1
27.32 0.7741650847052726 -0.6547006833450095 1	27.32 0.7741650847052726 -0.6547006833450095 1
28.32 0.7851864200525962 -0.6661502177710177 1	28.32 0.7851864200525962 -0.6661502177710177 1
29.32 0.6994441883952316 -0.46917926989477543 1	29.32 0.6994441883952316 -0.46917926989477543 1
30.32 0.9103524979198596 -0.14200784192389282 1	30.32 0.9103524979198596 -0.14200784192389282 1
31.32 1.9571519046074917 0.009282463813561792 1	31.32 1.9571519046074917 0.009282463813561792 1
32.32 2.4012329907927388 0.13265249316076755 1	32.32 2.4012329907927388 0.13265249316076755 1
33.32 2.067492178423934 0.2719186671758722 1	33.32 2.067492178423934 0.2719186671758722 1
34.32 1.537996214535827 0.22550132155981784 1	34.32 1.537996214535827 0.22550132155981784 1
35.32 1.3748237770639653 -0.35641180159416996 1	35.32 1.3748237770639653 -0.35641180159416996 1
36.32 1.0937825531405991 -0.4831577864069234 1	36.32 1.0937825531405991 -0.4831577864069234 1
37.32 0.80546665726858 -0.468611584102272 1	37.32 0.80546665726858 -0.468611584102272 1
38.32 0.41140538099525914 -0.4063370495672227 1	38.32 0.41140538099525914 -0.4063370495672227 1
39.32 -0.14586289026911237 -0.295998974865638 1	39.32 -0.14586289026911237 -0.295998974865638 1
40.32 -0.4079213547424283 -0.4016984880141974 1	40.32 -0.4079213547424283 -0.4016984880141974 1
41.32 -0.5610300143077804 -0.5156977747942757 1	41.32 -0.5610300143077804 -0.5156977747942757 1
42.32 -0.6634120056141488 -0.6270304777299871 1	42.32 -0.6634120056141488 -0.6270304777299871 1
43.32 -0.7305428140731172 -0.6329916497901737 1	43.32 -0.7305428140731172 -0.6329916497901737 1
44.32 -0.7384275833150964 -0.6157201158585326 1	44.32 -0.7384275833150964 -0.6157201158585326 1
45.32 -0.9217087270440558 -0.5482569268968147 1	45.32 -0.9217087270440558 -0.5482569268968147 1
46.32 -0.9428403358691622 -0.5230773759375578 1	46.32 -0.9428403358691622 -0.5230773759375578 1
47.32 -1.249430876207113 -0.3984145812133999 1	47.32 -1.249430876207113 -0.3984145812133999 1
48.32 -1.8703735756929736 -0.3936151701165107 1	48.32 -1.8703735756929736 -0.3936151701165107 1
49.32 -2.169083116700129 -0.14198585077531756 1	49.32 -2.169083116700129 -0.14198585077531756 1
50.32 -2.2081035824133064 -0.05136441156766236 1	50.32 -2.2081035824133064 -0.05136441156766236 1
51.32 -2.1007936888705165 -0.05469355730267145 1	51.32 -2.1007936888705165 -0.05469355730267145 1
52.32 -1.9705608503715442 -0.13241750203027913 1	52.32 -1.9705608503715442 -0.13241750203027913 1
53.32 -1.9781390001705335 -0.14282371353602996 1	53.32 -1.9781390001705335 -0.14282371353602996 1
54.32 -1.8625189657404684 -0.1581304954221152 1	54.32 -1.8625189657404684 -0.1581304954221152 1
55.32 -1.7690245400511053 -0.17943080777271958 1	55.32 -1.7690245400511053 -0.17943080777271958 1
56.32 -1.8162018369300632 -0.13219633390746632 1	56.32 -1.8162018369300632 -0.13219633390746632 1
57.32 -1.6875699540473599 0.131891599420068 1	57.32 -1.6875699540473599 0.131891599420068 1
58.32 -1.6001111561640735 0.26884336212727344 1	58.32 -1.6001111561640735 0.26884336212727344 1
59.32 -1.2581676453767463 0.12841354219327883 1	59.32 -1.2581676453767463 0.12841354219327883 1
60.32 -0.6601818200477276 0.23844028506289283 1	60.32 -0.6601818200477276 0.23844028506289283 1
61.32 -0.14911066875439394 0.29639512969925597 1	61.32 -0.14911066875439394 0.29639512969925597 1
62.32 0.07102072848264296 0.27907395860368855 1	62.32 0.07102072848264296 0.27907395860368855 1
63.32 0.2871503649975371 0.29149078940773676 1	63.32 0.2871503649975371 0.29149078940773676 1
64.32 0.5300363178245249 0.24519439510884555 1	64.32 0.5300363178245249 0.24519439510884555 1
65.32 0.6769811726035342 0.005464172102388698 1	65.32 0.6769811726035342 0.005464172102388698 1
66.32 0.5581290676514556 -0.7424532201414067 1	66.32 0.5581290676514556 -0.7424532201414067 1
67.32 0.5729322522351703 -1.031590328333074 1	67.32 0.5729322522351703 -1.031590328333074 1
68.32 0.5436764848078806 -1.0856976644465854 1	68.32 0.5436764848078806 -1.0856976644465854 1
69.32 0.4767957471241382 -1.0203204930068512 1	69.32 0.4767957471241382 -1.0203204930068512 1
70.32 0.3924012587151635 -0.9042700603832441 1	70.32 0.3924012587151635 -0.9042700603832441 1
71.32 0.33743658196648774 -0.6263905353064505 1	71.32 0.33743658196648774 -0.6263905353064505 1
72.32 0.38442852487888324 0.1891420989834962 1	72.32 0.38442852487888324 0.1891420989834962 1
73.32 0.4542102092189504 0.6311817782624404 1	73.32 0.4542102092189504 0.6311817782624404 1
74.32 0.4416903341758647 0.7197341645484412 1	74.32 0.4416903341758647 0.7197341645484412 1
75.32 -0.37525381769334 0.7640720899870846 1	75.32 -0.37525381769334 0.7640720899870846 1
76.32 -0.7145382844586692 0.7564245109904509 1	76.32 -0.7145382844586692 0.7564245109904509 1
77.32 -0.46686957097585635 0.6978215557896523 1	77.32 -0.46686957097585635 0.6978215557896523 1
78.32 -0.7677248197654136 0.5447559360436545 1	78.32 -0.7677248197654136 0.5447559360436545 1
79.32 -0.9046599320315547 0.4293765476108542 1	79.32 -0.9046599320315547 0.4293765476108542 1
80.32 -0.9104542855218356 0.38514889207435177 1	80.32 -0.9104542855218356 0.38514889207435177 1
81.32 -0.9142958250186455 0.3956568911820788 1	81.32 -0.9142958250186455 0.3956568911820788 1
82.32 -0.90799881670379 0.35218981522701065 1	82.32 -0.90799881670379 0.35218981522701065 1
83.32 -0.9451952737222933 -0.04034967356491137 1	83.32 -0.9451952737222933 -0.04034967356491137 1
84.32 -1.232419780306455 -0.15101981460998037 1	84.32 -1.232419780306455 -0.15101981460998037 1
85.32 -1.577925857162953 -0.16406716305960423 1	85.32 -1.577925857162953 -0.16406716305960423 1
86.32 -1.5019596335250291 -0.17029788376946864 1	86.32 -1.5019596335250291 -0.17029788376946864 1
87.32 -1.4664238223832136 -0.15972234041968947 1	87.32 -1.4664238223832136 -0.15972234041968947 1
88.32 -1.445241319757119 -0.15903024755810335 1	88.32 -1.445241319757119 -0.15903024755810335 1
89.32 -1.4319737456624786 -0.1847234489162224 1	89.32 -1.4319737456624786 -0.1847234489162224 1
90.32 -1.412838933127994 -0.17281272868866715 1	90.32 -1.412838933127994 -0.17281272868866715 1
91.32 -1.4068812168197262 -0.16081530050387327 1	91.32 -1.4068812168197262 -0.16081530050387327 1
92.32 -1.4002417749056295 -0.15714466364741897 1	92.32 -1.4002417749056295 -0.15714466364741897 1
93.32 -1.4068617389452742 -0.15336501352588505 1	93.32 -1.4068617389452742 -0.15336501352588505 1
94.32 -1.4197887643962652 -0.1505212438558554 1	94.32 -1.4197887643962652 -0.1505212438558554 1
95.32 -1.417352145134141 -0.15100599160230455 1	95.32 -1.417352145134141 -0.15100599160230455 1
