7 0
8 0.4696846532821655
9 0.04083084911108017
10 -0.0009868023544549942
11 2.131596918106079
12 0.883608660697937
13 0.28213406339287755
14 0.0902492804825306
15 0.42898240730166437
16 0.006594681181013584
17 -0.13069581896066665
18 0.01059285894036293
19 1.0361260461807251
20 0.08038964167237282
21 0.21751145392656326
22 0.041640824638307095
23 0.10464772991836072
24 -0.16643399953842164
25 -0.13066817820072174
26 1.36352388381958
27 0.5814594259858131
28 1.3891576290130616
29 1.9394714450836181
30 1.9400671911239624
31 1.73367440700531
32 1.1007522296905519
33 2.8684264755249025
34 3.811206693649292
35 1.9653369295597076
36 0.03542507603764534
37 0.08311218023300171
38 0.3955554664134979
39 0.6050541996955872
40 2.1208250236511232
41 3.461930513381958
42 3.500438690185547
43 3.460714101791382
44 3.6152327060699463
45 3.5305023193359375
46 3.3966124057769775
47 3.531081438064575
48 3.5348026371002197
49 2.927581844329834
50 2.864840507507324
51 3.280529022216797
52 3.1028383445739744
53 1.125852302312851
54 0.060915606021881105
55 -0.1553734564781189
56 -0.21534176290035248
57 -0.1316569358110428
58 0.348966189622879
59 1.0679512929916382
60 1.7270641469955443
61 -0.03711512088775635
62 -0.2728894978761673
63 -0.552963387966156
64 -0.7741855812072754
65 -1.0307405376434327
66 -1.055578351020813
67 -0.9648163294792176
68 -0.780050892829895
69 -0.3977616345882416
70 0.9575080597400665
71 0.7852227878570557
72 2.0441962575912473
73 1.4483831357955932
74 0.9985373616218567
75 2.2249670028686523
76 2.9258464908599855
77 3.0184390544891357
78 3.3238597869873048
79 3.078447103500366
80 3.2006022930145264
81 3.12601637840271
82 3.135615892410278
83 3.0599939823150635
84 3.1326546669006348
85 2.960080862045288
86 2.9118387699127197
87 3.031944932937622
88 2.907010078430176
89 2.945764036178589
90 3.0251353931427003
91 3.1983877563476564
92 3.044561071395874
93 2.3140863800048828
94 1.922539358139038
95 2.0408605766296386
