1 0
2 0.4864864864864865
3 0.4294117647058823
4 0.7159763313609467
5 0.3288590604026846
6 0.13043478260869565
7 0.07766990291262135
8 0.4095238095238095
9 0.5948275862068966
10 0.2857142857142857
11 0.7363636363636363
12 0.4774774774774775
13 0.2909090909090909
14 0.424
15 0.594059405940594
16 0.6782608695652174
17 0.5772357723577236
18 0.5045045045045045
19 0.5714285714285714
20 0.47413793103448276
21 0.40384615384615385
22 0.5943396226415094
23 0.6178861788617886
24 0.6762589928057554
25 0.6842105263157895
26 0.6055045871559633
27 0.6181818181818182
28 0.5158730158730159
29 0.22935779816513763
30 0.3937007874015748
31 0.5153846153846153
32 0.4827586206896552
33 0.44329896907216493
34 0.46875
35 0.3263157894736842
36 0.37894736842105264
37 0.5833333333333334
38 0.7545454545454545
39 0.822429906542056
40 0.686046511627907
41 0.6804123711340206
42 0.6956521739130435
43 0.6666666666666666
44 0.7924528301886793
45 0.7452830188679245
46 0.7459016393442623
47 0.5740740740740741
48 0.7686567164179104
49 0.7631578947368421
50 0.1650485436893204
51 0.14150943396226415
52 0.102803738317757
53 0.2289156626506024
54 0.4411764705882353
55 0.43820224719101125
56 0.5666666666666667
57 0.6764705882352942
58 0.6222222222222222
59 0.6395348837209303
60 0.6235294117647059
61 0.7209302325581395
62 0.5824175824175825
63 0.5444444444444444
64 0.4523809523809524
65 0.38392857142857145
66 0.4375
67 0.5743243243243243
68 0.32926829268292684
69 0.24561403508771928
70 0.2596685082872928
71 0.2823529411764706
72 0.375
73 0.3798449612403101
74 0.34285714285714286
75 0.35714285714285715
76 0.35251798561151076
77 0.5478260869565217
78 0.6213592233009708
79 0.7203389830508474
80 0.62
81 0.5728155339805825
82 0.5
83 0.5384615384615384
84 0.5
85 0.5945945945945946
86 0.5876288659793815
87 0.6082474226804123
88 0.6494845360824743
89 0.65625
90 0.8137254901960784
91 0.8932038834951457
92 0.84375
93 0.7926829268292683
94 0.6193548387096774
95 0.6647058823529411
