7 0
8 0.5673076923076923
9 0.5913978494623656
10 0.6373626373626373
11 0.71
12 0.461038961038961
13 0.05319148936170213
14 0.02127659574468085
15 0.02247191011235955
16 0.06666666666666667
17 0.40229885057471265
18 0.53125
19 0.4294478527607362
20 0.20809248554913296
21 0.23125
22 0.1568627450980392
23 0.1
24 0.06172839506172839
25 0.20930232558139536
26 0.13333333333333333
27 0.64
28 0.5340909090909091
29 0.6054421768707483
30 0.4230769230769231
31 0.3564356435643564
32 0.3684210526315789
33 0.288
34 0.366412213740458
35 0.5772357723577236
36 0.5257731958762887
37 0.4845360824742268
38 0.43373493975903615
39 0.6288659793814433
40 0.6631578947368421
41 0.6947368421052632
42 0.6413043478260869
43 0.5760869565217391
44 0.7386363636363636
45 0.7924528301886793
46 0.7142857142857143
47 0.6666666666666666
48 0.6144578313253012
49 0.6375
50 0.7325581395348837
51 0.6057692307692307
52 0.44660194174757284
53 0.4090909090909091
54 0.14583333333333334
55 0.13414634146341464
56 0.21686746987951808
57 0.3
58 0.7087378640776699
59 0.8782608695652174
60 0.5462962962962963
61 0.37623762376237624
62 0.7910447761194029
63 0.628099173553719
64 0.40764331210191085
65 0.25675675675675674
66 0.2777777777777778
67 0.3088235294117647
68 0.3546099290780142
69 0.4375
70 0.518918918918919
71 0.5378787878787878
72 0.40404040404040403
73 0.43902439024390244
74 0.3178294573643411
75 0.11904761904761904
76 0.3411764705882353
77 0.033707865168539325
78 0.2761904761904762
79 0.6567164179104478
80 0.17647058823529413
81 0.14942528735632185
82 0.12643678160919541
83 0.15384615384615385
84 0.6972477064220184
85 0.73
86 0.4835164835164835
87 0.4146341463414634
88 0.5185185185185185
89 0.725
90 0.8953488372093024
91 0.9411764705882353
92 0.9375
93 0.9367088607594937
94 0.5384615384615384
95 0.5769230769230769
