1 0
2 0.28735632183908044
3 0.20382165605095542
4 0.2064516129032258
5 0.27044025157232704
6 0.541095890410959
7 0.47183098591549294
8 0.4720812182741117
9 0.24778761061946902
10 0.4406779661016949
11 0.6216216216216216
12 0.7251184834123223
13 0.38461538461538464
14 0.5833333333333334
15 0.27710843373493976
16 0.2
17 0.3711340206185567
18 0.6813725490196079
19 0.5748502994011976
20 0.5026737967914439
21 0.4426229508196721
22 0.6025641025641025
23 0.15476190476190477
24 0.011235955056179775
25 0.7783251231527094
26 0.6122448979591837
27 0.8172043010752689
28 0.4948453608247423
29 0.37142857142857144
30 0.38392857142857145
31 0.543859649122807
32 0.4375
33 0.3559322033898305
34 0.35833333333333334
35 0.2835820895522388
36 0.23417721518987342
37 0.3021978021978022
38 0.1510791366906475
39 0.02830188679245283
40 0.0847457627118644
41 0.19672131147540983
42 0.680628272251309
43 0.46236559139784944
44 0.33043478260869563
45 0.2786885245901639
46 0.17218543046357615
47 0.1564625850340136
48 0.46808510638297873
49 0.6470588235294118
50 0.6666666666666666
51 0.48623853211009177
52 0.5084745762711864
53 0.3888888888888889
54 0.6640625
55 0.5801526717557252
56 0.36082474226804123
57 0.18947368421052632
58 0.3559322033898305
59 0.6888888888888889
60 0.7093023255813954
61 0.6129032258064516
62 0.5454545454545454
63 0.743421052631579
64 0.7628865979381443
65 0.26595744680851063
66 0.26
67 0.13253012048192772
68 0.21839080459770116
69 0.7096774193548387
70 0.40268456375838924
71 0.1484375
72 0.10294117647058823
73 0.2727272727272727
74 0.6751592356687898
75 0.43846153846153846
76 0.2978723404255319
77 0.375
78 0.39316239316239315
79 0.5538461538461539
80 0.8604651162790697
81 0.8795180722891566
82 0.8372093023255814
83 0.75
84 0.6938775510204082
85 0.75
86 0.9351851851851852
87 0.8229166666666666
88 0.8695652173913043
89 0.6625
90 0.6551724137931034
91 0.7857142857142857
92 0.9135802469135802
93 0.9135802469135802
94 0.7906976744186046
95 0.7142857142857143
