7 0
8 0.5578947368421052
9 0.6224489795918368
10 0.7647058823529411
11 0.7831325301204819
12 0.6568627450980392
13 0.5604395604395604
14 0.5
15 0.449438202247191
16 0.375
17 0.5454545454545454
18 0.7054794520547946
19 0.36538461538461536
20 0.45161290322580644
21 0.5
22 0.6262626262626263
23 0.7722772277227723
24 0.7156862745098039
25 0.7619047619047619
26 0.5663716814159292
27 0.6052631578947368
28 0.6695652173913044
29 0.5813953488372093
30 0.7398373983739838
31 0.7064220183486238
32 0.6597222222222222
33 0.39622641509433965
34 0.2608695652173913
35 0.1375
36 0.03614457831325301
37 0.36046511627906974
38 0.47674418604651164
39 0.5057471264367817
40 0.5955056179775281
41 0.6931818181818182
42 0.75
43 0.7528089887640449
44 0.7956989247311828
45 0.8539325842696629
46 0.8571428571428571
47 0.8431372549019608
48 0.5980392156862745
49 0.41836734693877553
50 0.3793103448275862
51 0.41379310344827586
52 0.6666666666666666
53 0.8363636363636363
54 0.5697674418604651
55 0.6585365853658537
56 0.72
57 0.74
58 0.6176470588235294
59 0.40229885057471265
60 0.4111111111111111
61 0.48514851485148514
62 0.6336633663366337
63 0.69
64 0.6407766990291263
65 0.5925925925925926
66 0.5825242718446602
67 0.6666666666666666
68 0.5853658536585366
69 0.5486725663716814
70 0.5833333333333334
71 0.6057692307692307
72 0.6057692307692307
73 0.6785714285714286
74 0.719626168224299
75 0.7109375
76 0.6204379562043796
77 0.16666666666666666
78 0.16964285714285715
79 0.2072072072072072
80 0.18947368421052632
81 0.2604166666666667
82 0.3163265306122449
83 0.4897959183673469
84 0.4329896907216495
85 0.5
86 0.46464646464646464
87 0.46
88 0.5135135135135135
89 0.38
90 0.5634920634920635
91 0.5384615384615384
92 0.4895833333333333
93 0.42857142857142855
94 0.3364485981308411
95 0.38461538461538464
