7 0
8 0.037383177570093455
9 0.0
10 0.06956521739130435
11 0.05825242718446602
12 0.58
13 0.6354166666666666
14 0.6356589147286822
15 0.4766355140186916
16 0.4772727272727273
17 0.8346153846153846
18 0.19875776397515527
19 0.36585365853658536
20 0.4434782608695652
21 0.5897435897435898
22 0.2782608695652174
23 0.5847457627118644
24 0.3082706766917293
25 0.6885245901639344
26 0.8035714285714286
27 0.7441860465116279
28 0.7289719626168224
29 0.7816091954022989
30 0.518796992481203
31 0.3017241379310345
32 0.2716049382716049
33 0.17777777777777778
34 0.25
35 0.4369747899159664
36 0.49137931034482757
37 0.4954954954954955
38 0.48623853211009177
39 0.5858585858585859
40 0.6262626262626263
41 0.5378151260504201
42 0.5420560747663551
43 0.5585585585585585
44 0.6120689655172413
45 0.576
46 0.5206611570247934
47 0.4745762711864407
48 0.48717948717948717
49 0.5263157894736842
50 0.5726495726495726
51 0.6407766990291263
52 0.5798319327731093
53 0.684931506849315
54 0.5448275862068965
55 0.36423841059602646
56 0.3471502590673575
57 0.4720496894409938
58 0.29
59 0.5384615384615384
60 0.679324894514768
61 0.2196969696969697
62 0.3858267716535433
63 0.41496598639455784
64 0.24347826086956523
65 0.2127659574468085
66 0.4025157232704403
67 0.25625
68 0.1956521739130435
69 0.16352201257861634
70 0.15625
71 0.23170731707317074
72 0.3225806451612903
73 0.4152542372881356
74 0.391304347826087
75 0.40106951871657753
76 0.22459893048128343
77 0.30319148936170215
78 0.3984375
79 0.2900763358778626
80 0.39814814814814814
81 0.4095238095238095
82 0.36538461538461536
83 0.389937106918239
84 0.3375
85 0.4064516129032258
86 0.6517857142857143
87 0.7708333333333334
88 0.8235294117647058
89 0.7876106194690266
90 0.5426829268292683
91 0.31547619047619047
92 0.46808510638297873
93 0.5869565217391305
94 0.38974358974358975
95 0.23655913978494625
