7 0
8 1.816517744064331
9 2.5084898185729982
10 2.835140562057495
11 -0.463086154460907
12 -0.36433504104614256
13 -0.00325578972697258
14 -0.10505424663424492
15 -0.2125095881521702
16 0.8520463395118714
17 0.14900034684687852
18 0.10663335800170898
19 0.5326364040374756
20 -0.07661961823701859
21 0.010447052121162415
22 -0.1291385880112648
23 0.45592543482780457
24 0.6266530394554138
25 1.6982645988464355
26 2.64285276889801
27 2.36991060256958
28 2.2609362602233887
29 2.0601117610931396
30 2.086162805557251
31 1.7822077226638795
32 2.1376896858215333
33 1.4053629207611085
34 0.6817272639274597
35 0.8047153401374817
36 -0.041068221237510444
37 -0.05584334939718247
38 0.32398406028747556
39 0.34739402055740354
40 1.530981330871582
41 3.3569686222076416
42 3.6823446559906006
43 2.824307680130005
44 3.6378927993774415
45 3.5335244274139406
46 3.0582213401794434
47 3.0593299865722656
48 3.1261266708374023
49 3.028533935546875
50 2.5718819093704224
51 1.1243377006053925
52 1.3474476903676986
53 3.5491971588134765
54 1.8705395984649658
55 2.461992416381836
56 2.4807657051086425
57 2.821582078933716
58 0.9325926899909973
59 3.005391616821289
60 3.1998450756073
61 1.1013077095150947
62 0.10082771331071853
63 1.2897009503841401
64 2.738775038719177
65 0.48364441633224486
66 0.5986098885536194
67 1.5209048557281495
68 0.4464286267757416
69 -0.04683374047279358
70 -0.5090316534042358
71 -0.37865766644477844
72 -0.19849836230278015
73 0.322679728269577
74 0.12710880547761916
75 0.6630194544792175
76 0.6135037672519684
77 0.4841277098655701
78 1.0417919111251832
79 2.1468286514282227
80 3.0733846855163574
81 2.6864388751983643
82 3.65932297706604
83 3.9605436229705813
84 3.742316246032715
85 3.876690149307251
86 4.045146942138672
87 3.778883295059204
88 3.5455470085144043
89 3.5574838638305666
90 3.650561933517456
91 3.417585849761963
92 3.1617252826690674
93 2.9808828830718994
94 3.666887044906616
95 3.7072930335998535
