1 0
2 0.5
3 0.45535714285714285
4 0.4732142857142857
5 0.5408163265306123
6 0.625
7 0.5677966101694916
8 0.6475409836065574
9 0.6756756756756757
10 0.6593406593406593
11 0.6385542168674698
12 0.44086021505376344
13 0.26436781609195403
14 0.3645833333333333
15 0.19540229885057472
16 0.2111111111111111
17 0.0967741935483871
18 0.11320754716981132
19 0.011494252873563218
20 0.12790697674418605
21 0.09302325581395349
22 0.125
23 0.24489795918367346
24 0.5333333333333333
25 0.5211267605633803
26 0.4879518072289157
27 0.3333333333333333
28 0.30303030303030304
29 0.26666666666666666
30 0.30097087378640774
31 0.23853211009174313
32 0.4727272727272727
33 0.5046728971962616
34 0.49074074074074076
35 0.4224137931034483
36 0.45161290322580644
37 0.384
38 0.49572649572649574
39 0.4444444444444444
40 0.43670886075949367
41 0.5258620689655172
42 0.6057692307692307
43 0.5773195876288659
44 0.6947368421052632
45 0.7951807228915663
46 0.4588235294117647
47 0.620253164556962
48 0.7721518987341772
49 0.686046511627907
50 0.7011494252873564
51 0.7586206896551724
52 0.7553191489361702
53 0.7070707070707071
54 0.5257731958762887
55 0.46938775510204084
56 0.4537037037037037
57 0.5508474576271186
58 0.3697478991596639
59 0.0707070707070707
60 0.019417475728155338
61 0.0
62 0.06593406593406594
63 0.6588235294117647
64 0.8080808080808081
65 0.6637931034482759
66 0.5
67 0.5514705882352942
68 0.6548672566371682
69 0.5916666666666667
70 0.40804597701149425
71 0.25333333333333335
72 0.41818181818181815
73 0.02830188679245283
74 0.0
75 0.0
76 0.3968253968253968
77 0.68
78 0.6458333333333334
79 0.6842105263157895
80 0.6627906976744186
81 0.6753246753246753
82 0.691358024691358
83 0.7816091954022989
84 0.7831325301204819
85 0.8292682926829268
86 0.810126582278481
87 0.8734177215189873
88 0.8734177215189873
89 0.9135802469135802
90 0.8636363636363636
91 0.8414634146341463
92 0.9125
93 0.8875
94 0.7662337662337663
95 0.686046511627907
