1 0
2 0.5188679245283019
3 0.5463917525773195
4 0.62
5 0.5364238410596026
6 0.28125
7 0.2716049382716049
8 0.5448717948717948
9 0.6727272727272727
10 0.6145833333333334
11 0.696078431372549
12 0.5512820512820513
13 0.6627906976744186
14 0.6547619047619048
15 0.5121951219512195
16 0.7073170731707317
17 0.6909090909090909
18 0.5445544554455446
19 0.5462184873949579
20 0.52
21 0.5463917525773195
22 0.6666666666666666
23 0.7857142857142857
24 0.7604166666666666
25 0.8679245283018868
26 0.6422018348623854
27 0.7844827586206896
28 0.8488372093023255
29 0.8536585365853658
30 0.8375
31 0.8674698795180723
32 0.8048780487804879
33 0.8831168831168831
34 0.8536585365853658
35 0.7933884297520661
36 0.6868686868686869
37 0.6302521008403361
38 0.32954545454545453
39 0.7368421052631579
40 0.6915887850467289
41 0.6086956521739131
42 0.7317073170731707
43 0.8076923076923077
44 0.620253164556962
45 0.7526881720430108
46 0.7727272727272727
47 0.8292682926829268
48 0.8433734939759037
49 0.7204301075268817
50 0.7108433734939759
51 0.686046511627907
52 0.5663716814159292
53 0.2948717948717949
54 0.325
55 0.4125
56 0.425
57 0.5053763440860215
58 0.7560975609756098
59 0.8125
60 0.6363636363636364
61 0.5877862595419847
62 0.7209302325581395
63 0.6691176470588235
64 0.6666666666666666
65 0.6261682242990654
66 0.5360824742268041
67 0.47101449275362317
68 0.35294117647058826
69 0.296551724137931
70 0.36942675159235666
71 0.3333333333333333
72 0.45454545454545453
73 0.5315315315315315
74 0.3793103448275862
75 0.35365853658536583
76 0.29333333333333333
77 0.39156626506024095
78 0.5563380281690141
79 0.7633587786259542
80 0.9294117647058824
81 0.84375
82 0.7857142857142857
83 0.8409090909090909
84 0.7804878048780488
85 0.85
86 0.9259259259259259
87 0.8987341772151899
88 0.8875
89 0.9113924050632911
90 0.9102564102564102
91 0.9230769230769231
92 0.8974358974358975
93 0.9024390243902439
94 0.8041958041958042
95 0.29473684210526313
