12 0
13 0.11428571428571428
14 0.10784313725490197
15 0.13333333333333333
16 0.6547619047619048
17 0.5822784810126582
18 0.6705882352941176
19 0.8045977011494253
20 0.638095238095238
21 0.5327102803738317
22 0.6460176991150443
23 0.44545454545454544
24 0.34408602150537637
25 0.45054945054945056
26 0.6395348837209303
27 0.7441860465116279
28 0.6704545454545454
29 0.6976744186046512
30 0.7619047619047619
31 0.7951807228915663
32 0.7976190476190477
33 0.8214285714285714
34 0.8095238095238095
35 0.7551020408163265
36 0.7473684210526316
37 0.7333333333333333
38 0.7857142857142857
39 0.8372093023255814
40 0.7065217391304348
41 0.6746987951807228
42 0.5841584158415841
43 0.4
44 0.625
45 0.6091954022988506
46 0.6746987951807228
47 0.7831325301204819
48 0.7951807228915663
49 0.8117647058823529
50 0.7764705882352941
51 0.7710843373493976
52 0.8235294117647058
53 0.7941176470588235
54 0.6388888888888888
55 0.4742268041237113
56 0.4835164835164835
57 0.4939759036144578
58 0.5975609756097561
59 0.7083333333333334
60 0.6736842105263158
61 0.651685393258427
62 0.75
63 0.8928571428571429
64 0.7375
65 0.8333333333333334
66 0.7831325301204819
67 0.8148148148148148
68 0.8795180722891566
69 0.8554216867469879
70 0.8620689655172413
71 0.8636363636363636
72 0.8488372093023255
73 0.8222222222222222
74 0.6141732283464567
75 0.5344827586206896
76 0.4563106796116505
77 0.45
78 0.46938775510204084
79 0.5445544554455446
80 0.627906976744186
81 0.5977011494252874
82 0.6385542168674698
83 0.775
84 0.6753246753246753
85 0.7228915662650602
86 0.8705882352941177
87 0.8734177215189873
88 0.8589743589743589
89 0.8875
90 0.9259259259259259
91 0.9294117647058824
92 0.8441558441558441
93 0.9090909090909091
94 0.7948717948717948
95 0.7564102564102564
