17 0
18 0.12258064516129032
19 0.0
20 0.3014354066985646
21 0.44785276073619634
22 0.45689655172413796
23 0.4326241134751773
24 0.425
25 0.4672897196261682
26 0.4787234042553192
27 0.6
28 0.6074766355140186
29 0.5056179775280899
30 0.5808823529411765
31 0.484375
32 0.34210526315789475
33 0.421875
34 0.6302521008403361
35 0.6837606837606838
36 0.6116504854368932
37 0.6875
38 0.6666666666666666
39 0.5416666666666666
40 0.41284403669724773
41 0.38686131386861317
42 0.36
43 0.2222222222222222
44 0.03
45 0.0
46 0.0
47 0.0
48 0.03305785123966942
49 0.24390243902439024
50 0.5987261146496815
51 0.6830985915492958
52 0.30612244897959184
53 0.25773195876288657
54 0.30120481927710846
55 0.5747126436781609
56 0.5858585858585859
57 0.5714285714285714
58 0.8167330677290837
59 0.20394736842105263
60 0.20754716981132076
61 0.20833333333333334
62 0.16666666666666666
63 0.20202020202020202
64 0.33043478260869563
65 0.3411764705882353
66 0.27848101265822783
67 0.44565217391304346
68 0.2483221476510067
69 0.2152777777777778
70 0.2638888888888889
71 0.2708333333333333
72 0.4297520661157025
73 0.3583815028901734
74 0.3880597014925373
75 0.5
76 0.5294117647058824
77 0.40963855421686746
78 0.3404255319148936
79 0.5051546391752577
80 0.4421052631578947
81 0.38095238095238093
82 0.3522727272727273
83 0.3314285714285714
84 0.3875
85 0.3645833333333333
86 0.36363636363636365
87 0.5060240963855421
88 0.7037037037037037
89 0.6785714285714286
90 0.6666666666666666
91 0.8588235294117647
92 0.392
93 0.791907514450867
94 0.6226415094339622
95 0.4675324675324675
