17 0
18 0.4095238095238095
19 0.3917525773195876
20 0.45652173913043476
21 0.46236559139784944
22 0.4536082474226804
23 0.4953271028037383
24 0.5392156862745098
25 0.6395348837209303
26 0.686046511627907
27 0.7560975609756098
28 0.7560975609756098
29 0.8125
30 0.7865168539325843
31 0.4550898203592814
32 0.310126582278481
33 0.2894736842105263
34 0.35664335664335667
35 0.35833333333333334
36 0.3559322033898305
37 0.37606837606837606
38 0.37606837606837606
39 0.3739130434782609
40 0.3813559322033898
41 0.4496124031007752
42 0.5666666666666667
43 0.5882352941176471
44 0.6235294117647059
45 0.6547619047619048
46 0.5957446808510638
47 0.5333333333333333
48 0.573170731707317
49 0.625
50 0.6715328467153284
51 0.49523809523809526
52 0.4954954954954955
53 0.6521739130434783
54 0.7619047619047619
55 0.7733333333333333
56 0.759493670886076
57 0.5735294117647058
58 0.47058823529411764
59 0.5957446808510638
60 0.6428571428571429
61 0.6588235294117647
62 0.6161616161616161
63 0.5652173913043478
64 0.5591397849462365
65 0.6612903225806451
66 0.5677966101694916
67 0.7007299270072993
68 0.5895522388059702
69 0.5075757575757576
70 0.358974358974359
71 0.378698224852071
72 0.2413793103448276
73 0.23972602739726026
74 0.25675675675675674
75 0.28104575163398693
76 0.3333333333333333
77 0.4
78 0.40860215053763443
79 0.5052631578947369
80 0.6585365853658537
81 0.7530864197530864
82 0.6989247311827957
83 0.6224489795918368
84 0.5113636363636364
85 0.5697674418604651
86 0.6091954022988506
87 0.6265060240963856
88 0.6823529411764706
89 0.7058823529411765
90 0.7105263157894737
91 0.7204301075268817
92 0.6987951807228916
93 0.7684210526315789
94 0.6352941176470588
95 0.5925925925925926
