17 0.0
18 2.013608804177047
19 1.3590307625215863
20 1.52472014631383
21 1.5091241302446579
22 1.7469909343995582
23 1.868521974590763
24 1.8807210479038219
25 1.7706963800641262
26 1.393211736015387
27 1.8400515323191347
28 1.9109973097448756
29 2.193260959345513
30 2.0042838415450017
31 1.26435689810566
32 1.0783896447324552
33 1.1848423054163035
34 1.7905581745556791
35 1.8834267562630167
36 1.8480989423787122
37 1.7128494624088648
38 2.1978873401041246
39 2.449935296945761
40 3.1207513129094924
41 4.321646441001751
42 4.743680118508108
43 7.112539440729484
44 6.858570156821386
45 6.022805561328444
46 7.15450008722986
47 5.299655116428207
48 2.6973143193435227
49 3.894775410017444
50 4.400406176190189
51 2.796959522034187
52 2.692608589643127
53 3.8158899284570005
54 3.6853212034571428
55 3.5000318129045302
56 3.434430431940226
57 3.6154973920884554
58 3.9905721587828227
59 3.940432312032888
60 3.601698381669895
61 2.4488600794339135
62 1.9016600921230953
63 3.741185570502186
64 2.0607259952007464
65 0.8277399419854821
66 0.6981859309475302
67 0.7091072232963519
68 1.1038779625090627
69 1.6340866144709663
70 1.6986434330957676
71 1.6556950958764618
72 1.736543890676133
73 1.89668249989655
74 2.2480773195790515
75 2.5696637338950596
76 2.6616899694237683
77 4.056710680791234
78 4.908684923528417
79 5.103769455681948
80 5.450466356999016
81 5.4818536239953986
82 5.16186952410033
83 5.015857233306246
84 4.6887695151923
85 4.580100538683518
86 4.585702702852546
87 5.018314714479971
88 4.480077352148739
89 4.5817109677880925
90 4.781369219084236
91 5.150027924114897
92 5.2995938987233036
93 5.466261384934821
94 5.542347770184062
95 5.684065500872824
