1 0.0
2 6.67179802823611
3 6.911651098301182
4 7.458328739877588
5 5.267419310348644
6 2.8510342670757782
7 1.8376942408780885
8 6.9096543730053295
9 8.875093715077993
10 6.298408258954792
11 6.2626637403946175
12 4.742052205001417
13 5.631644262857966
14 4.898146316151363
15 4.27811232132445
16 5.322856485065086
17 5.525072898664829
18 3.854036757392895
19 4.535224205093338
20 3.205479511652035
21 3.6755647136982077
22 6.245956091122996
23 7.999278519283593
24 7.158358417370096
25 8.013124838353862
26 5.501389131058073
27 6.9295647674413114
28 7.565839069778867
29 7.55441047724829
30 7.96335365605363
31 8.816679910054381
32 6.930501093459736
33 8.26303860858131
34 8.59068186394144
35 7.003531081832551
36 4.98107101599558
37 3.3119289202450832
38 2.0482459398606467
39 5.1417539122809295
40 4.536727702657782
41 4.471708771671215
42 5.319660225131779
43 5.109326853012712
44 4.3799656761756065
45 6.824240890816773
46 5.969432904632696
47 6.088741856736182
48 6.036757429114999
49 5.867487254874395
50 6.0759292522679775
51 6.470100001856336
52 3.818161341164387
53 2.022445670030942
54 3.047625431105657
55 3.5564295520027147
56 2.921459515550722
57 3.4157764552458487
58 5.1674707315549595
59 5.460617095512145
60 6.17815740817243
61 5.68302889866514
62 5.8161304092518815
63 6.252832303219776
64 6.275908980881074
65 5.04342549708131
66 5.414786830515566
67 3.403126782834767
68 2.201608627374866
69 2.671120350735565
70 2.5764001771711533
71 3.0557972009850416
72 4.034869464011311
73 4.4951326184793725
74 2.52601256457341
75 2.3298698803603903
76 2.1251592023495265
77 2.8390011190701143
78 3.4363747771653603
79 5.630643355924677
80 6.597187142223821
81 4.159378939178575
82 4.60929716631003
83 5.2161861283308975
84 4.285874420655085
85 5.780151284396847
86 6.907823953087122
87 6.530724665246544
88 7.137341167419452
89 7.220164585035336
90 7.891456266693222
91 9.235246056224291
92 8.511117931531686
93 7.536179066071837
94 3.4309920698683083
95 1.6590255780704661
