1 0.0
2 1.4137582909607975
3 1.4327629959820594
4 1.0844920995406648
5 1.6233899383466153
6 1.548014232256011
7 1.5284898811140153
8 1.6948231480709084
9 1.8237510982384177
10 2.2710263699544067
11 1.1951707212770184
12 1.4304618878159034
13 2.043062415151435
14 2.6961427022387894
15 2.1431980097025343
16 2.1620595208294056
17 7.3535213769563
18 7.716744606567894
19 3.3840974275806035
20 3.434003485922346
21 2.162677674893717
22 3.2059415034844836
23 2.4410553140048603
24 4.906282641710448
25 2.997998379571088
26 1.3052971014579384
27 1.0922818435679944
28 1.0931992239780928
29 1.1065927677907226
30 1.0852931838213227
31 2.2234381027016954
32 2.7757473621146698
33 2.143794538432351
34 2.647609088748228
35 2.6251509676145743
36 2.6405012668957624
37 2.8169609000088185
38 3.019922975359154
39 3.62995595229711
40 3.873469461423369
41 4.467646974342108
42 4.570297253094474
43 4.102479191027461
44 3.273977947966762
45 1.6792416659911857
46 1.1521642028747818
47 1.1605176229838363
48 1.1337085213952829
49 1.0605271416206312
50 1.845431464341785
51 3.568693472992218
52 2.1595982809708665
53 2.189070096489466
54 2.0418769007902267
55 2.111667451498851
56 2.2478586357670896
57 3.44315436540092
58 3.940161091807375
59 3.5569126444796457
60 3.3677593946877664
61 2.7891178985269254
62 3.0621032129631804
63 3.239803845684333
64 3.019858832797229
65 2.7853392054491057
66 2.9060950682838134
67 2.5020130751617025
68 2.079121124482626
69 1.9163597310815448
70 1.7997118404503252
71 1.7807033070009113
72 2.365328831457685
73 2.3831541544944934
74 1.7073770392280572
75 1.8773268864916661
76 1.8307983632240363
77 1.7097907547426558
78 1.8254628168261153
79 1.932611416115161
80 1.9566588436948098
81 1.9651014660753765
82 2.2052378000044444
83 2.4491315331296457
84 2.921772351701055
85 3.4114466913940418
86 3.3845628075572693
87 3.326720517372608
88 3.421597442292112
89 3.5544712326756374
90 2.750215334944774
91 2.8662386907644377
92 3.836366103857983
93 4.190538525852117
94 2.481044667628102
95 1.6929680182928737
