1 0.0
2 2.4682877222998334
3 1.336669099592736
4 1.76622102758592
5 2.2130907941237505
6 5.498707986925885
7 5.150072918306023
8 3.3381057353418466
9 2.409167663966077
10 3.067411914501397
11 3.2547564298569185
12 2.826773808152192
13 3.4130533377072583
14 3.127508583799924
15 1.9811250205062692
16 1.6022140730850285
17 2.0672176406987335
18 2.023845519879547
19 3.048349536478842
20 2.906240123660186
21 2.611821604295682
22 1.5296073965439092
23 1.3244097837422124
24 1.5209457695163904
25 1.867896768770104
26 2.430047630638766
27 3.440224655473209
28 2.1964432310643187
29 1.7649926940972307
30 2.065668667092699
31 2.8504601497351056
32 2.718081676810903
33 2.2287456636726164
34 2.424154674252969
35 2.5212723525738348
36 2.4156064046896724
37 1.8866609741537337
38 1.3843481886316358
39 1.191741069591218
40 1.2547162384751314
41 1.6001910381695168
42 2.9206125491972545
43 2.4834563216530596
44 2.0615189256017112
45 1.6328100116053978
46 1.367806591264818
47 1.3793290651072996
48 3.084063854363152
49 3.8106370358232664
50 4.6023675823223416
51 2.965900915704046
52 2.3210881989980785
53 2.2599071353274374
54 2.8168845477003415
55 3.157719697617477
56 2.1558981560703177
57 1.6714070396766771
58 1.5213100532793258
59 2.081676320394872
60 3.9695441877043467
61 2.5473488831656925
62 2.0180542390454717
63 2.9595214434405976
64 3.1127108228591904
65 1.4819252893058468
66 1.209904282197926
67 1.3765633793275291
68 1.302560388408798
69 2.4132297959325157
70 1.0647777128993374
71 0.9686856714059127
72 0.6869009399833529
73 0.7328503319696921
74 3.247339599755505
75 2.4834660100370267
76 1.5623667428746983
77 1.8848800785316677
78 2.4081998968250384
79 2.621718548361307
80 2.689400050813032
81 2.9572582141256696
82 2.937228686171399
83 2.606521656207497
84 2.3328083727641262
85 2.7171646546505936
86 3.6309142006282076
87 3.7606570112660327
88 4.108983471007453
89 4.3024887634508655
90 4.918531248862471
91 7.351116338071632
92 7.63151381852478
93 7.4102105368744144
94 4.698023229455591
95 4.447054646081849
