12 0.0
13 1.1711165105833692
14 1.040779575853447
15 1.5225863261519155
16 2.770271824355339
17 1.3483844264383276
18 0.5627633631464493
19 0.5613261369908419
20 0.5293253957719115
21 0.5149950651041132
22 0.7587360719470025
23 1.0664123983569027
24 1.9073714622476063
25 2.2325591985129267
26 2.221783446671058
27 2.2714061001817973
28 1.900217625356369
29 1.6130701586516174
30 1.6986241326972598
31 1.6461880906688102
32 1.9785086036226611
33 2.0802033335107954
34 2.316737460478785
35 1.2458733775406834
36 0.525990255322488
37 0.7648763698524284
38 0.6883979594032585
39 1.5689984456939623
40 3.115816411693677
41 3.294207104067826
42 3.071824518632429
43 3.4988117861231522
44 4.278263494295346
45 5.339937579365574
46 5.313151047441949
47 5.4081755007488
48 3.4030786593336098
49 3.232504176718092
50 3.0470712098333013
51 2.24476723689212
52 1.9845348155266231
53 1.791814024681871
54 1.9495718862598406
55 1.8064167196908576
56 1.3915970137809917
57 1.340719354089733
58 1.5136221382658994
59 1.8541709751511786
60 1.8955778346486905
61 1.6630903341230134
62 0.6227580811868287
63 1.5165033487285693
64 1.9877190169114196
65 0.6644833764452518
66 0.6012625390293682
67 0.4962005192252873
68 1.2620180504598548
69 2.557747658877938
70 2.478494016637732
71 2.413501785239958
72 2.6893373335169866
73 3.1869918801849484
74 3.051655049158437
75 2.780480974221016
76 4.940334962940396
77 4.771870516955038
78 4.634445868757964
79 4.5230040277347205
80 5.53547426598051
81 5.909757562805079
82 5.702548301363511
83 5.790791017138487
84 2.8806956581124816
85 4.33404637064632
86 4.671138635128323
87 5.820477090463503
88 6.210445530942555
89 6.981712522168656
90 6.7349358877473335
91 6.8461346478732255
92 7.296587590919726
93 7.566326825627707
94 6.5872359150711555
95 5.8117505081697365
