12 0.0
13 2.7962984984997843
14 1.8609328447925293
15 1.2377984588939157
16 1.4844262421645849
17 1.1395773457447798
18 1.4001277366292035
19 1.2346165227806258
20 1.3347794071114292
21 1.8983613629672118
22 2.252233670675341
23 2.84633532111907
24 2.887071323378039
25 2.021715699088434
26 0.6255930219848469
27 0.7132759578849407
28 0.8279020941350663
29 1.0933592337344893
30 1.9463208034024175
31 2.914975469146786
32 3.2356047810598545
33 2.764875940751129
34 3.078168822240544
35 3.3784926156222865
36 3.4260127414041723
37 4.56292643438834
38 4.297586556182524
39 4.002584939950405
40 2.884782033844067
41 3.0286951442800714
42 2.6780210338698747
43 2.560309619220441
44 2.9688821027381023
45 1.0162367069382214
46 0.35106287428329425
47 0.35697402613481494
48 0.35655025584221095
49 1.0035008139993944
50 1.4306237181740216
51 1.0814140108089587
52 1.5808931613538693
53 1.2887473548991915
54 1.5992563565083238
55 1.8647153045893732
56 1.879909851134407
57 2.067219640035392
58 2.0101301631166506
59 0.7754963638255497
60 0.36929581877147205
61 0.39276546370533644
62 0.4868581248315194
63 1.708397248738146
64 1.8580512009163643
65 1.9010317174880853
66 1.8933084192674603
67 3.0993595198647137
68 3.368327725334108
69 3.7987311042611602
70 6.7654872484680935
71 8.927422265899274
72 7.402214580118505
73 7.0701004453769825
74 6.914620891225846
75 7.742754642000084
76 8.151498473325475
77 5.723952112182862
78 2.289390076230654
79 1.7534176692248002
80 1.9732119540410096
81 3.3246671120360136
82 6.849841600728565
83 7.4964192470737405
84 5.937713603644187
85 6.524211260014605
86 7.343026868994834
87 7.164207679872559
88 7.906478193948254
89 8.65068424972178
90 9.343886858935141
91 9.567921209022332
92 9.603231925808092
93 9.954756105262351
94 7.299127237124538
95 6.974363236522564
