17 0.0
18 1.3446895225662312
19 1.660438685242934
20 0.9114225040825202
21 0.5341492895264172
22 0.5707004285854742
23 0.6188317775207018
24 0.6249645279842928
25 0.5977434745094913
26 0.8117122284554839
27 1.1522760195593416
28 1.247127143920234
29 1.2512089160536422
30 1.4261494586733647
31 1.6317910480867972
32 1.609655893544839
33 1.4379236082538294
34 1.0349483262080605
35 0.7720194912278853
36 0.7367453829275395
37 0.924293086560013
38 1.019696793770968
39 1.0850454384599808
40 1.1501228675019877
41 1.4803729219581798
42 1.4455808304030717
43 0.9755815866449885
44 0.6370254910566829
45 0.4194089528672606
46 0.5264995598159528
47 0.7154439728594771
48 0.678264981582513
49 0.7187331574356428
50 0.6293313105444606
51 0.6677486864355567
52 1.3181778448831059
53 1.9604661059098092
54 1.706877376977427
55 1.7346964432939609
56 1.8355785922158239
57 1.9202139573252235
58 1.980910889487003
59 2.12713558551329
60 2.2028985183993526
61 2.243418210521235
62 2.0051622551989228
63 0.9310987584534336
64 0.5063425555708836
65 0.7026820724873529
66 1.4155606187045466
67 0.9364735996778033
68 1.156751083134075
69 0.8087506847709635
70 0.6699800268618524
71 1.2717529046722762
72 1.964181660817647
73 0.8296707307005395
74 0.7411154349092323
75 0.9819938100933504
76 1.6748074506343082
77 2.1000075186748393
78 2.065343488139132
79 3.2421659197409016
80 3.6642310809831073
81 3.7446984820725095
82 3.806359817396676
83 3.5932556491851764
84 3.347051273561236
85 3.722959876253305
86 3.7468344726381075
87 3.5716814948685816
88 3.169042214866841
89 2.8787808767551257
90 3.075982967539136
91 3.8103203822786584
92 3.773108507998005
93 3.9405470092716643
94 3.9898497418023875
95 3.932537628470723
