12 0.0
13 1.8375351170070169
14 2.1189173375713266
15 1.6852482719077337
16 1.977157463547055
17 2.079179448674287
18 2.1825400576798124
19 2.346754429142562
20 3.113026568558029
21 3.445417521218295
22 3.1246114394990583
23 3.442838629629254
24 2.8589608240073527
25 2.831721720667945
26 3.5932748638226366
27 3.728457126180743
28 3.725153980171936
29 3.2554374148556646
30 1.8258576198655194
31 2.4845499365536816
32 3.127043786568671
33 2.872735907207948
34 3.032620631245742
35 0.7510355809508202
36 0.9431581752145908
37 2.295659534543037
38 2.149384960820518
39 1.6821165955880135
40 2.109453916161388
41 0.5745905505170162
42 1.085056936741024
43 0.8564769095991445
44 0.7515202667844015
45 2.8242727438879864
46 1.763531368679183
47 3.0465976770802325
48 4.319675633013277
49 5.4055053211311
50 5.509969716752486
51 4.623519935737591
52 4.009377393437033
53 1.9089052068075612
54 3.134880148184289
55 3.387712193257118
56 3.738436359469286
57 3.867876148093373
58 1.8385101826428831
59 0.7495646307611352
60 0.8756438215242938
61 3.853094874804394
62 6.570111124631005
63 7.865515725581519
64 7.136387297535857
65 9.603501274250835
66 5.172452826595942
67 2.2849944270517764
68 1.4023571782718756
69 1.6641041594106407
70 1.3927574390369057
71 2.338984177560833
72 3.3292413089793063
73 1.8504380347271274
74 2.784981950010042
75 2.67943596370871
76 1.9217674805584568
77 4.289422820056886
78 6.52032087543809
79 6.248354072099818
80 6.051707074520429
81 5.746644491776018
82 6.197617934427359
83 7.0717007083617816
84 7.278640648164404
85 7.644841793116601
86 7.259287494350062
87 6.864267039314625
88 7.502030600699667
89 7.332472935313902
90 5.095520184446285
91 2.7007729195621972
92 2.4680163105700927
93 2.060239079542875
94 1.0779312989580223
95 0.4453309726812485
