1 0.0
2 0.9955972165428744
3 0.8060920266107151
4 0.688263192024603
5 0.8085699345245375
6 1.178286817096201
7 1.6530522835014279
8 1.670215422124685
9 1.584914866477307
10 1.4765125012793874
11 1.901697719630511
12 2.036517457823073
13 2.6163032507343473
14 1.865988485913522
15 1.2840661588277944
16 1.4222671672804688
17 1.6099871077154024
18 3.4258550844825653
19 4.9934161181141095
20 4.252310130920899
21 2.7189371033733756
22 2.343221616891274
23 1.7619960366726406
24 1.6690029353084261
25 1.8020022801934306
26 1.836258408549958
27 4.748991253795879
28 5.399391649237896
29 4.296720639177878
30 4.197933998341969
31 4.724537385547129
32 3.8074158843677237
33 3.342181010111421
34 4.589510615958925
35 5.410971309740984
36 5.2412245323603806
37 4.439413167405958
38 4.352478026368253
39 4.732250233820037
40 5.183343175936634
41 6.353715706326835
42 5.7746042383366545
43 5.0180092083799295
44 4.338119880674208
45 4.281666001542592
46 4.182262165303864
47 3.129834505363971
48 3.46382963857932
49 3.868925186563011
50 4.46730315166807
51 4.492496579493585
52 3.114980497559918
53 2.317170084672031
54 3.2426467073868896
55 3.370840575771726
56 3.5573282951681984
57 3.341310182651546
58 3.6609559701176364
59 3.497638003640999
60 3.886051156558251
61 3.072017706227023
62 3.386545462179156
63 3.5615407255686833
64 4.5133787428221135
65 5.413460458698561
66 5.8160436080814115
67 4.784794865961314
68 3.736432103345819
69 4.021243299993686
70 3.532635782539626
71 3.0894955733542298
72 2.850161488539159
73 1.6315694546287796
74 1.2090577610507665
75 1.4412892959570514
76 1.4961322099080496
77 2.4411455979556864
78 2.3020885260168558
79 2.0537944146634
80 2.243329739302287
81 2.141908352337028
82 2.222159487017088
83 2.754694597347299
84 2.224216457704229
85 1.986691361491445
86 2.8481358442061246
87 3.252234033799214
88 3.98703679545962
89 4.51862040119133
90 4.100623969924131
91 4.609842583866321
92 4.792998547319462
93 4.753486540140081
94 3.8959925919522767
95 3.8071882675796616
