12 0.0
13 1.931506382902026
14 1.2528835302148533
15 1.1485953527892452
16 1.5341622429041166
17 2.8955440524011875
18 2.9738638130883808
19 3.0480626066424934
20 2.0243724477457787
21 1.7077097869590978
22 1.2610866539428016
23 2.1494347269732486
24 2.3785703518188765
25 2.4127443691484625
26 1.9528740681921526
27 2.9771042621217747
28 3.2306033917177257
29 3.5217719700295245
30 3.3830771144441667
31 2.05135691645549
32 1.3122107572804493
33 1.6345477818901728
34 3.0245807900689914
35 5.267930532699187
36 3.4062203475305224
37 3.9306373537439514
38 3.7264964360067636
39 3.4326638315179863
40 3.5979891645439115
41 3.839935989864585
42 3.027717071498426
43 3.1100429956612037
44 3.115985535619373
45 3.3462901766702764
46 2.716773978334437
47 3.125774607558893
48 3.0174080618325663
49 3.221720878135285
50 2.9843195257387
51 2.9105467330989523
52 2.7226814973801035
53 2.8575389980180144
54 2.7785805016936553
55 1.3428039357198231
56 1.068797467400614
57 0.5298443347451858
58 0.5708423903029125
59 0.6258455607492729
60 0.7887432851109766
61 1.0839867916290478
62 0.9435701456353315
63 1.3074840208157048
64 3.116597251733144
65 3.1523793745760402
66 3.7159616299653146
67 5.068515752763134
68 6.861539019349168
69 6.579888535861482
70 6.577070615598457
71 6.430748094658285
72 3.956760586592583
73 3.72119076879906
74 3.757105088662582
75 4.912509227933523
76 3.7865217487780196
77 3.995197093275
78 3.1449061549332726
79 0.8154207322576322
80 0.396446233413077
81 0.770876478651459
82 1.3176123107575461
83 2.1004895687250964
84 1.7594979014127927
85 1.6319128367906108
86 3.5175699412392913
87 3.382167260377311
88 3.461078279492408
89 2.6661660086956354
90 9.023227804451064
91 9.252053038985286
92 9.370890998178153
93 8.399106593354317
94 6.282007101024638
95 5.650489831601753
