17 0.0
18 1.0690822618985873
19 0.9284771291696663
20 1.0536402310861417
21 2.7031855335153385
22 2.6518866233664293
23 2.6265059934474686
24 3.6450648643540724
25 3.513710146779051
26 4.359225196958794
27 5.274104832262463
28 4.840945764769609
29 3.322163507034337
30 4.3615700045257055
31 3.5492997946946776
32 2.5415828981262525
33 2.942508347054951
34 3.9340314398055907
35 3.738830781989222
36 3.547208561093825
37 3.9018233179597237
38 3.724151410183034
39 2.9435472928345714
40 2.3335917249106384
41 2.458961515858493
42 2.651667967327918
43 0.9476353330430696
44 0.5236680172883236
45 0.46683259189439524
46 0.5526555333316628
47 0.6649950372935953
48 0.8043672054002223
49 1.5578872281684728
50 4.328763431143746
51 2.6403996904699203
52 2.0389033120898183
53 2.02502103652733
54 2.7096056796582806
55 3.549910714819312
56 3.5955869122338275
57 3.5167294314318234
58 2.9556807217952974
59 1.1761107969627387
60 1.606670960242618
61 1.7830693585868442
62 1.6971317016948064
63 2.1305863605585666
64 2.936680043799764
65 2.818432307527347
66 2.0003443197764375
67 3.2217551999218603
68 1.8210890268928797
69 1.3839456667512149
70 1.6716311304970664
71 1.8788884702985436
72 2.368604868582458
73 1.922902976569562
74 1.0130929779693296
75 1.6324019776391487
76 1.8721561099994197
77 2.0683758461789803
78 1.9491001223465347
79 2.0392897048897005
80 1.728561085546267
81 1.3902854475017927
82 0.9407533995679986
83 0.8414481120028842
84 1.1726097912688949
85 1.0999722353275825
86 1.1754472521452537
87 1.4508493311761725
88 1.7170861355292468
89 1.76164947651213
90 1.683617951161665
91 1.3786268502269619
92 0.8695002128078704
93 1.0800390413126366
94 1.7692329761710384
95 1.4466644009140766
