12 0.0
13 1.7968584045657838
14 1.3354722509290398
15 1.1851810440776347
16 1.3289554746772918
17 2.646185799947495
18 0.7733778828836149
19 0.5597341091775309
20 0.5117353882425529
21 0.45415128669502886
22 1.6797934434946329
23 1.2915157303371776
24 0.6420435234364339
25 1.0693206285200196
26 0.6547392057585737
27 0.7730206960597295
28 1.8200462376526572
29 0.7704706744382882
30 0.9708800864333108
31 0.8438638527248797
32 1.2493470975958192
33 1.4284713751214058
34 1.7435953580271903
35 1.2679250334958079
36 1.0981457845499316
37 1.4197615364831682
38 1.0138150902705123
39 0.7612420831442723
40 0.5426600464068922
41 0.6303534078194183
42 1.012750442277762
43 1.442244072957227
44 0.8110581929816965
45 1.0183965528240504
46 0.9962073304283119
47 1.2441454140343096
48 1.628665457962707
49 2.022841103904475
50 2.1656049777761757
51 2.3534086271790646
52 3.0408874590036747
53 3.0069393876932673
54 2.8373532725797634
55 1.7695144232982416
56 0.920046013022414
57 1.4212063806053286
58 1.3845423322304655
59 2.755480659674097
60 3.092354458492183
61 2.6898059117246778
62 1.4906606917108973
63 1.644961229350457
64 1.8686735111913269
65 1.7033907553397205
66 1.742179481781573
67 2.5111500674148646
68 1.7683904037101605
69 1.8958675178224045
70 1.9536156075326656
71 2.6215214935058726
72 3.0948526601484354
73 3.3212535907579217
74 3.1254705572461563
75 1.9553249454457895
76 3.327894265144538
77 3.3298786350093126
78 3.656531959444958
79 4.811726946658764
80 4.311325378227259
81 4.053722713613083
82 5.152776396107356
83 7.173995769310343
84 8.491423749893542
85 7.877137617112157
86 7.107316195831617
87 8.007860363431014
88 8.783854317667503
89 9.037711792297515
90 9.082177804643162
91 6.064536755470965
92 6.949691807020447
93 6.964277658761746
94 4.792467335460912
95 4.181414641697226
