2.0 31.765
3.0 28.9995
4.0 29.1995
5.0 35.7525
6.0 25.937
7.0 26.1305
8.0 19.733
9.0 5.6955
10.0 5.6955
11.0 8.8465
12.0 24.717
13.0 28.3195
14.0 25.8615
15.0 23.6285
16.0 17.769
17.0 19.144
18.0 19.4105
19.0 20.557
20.0 12.4725
21.0 14.0855
22.0 26.42
23.0 22.133
24.0 19.7785
25.0 33.9015
26.0 24.164
27.0 24.1255
28.0 24.5225
29.0 15.588
30.0 23.3585
31.0 6.748
32.0 15.4035
33.0 18.8745
34.0 25.3685
35.0 25.6525
36.0 19.931
37.0 28.0905
38.0 26.676
39.0 25.2645
40.0 31.436
41.0 27.734
42.0 6.161
43.0 13.557
44.0 16.459
45.0 19.4445
46.0 18.3415
47.0 24.5435
48.0 18.4075
49.0 25.9535
50.0 19.2235
51.0 11.6535
52.0 11.6535
53.0 6.5965
54.0 11.189
55.0 14.008
56.0 13.884
57.0 14.13
58.0 9.999
59.0 14.5805
60.0 16.87
61.0 14.0345
62.0 14.0555
63.0 12.593
64.0 5.0
65.0 11.1545
66.0 13.4125
67.0 14.16
68.0 15.664
69.0 13.5875
70.0 20.2465
71.0 13.0595
72.0 15.5585
73.0 17.1525
74.0 12.0905
75.0 5.406
76.0 5.406
77.0 3.597
78.0 7.7895
79.0 15.0015
80.0 14.804
81.0 22.4585
82.0 24.101
83.0 18.043
84.0 18.327
85.0 22.5285
86.0 21.7855
87.0 23.079
88.0 4.976
89.0 8.6105
90.0 8.2365
91.0 12.064
92.0 31.7255
93.0 31.763
94.0 37.0075
95.0 39.119
96.0 38.412
97.0 30.722
98.0 36.0395
99.0 9.197
100.0 36.9545
101.0 31.765
102.0 28.9995
103.0 29.1995
104.0 35.7525
105.0 25.937
106.0 26.1305
107.0 19.733
108.0 5.6955
109.0 5.6955
110.0 8.8465
111.0 24.717
112.0 28.3195
113.0 25.8615
114.0 23.6285
115.0 17.769
116.0 19.144
117.0 19.4105
118.0 20.557
119.0 12.4725
120.0 14.0855
121.0 26.42
122.0 22.133
123.0 19.7785
124.0 33.9015
125.0 24.164
126.0 24.1255
127.0 24.5225
128.0 15.588
129.0 23.3585
130.0 6.748
131.0 15.4035
132.0 18.8745
133.0 25.3685
134.0 25.6525
135.0 19.931
136.0 28.0905
137.0 26.676
138.0 25.2645
139.0 31.436
140.0 27.734
141.0 6.161
142.0 13.557
143.0 16.459
144.0 19.4445
145.0 18.3415
146.0 24.5435
147.0 18.4075
148.0 25.9535
149.0 19.2235
150.0 11.6535
151.0 11.6535
152.0 6.5965
153.0 11.189
154.0 14.008
155.0 13.884
156.0 14.13
157.0 9.999
158.0 14.5805
159.0 16.87
160.0 14.0345
161.0 14.0555
162.0 12.593
163.0 5.0
164.0 11.1545
165.0 13.4125
166.0 14.16
167.0 15.664
168.0 13.5875
169.0 20.2465
170.0 13.0595
171.0 15.5585
172.0 17.1525
173.0 12.0905
174.0 5.406
175.0 5.406
176.0 3.597
177.0 7.7895
178.0 15.0015
179.0 14.804
180.0 22.4585
181.0 24.101
182.0 18.043
