2.0 20.089
3.0 23.6955
4.0 24.8595
5.0 21.57
6.0 23.1645
7.0 24.2365
8.0 23.2025
9.0 24.4265
10.0 10.8275
11.0 10.8275
12.0 9.716
13.0 17.0385
14.0 10.464
15.0 16.572
16.0 15.223
17.0 17.1025
18.0 15.1725
19.0 17.8745
20.0 18.758
21.0 3.364
22.0 3.364
23.0 21.641
24.0 20.044
25.0 20.6125
26.0 22.8605
27.0 22.5305
28.0 21.9005
29.0 21.506
30.0 20.632
31.0 20.147
32.0 15.305
33.0 15.305
34.0 11.2925
35.0 17.029
36.0 21.516
37.0 19.274
38.0 20.779
39.0 23.676
40.0 19.1035
41.0 15.9205
42.0 19.432
43.0 15.3275
44.0 15.3275
45.0 20.5465
46.0 20.17
47.0 20.051
48.0 17.681
49.0 19.6325
50.0 40.2325
51.0 36.9545
52.0 31.765
53.0 28.9995
54.0 29.1995
55.0 35.7525
56.0 25.937
57.0 26.1305
58.0 19.733
59.0 5.6955
60.0 5.6955
61.0 8.8465
62.0 24.717
63.0 28.3195
64.0 25.8615
65.0 23.6285
66.0 17.769
67.0 19.144
68.0 19.4105
69.0 20.557
70.0 12.4725
71.0 14.0855
72.0 26.42
73.0 22.133
74.0 19.7785
75.0 33.9015
76.0 24.164
77.0 24.1255
78.0 24.5225
79.0 15.588
80.0 23.3585
81.0 6.748
82.0 15.4035
83.0 18.8745
84.0 25.3685
85.0 25.6525
86.0 19.931
87.0 28.0905
88.0 26.676
89.0 25.2645
90.0 31.436
91.0 27.734
92.0 6.161
93.0 13.557
94.0 16.459
95.0 19.4445
96.0 18.3415
97.0 24.5435
98.0 18.4075
99.0 25.9535
100.0 9.2115
101.0 20.089
102.0 23.6955
103.0 24.8595
104.0 21.57
105.0 23.1645
106.0 24.2365
107.0 23.2025
108.0 24.4265
109.0 10.8275
110.0 10.8275
111.0 9.716
112.0 17.0385
113.0 10.464
114.0 16.572
115.0 15.223
116.0 17.1025
117.0 15.1725
118.0 17.8745
119.0 18.758
120.0 3.364
121.0 3.364
122.0 21.641
123.0 20.044
124.0 20.6125
125.0 22.8605
126.0 22.5305
127.0 21.9005
128.0 21.506
129.0 20.632
130.0 20.147
131.0 15.305
132.0 15.305
133.0 11.2925
134.0 17.029
135.0 21.516
136.0 19.274
137.0 20.779
138.0 23.676
139.0 19.1035
140.0 15.9205
141.0 19.432
142.0 15.3275
143.0 15.3275
144.0 20.5465
145.0 20.17
146.0 20.051
147.0 17.681
148.0 19.6325
149.0 40.2325
150.0 36.9545
151.0 31.765
152.0 28.9995
153.0 29.1995
154.0 35.7525
155.0 25.937
156.0 26.1305
157.0 19.733
158.0 5.6955
159.0 5.6955
160.0 8.8465
161.0 24.717
162.0 28.3195
163.0 25.8615
164.0 23.6285
165.0 17.769
166.0 19.144
167.0 19.4105
168.0 20.557
169.0 12.4725
170.0 14.0855
171.0 26.42
172.0 22.133
173.0 19.7785
174.0 33.9015
175.0 24.164
176.0 24.1255
177.0 24.5225
178.0 15.588
179.0 23.3585
180.0 6.748
