7 0.234375
8 7.00390625
9 7.400390625
10 7.3515625
11 6.37890625
12 6.732421875
13 6.419921875
14 6.69921875
15 7.4765625
16 7.05078125
17 6.931640625
18 7.18359375
19 8.44921875
20 8.41796875
21 9.330078125
22 9.48828125
23 9.439453125
24 8.734375
25 8.3515625
26 7.66015625
27 8.021484375
28 7.7890625
29 7.703125
30 8.28515625
31 7.80078125
32 8.408203125
33 9.234375
34 9.841796875
35 9.34375
36 7.345703125
37 6.765625
38 6.76171875
39 7.05078125
40 7.12109375
41 7.53515625
42 7.751953125
43 7.349609375
44 7.482421875
45 8.73046875
46 10.408203125
47 11.576171875
48 12.298828125
49 10.083984375
50 10.17578125
51 10.7265625
52 9.66796875
53 9.650390625
54 10.76171875
55 11.21484375
56 10.84765625
57 12.5390625
58 13.244140625
59 15.533203125
60 19.8515625
61 17.96484375
62 17.30078125
63 20.48828125
64 20.0625
65 19.833984375
66 18.5078125
67 17.513671875
68 14.51171875
69 17.07421875
70 16.814453125
71 15.943359375
72 15.392578125
73 15.3203125
74 14.296875
75 13.44921875
76 13.8046875
77 12.998046875
78 12.037109375
79 11.5
80 10.392578125
81 12.2265625
82 10.82421875
83 10.974609375
84 10.6484375
85 10.84375
86 9.98828125
87 9.544921875
88 7.77734375
89 6.9921875
90 6.6953125
91 5.70703125
92 5.712890625
93 4.93359375
94 5.27734375
95 5.28125
