17 0.234375
18 4.826171875
19 4.8125
20 4.87109375
21 5.072265625
22 5.052734375
23 4.6640625
24 4.734375
25 4.923828125
26 4.41796875
27 4.642578125
28 4.599609375
29 3.91015625
30 3.875
31 3.9140625
32 4.0625
33 4.107421875
34 4.462890625
35 4.552734375
36 4.955078125
37 5.06640625
38 5.591796875
39 7.908203125
40 7.3359375
41 9.392578125
42 10.765625
43 11.92578125
44 13.73046875
45 14.14453125
46 13.25
47 12.45703125
48 12.5703125
49 10.935546875
50 9.646484375
51 9.505859375
52 9.1875
53 9.447265625
54 8.408203125
55 8.025390625
56 8.66796875
57 8.736328125
58 8.5546875
59 8.341796875
60 7.927734375
61 7.646484375
62 7.640625
63 7.65625
64 7.70703125
65 7.693359375
66 7.896484375
67 7.244140625
68 7.35546875
69 8.150390625
70 9.74609375
71 11.216796875
72 12.126953125
73 12.671875
74 11.947265625
75 13.361328125
76 14.361328125
77 13.515625
78 12.712890625
79 13.203125
80 12.1171875
81 13.29296875
82 12.513671875
83 12.47265625
84 12.134765625
85 9.890625
86 11.623046875
87 12.091796875
88 12.65625
89 12.5703125
90 12.775390625
91 13.048828125
92 12.861328125
93 12.36328125
94 11.986328125
95 12.845703125
