2 0.234375
3 17.322265625
4 18.375
5 19.142578125
6 14.900390625
7 13.85546875
8 19.783203125
9 18.91796875
10 19.0859375
11 19.2734375
12 19.9765625
13 18.0078125
14 14.38671875
15 12.357421875
16 12.232421875
17 12.328125
18 12.052734375
19 12.779296875
20 12.23828125
21 11.771484375
22 11.708984375
23 11.681640625
24 13.146484375
25 13.712890625
26 12.779296875
27 13.044921875
28 12.912109375
29 12.40625
30 11.9296875
31 12.89453125
32 13.1796875
33 13.060546875
34 13.11328125
35 13.447265625
36 13.31640625
37 12.298828125
38 11.697265625
39 12.259765625
40 12.279296875
41 12.80859375
42 12.2734375
43 12.107421875
44 12.5859375
45 12.12890625
46 14.626953125
47 14.708984375
48 13.84765625
49 12.869140625
50 13.125
51 12.765625
52 12.353515625
53 12.220703125
54 11.859375
55 10.310546875
56 9.013671875
57 8.64453125
58 8.568359375
59 7.859375
60 7.14453125
61 7.04296875
62 6.37109375
63 6.037109375
64 5.83203125
65 5.791015625
66 5.767578125
67 5.6328125
68 5.04296875
69 5.4296875
70 5.611328125
71 5.48828125
72 5.896484375
73 6.376953125
74 7.0234375
75 7.818359375
76 8.6953125
77 9.650390625
78 9.248046875
79 10.3671875
80 10.078125
81 8.80078125
82 7.966796875
83 6.82421875
84 6.509765625
85 5.8515625
86 5.333984375
87 5.25
88 5.23046875
89 5.13671875
90 5.27734375
91 4.958984375
92 4.791015625
93 4.71484375
94 4.595703125
95 4.880859375
