1 0.234375
2 18.607421875
3 18.5
4 17.044921875
5 17.458984375
6 18.326171875
7 18.126953125
8 19.451171875
9 16.630859375
10 16.595703125
11 16.71875
12 16.640625
13 17.486328125
14 14.837890625
15 15.865234375
16 16.310546875
17 15.46875
18 14.427734375
19 15.373046875
20 13.869140625
21 14.185546875
22 12.5546875
23 13.24609375
24 11.3671875
25 11.86328125
26 12.08203125
27 11.53515625
28 10.935546875
29 9.849609375
30 10.810546875
31 9.765625
32 9.861328125
33 8.220703125
34 7.2421875
35 6.21875
36 6.4296875
37 5.998046875
38 5.65234375
39 5.556640625
40 6.134765625
41 5.9453125
42 6.3671875
43 7.00390625
44 6.705078125
45 6.830078125
46 7.064453125
47 6.779296875
48 6.88671875
49 6.07421875
50 6.294921875
51 6.33984375
52 6.1640625
53 6.529296875
54 6.49609375
55 5.826171875
56 6.564453125
57 6.046875
58 5.927734375
59 6.318359375
60 6.208984375
61 5.833984375
62 5.943359375
63 5.427734375
64 5.41796875
65 5.873046875
66 5.091796875
67 5.10546875
68 6.04296875
69 5.787109375
70 5.673828125
71 5.1796875
72 5.376953125
73 5.701171875
74 5.72265625
75 6.982421875
76 8.73828125
77 9.5703125
78 9.779296875
79 10.43359375
80 11.666015625
81 13.662109375
82 13.15625
83 14.7109375
84 14.166015625
85 13.857421875
86 12.11328125
87 11.251953125
88 9.07421875
89 8.853515625
90 9.912109375
91 9.76953125
92 9.181640625
93 8.498046875
94 8.666015625
95 8.87890625
