15 0.234375
16 13.3515625
17 13.4609375
18 14.068359375
19 14.560546875
20 12.724609375
21 13.3359375
22 14.7109375
23 15.3359375
24 12.953125
25 13.26171875
26 13.19921875
27 12.068359375
28 11.759765625
29 9.962890625
30 11.109375
31 10.435546875
32 10.919921875
33 9.84375
34 9.029296875
35 10.1171875
36 7.435546875
37 8.58984375
38 8.400390625
39 9.287109375
40 9.85546875
41 10.10546875
42 9.853515625
43 9.7734375
44 9.58203125
45 10.572265625
46 12.9296875
47 13.0390625
48 12.009765625
49 13.240234375
50 11.4921875
51 12.6171875
52 12.044921875
53 11.494140625
54 11.640625
55 12.021484375
56 11.173828125
57 12.349609375
58 11.923828125
59 11.5859375
60 11.978515625
61 13.05078125
62 12.283203125
63 12.568359375
64 11.802734375
65 13.423828125
66 13.7890625
67 9.947265625
68 9.802734375
69 11.63671875
70 11.3125
71 12.947265625
72 13.658203125
73 13.90234375
74 13.83203125
75 15.28125
76 13.607421875
77 18.265625
78 13.685546875
79 13.44140625
80 13.26171875
81 12.326171875
82 13.966796875
83 12.353515625
84 13.048828125
85 12.66796875
86 11.50390625
87 10.142578125
88 12.203125
89 13.64453125
90 12.314453125
91 11.599609375
92 11.98046875
93 9.9140625
94 11.265625
95 11.37890625
