7 0.234375
8 4.6796875
9 4.7421875
10 4.7109375
11 4.8203125
12 5.919921875
13 6.248046875
14 5.89453125
15 5.076171875
16 5.408203125
17 5.326171875
18 5.287109375
19 5.388671875
20 5.66015625
21 4.837890625
22 5.10546875
23 4.87890625
24 4.73046875
25 4.796875
26 4.958984375
27 5.28515625
28 5.775390625
29 5.943359375
30 6.30859375
31 7.736328125
32 8.59765625
33 9.44140625
34 12.150390625
35 13.08203125
36 12.71484375
37 12.634765625
38 13.236328125
39 14.29296875
40 13.232421875
41 10.19140625
42 11.1015625
43 10.0703125
44 9.857421875
45 9.669921875
46 8.90625
47 8.658203125
48 9.541015625
49 7.9296875
50 8.115234375
51 9.47265625
52 8.37890625
53 7.255859375
54 8.26953125
55 7.72265625
56 7.333984375
57 8.552734375
58 8.775390625
59 8.22265625
60 6.90234375
61 7.125
62 7.59765625
63 7.998046875
64 8.3515625
65 9.861328125
66 9.998046875
67 9.986328125
68 9.96875
69 10.220703125
70 12.5703125
71 13.404296875
72 12.353515625
73 11.638671875
74 11.244140625
75 11.1328125
76 11.0859375
77 10.78515625
78 10.572265625
79 10.3828125
80 9.703125
81 8.73046875
82 9.107421875
83 9.0625
84 9.265625
85 9.59765625
86 10.15234375
87 10.455078125
88 10.57421875
89 9.51953125
90 9.5078125
91 13.0859375
92 13.044921875
93 11.91015625
94 11.794921875
95 11.720703125
