12 0.234375
13 5.103515625
14 5.447265625
15 5.380859375
16 5.259765625
17 5.841796875
18 5.904296875
19 6.05859375
20 5.103515625
21 5.326171875
22 5.2578125
23 5.2578125
24 5.15625
25 4.7578125
26 4.671875
27 4.8125
28 5.056640625
29 5.13671875
30 5.546875
31 5.708984375
32 7.25
33 7.7421875
34 8.4921875
35 10.1015625
36 10.1953125
37 9.96484375
38 10.37109375
39 10.66015625
40 9.724609375
41 8.48046875
42 7.931640625
43 6.880859375
44 6.18359375
45 5.619140625
46 5.9765625
47 5.875
48 6.14453125
49 5.1953125
50 5.20703125
51 4.658203125
52 5.03125
53 4.60546875
54 4.630859375
55 4.32421875
56 4.40625
57 4.14453125
58 3.89453125
59 4.06640625
60 3.951171875
61 4.38671875
62 4.998046875
63 4.51171875
64 4.97265625
65 5.564453125
66 7.076171875
67 8.353515625
68 10.8671875
69 13.419921875
70 13.568359375
71 12.962890625
72 13.8984375
73 14.955078125
74 13.619140625
75 13.97265625
76 12.8359375
77 12.857421875
78 12.64453125
79 12.9453125
80 11.67578125
81 11.765625
82 11.453125
83 12.408203125
84 14.42578125
85 12.8671875
86 14.228515625
87 12.0859375
88 12.4140625
89 12.67578125
90 12.15234375
91 13.859375
92 11.8515625
93 12.357421875
94 12.22265625
95 12.041015625
