17 0.234375
18 2.5
19 2.5546875
20 2.673828125
21 3.015625
22 3.0078125
23 3.740234375
24 4.169921875
25 4.02734375
26 5.1171875
27 4.9609375
28 7.2265625
29 8.849609375
30 11.82421875
31 13.083984375
32 13.314453125
33 12.248046875
34 12.2421875
35 12.16796875
36 13.2109375
37 13.015625
38 12.287109375
39 11.8984375
40 9.8671875
41 9.837890625
42 13.375
43 13.4609375
44 13.26171875
45 9.90625
46 11.30078125
47 10.744140625
48 11.38671875
49 11.38671875
50 11.427734375
51 11.6015625
52 11.46875
53 11.658203125
54 11.603515625
55 11.853515625
56 11.7109375
57 9.8671875
58 9.287109375
59 9.435546875
60 10.255859375
61 10.677734375
62 9.541015625
63 9.19140625
64 9.201171875
65 9.71875
66 9.318359375
67 10.56640625
68 9.427734375
69 9.193359375
70 9.537109375
71 9.84375
72 9.66796875
73 9.8515625
74 9.43359375
75 10.736328125
76 11.759765625
77 9.89453125
78 13.25
79 13.912109375
80 12.61328125
81 13.314453125
82 11.48828125
83 10.78125
84 10.9140625
85 9.8515625
86 9.85546875
87 10.3125
88 10.0859375
89 9.013671875
90 8.478515625
91 8.388671875
92 9.880859375
93 8.95703125
94 9.408203125
95 10.01953125
