7 0.234375
8 13.794921875
9 13.978515625
10 13.20703125
11 14.3828125
12 14.279296875
13 14.287109375
14 14.05859375
15 14.47265625
16 13.9375
17 14.16015625
18 14.30078125
19 15.1171875
20 14.859375
21 13.580078125
22 12.369140625
23 11.255859375
24 11.958984375
25 11.34765625
26 11.1328125
27 11.26953125
28 10.34375
29 9.642578125
30 10.626953125
31 8.984375
32 9.482421875
33 9.759765625
34 10.421875
35 8.775390625
36 9.53515625
37 9.79296875
38 10.3984375
39 11.056640625
40 10.669921875
41 13.80078125
42 14.78125
43 14.13671875
44 12.4453125
45 12.005859375
46 13.0390625
47 11.716796875
48 13.314453125
49 13.14453125
50 12.720703125
51 12.822265625
52 12.8828125
53 12.740234375
54 13.025390625
55 12.12890625
56 11.80859375
57 13.611328125
58 13.6171875
59 11.341796875
60 11.779296875
61 10.515625
62 9.23046875
63 8.734375
64 7.646484375
65 7.376953125
66 6.576171875
67 6.5625
68 6.5703125
69 5.4609375
70 4.837890625
71 5.412109375
72 5.361328125
73 5.2734375
74 4.875
75 5.306640625
76 5.7578125
77 5.73828125
78 6.818359375
79 7.046875
80 7.765625
81 9.611328125
82 9.609375
83 12.603515625
84 13.306640625
85 13.095703125
86 13.4375
87 13.05859375
88 14.123046875
89 12.8359375
90 13.11328125
91 11.546875
92 10.97265625
93 10.287109375
94 10.232421875
95 9.728515625
