15 0.234375
16 4.921875
17 5.029296875
18 4.923828125
19 5.173828125
20 4.865234375
21 4.91796875
22 3.955078125
23 4.900390625
24 3.955078125
25 4.66015625
26 4.583984375
27 4.552734375
28 4.583984375
29 4.388671875
30 4.505859375
31 4.48828125
32 4.41796875
33 4.833984375
34 4.947265625
35 5.302734375
36 6.775390625
37 8.6015625
38 7.986328125
39 10.904296875
40 11.7734375
41 11.833984375
42 13.333984375
43 14.21875
44 12.654296875
45 12.623046875
46 10.880859375
47 11.267578125
48 10.119140625
49 9.875
50 9.4765625
51 9.115234375
52 8.48046875
53 9.0234375
54 8.8671875
55 8.521484375
56 8.689453125
57 8.0234375
58 7.837890625
59 8.064453125
60 7.892578125
61 7.857421875
62 7.908203125
63 6.62109375
64 7.576171875
65 5.669921875
66 6.142578125
67 7.4296875
68 7.111328125
69 8.060546875
70 8.015625
71 8.341796875
72 8.45703125
73 9.1015625
74 9.458984375
75 13.62109375
76 13.515625
77 11.642578125
78 11.59765625
79 11.572265625
80 11.44921875
81 10.642578125
82 10.337890625
83 10.263671875
84 10.16015625
85 10.14453125
86 8.427734375
87 8.158203125
88 8.689453125
89 9.791015625
90 9.90625
91 10.12890625
92 10.80078125
93 11.048828125
94 10.880859375
95 10.896484375
