12 0.234375
13 5.486328125
14 5.673828125
15 5.37109375
16 5.314453125
17 5.958984375
18 5.919921875
19 5.818359375
20 5.884765625
21 5.572265625
22 5.37109375
23 5.462890625
24 6.166015625
25 5.6171875
26 5.3203125
27 4.7890625
28 5.13671875
29 5.294921875
30 5.7265625
31 5.533203125
32 7.3046875
33 7.560546875
34 8.439453125
35 9.6171875
36 9.423828125
37 11.1171875
38 11.03515625
39 10.38671875
40 9.765625
41 8.099609375
42 8.091796875
43 6.828125
44 6.12109375
45 5.900390625
46 5.666015625
47 5.955078125
48 6.177734375
49 5.708984375
50 5.146484375
51 5.193359375
52 4.935546875
53 4.919921875
54 4.2109375
55 4.541015625
56 4.37109375
57 3.822265625
58 4.072265625
59 3.541015625
60 4.1953125
61 4.57421875
62 4.34375
63 4.478515625
64 4.7265625
65 5.71875
66 6.8203125
67 9.724609375
68 10.4375
69 12.267578125
70 14.056640625
71 14.38671875
72 13.52734375
73 14.265625
74 13.03515625
75 12.9453125
76 13.083984375
77 12.935546875
78 12.208984375
79 12.44140625
80 11.771484375
81 11.408203125
82 11.384765625
83 13.125
84 15.1953125
85 12.736328125
86 13.4453125
87 12.08984375
88 12.763671875
89 13.396484375
90 12.8203125
91 12.919921875
92 12.0234375
93 12.0
94 12.099609375
95 12.046875
