12 0.234375
13 4.626953125
14 4.681640625
15 5.05078125
16 5.025390625
17 5.578125
18 5.759765625
19 5.6484375
20 5.783203125
21 5.00390625
22 4.974609375
23 4.41015625
24 4.8984375
25 4.373046875
26 4.119140625
27 4.46875
28 4.41796875
29 4.49609375
30 4.47265625
31 4.267578125
32 4.705078125
33 5.42578125
34 6.029296875
35 7.1328125
36 7.48828125
37 7.890625
38 10.572265625
39 12.529296875
40 12.2578125
41 12.205078125
42 11.794921875
43 12.17578125
44 13.251953125
45 11.18359375
46 10.623046875
47 9.728515625
48 9.845703125
49 9.89453125
50 9.203125
51 9.001953125
52 8.63671875
53 8.63671875
54 8.748046875
55 9.603515625
56 8.759765625
57 7.767578125
58 7.8828125
59 7.93359375
60 7.828125
61 7.556640625
62 7.4296875
63 7.861328125
64 7.4453125
65 8.7578125
66 7.484375
67 8.892578125
68 9.208984375
69 8.083984375
70 9.306640625
71 10.341796875
72 11.056640625
73 11.51953125
74 11.70703125
75 12.384765625
76 15.826171875
77 14.611328125
78 14.974609375
79 14.03125
80 14.09765625
81 13.60546875
82 13.54296875
83 13.25
84 12.447265625
85 11.990234375
86 10.8515625
87 12.271484375
88 12.796875
89 12.279296875
90 12.681640625
91 11.759765625
92 11.724609375
93 11.166015625
94 11.658203125
95 10.99609375
