7 0.234375
8 2.7265625
9 2.732421875
10 2.599609375
11 2.5234375
12 2.849609375
13 4.572265625
14 5.4140625
15 5.68359375
16 5.91015625
17 5.517578125
18 6.826171875
19 9.482421875
20 12.642578125
21 15.59375
22 17.724609375
23 17.63671875
24 15.25390625
25 14.083984375
26 13.83984375
27 14.74609375
28 14.76171875
29 14.03515625
30 13.041015625
31 12.3125
32 12.7578125
33 12.861328125
34 14.27734375
35 14.220703125
36 13.380859375
37 11.1953125
38 10.87890625
39 10.978515625
40 12.3359375
41 12.716796875
42 12.638671875
43 11.712890625
44 12.1328125
45 12.43359375
46 11.732421875
47 13.5859375
48 13.326171875
49 10.2265625
50 9.939453125
51 10.330078125
52 10.634765625
53 10.337890625
54 10.091796875
55 10.25
56 10.8046875
57 10.24609375
58 11.20703125
59 12.701171875
60 13.587890625
61 14.412109375
62 13.140625
63 12.591796875
64 10.8984375
65 10.4375
66 10.216796875
67 9.8203125
68 8.90625
69 7.083984375
70 6.5234375
71 6.052734375
72 6.244140625
73 6.3046875
74 6.38671875
75 6.56640625
76 6.9375
77 5.923828125
78 5.853515625
79 6.11328125
80 5.396484375
81 5.638671875
82 5.37890625
83 5.515625
84 5.890625
85 5.611328125
86 5.208984375
87 5.37890625
88 5.373046875
89 5.3203125
90 6.046875
91 6.712890625
92 6.552734375
93 6.580078125
94 6.53515625
95 5.720703125
