2 0.234375
3 4.978515625
4 4.9296875
5 4.671875
6 4.380859375
7 5.0546875
8 5.2421875
9 4.87890625
10 4.6875
11 4.955078125
12 5.13671875
13 4.888671875
14 4.703125
15 4.818359375
16 4.462890625
17 4.318359375
18 4.591796875
19 4.29296875
20 4.333984375
21 4.291015625
22 4.646484375
23 4.869140625
24 4.986328125
25 6.080078125
26 7.404296875
27 8.294921875
28 9.00390625
29 10.193359375
30 12.212890625
31 13.42578125
32 13.078125
33 12.857421875
34 13.142578125
35 11.9921875
36 9.791015625
37 9.369140625
38 9.357421875
39 8.91796875
40 8.662109375
41 8.173828125
42 8.232421875
43 8.0546875
44 8.24609375
45 8.091796875
46 7.669921875
47 7.236328125
48 6.84765625
49 7.236328125
50 7.185546875
51 7.392578125
52 7.548828125
53 6.84375
54 6.658203125
55 6.638671875
56 7.455078125
57 8.142578125
58 8.0390625
59 7.38671875
60 7.40234375
61 7.15625
62 7.08984375
63 7.337890625
64 7.82421875
65 7.55078125
66 7.923828125
67 8.021484375
68 8.4921875
69 7.548828125
70 7.431640625
71 7.552734375
72 7.4921875
73 7.5
74 7.794921875
75 7.99609375
76 8.197265625
77 7.865234375
78 7.75390625
79 8.890625
80 8.244140625
81 7.08984375
82 6.7421875
83 6.62109375
84 6.669921875
85 6.75
86 6.755859375
87 6.728515625
88 6.951171875
89 7.10546875
90 8.470703125
91 11.080078125
92 12.888671875
93 11.1953125
94 10.76953125
95 9.51953125
