1 0.234375
2 12.359375
3 12.376953125
4 13.19921875
5 13.53515625
6 15.408203125
7 15.201171875
8 13.83203125
9 13.63671875
10 15.302734375
11 15.0234375
12 16.333984375
13 14.876953125
14 14.619140625
15 14.142578125
16 12.255859375
17 12.98046875
18 11.7265625
19 11.275390625
20 10.634765625
21 10.2890625
22 9.345703125
23 10.197265625
24 8.87890625
25 10.294921875
26 8.583984375
27 8.9765625
28 8.947265625
29 9.220703125
30 9.634765625
31 10.189453125
32 9.453125
33 10.14453125
34 10.705078125
35 10.841796875
36 13.8359375
37 13.201171875
38 13.96875
39 11.783203125
40 12.115234375
41 13.17578125
42 13.478515625
43 13.111328125
44 13.353515625
45 13.103515625
46 12.7265625
47 11.595703125
48 11.060546875
49 12.630859375
50 13.251953125
51 12.34765625
52 12.34375
53 12.390625
54 13.130859375
55 10.83203125
56 9.001953125
57 8.548828125
58 7.931640625
59 8.15625
60 7.359375
61 6.033203125
62 6.669921875
63 6.4375
64 6.142578125
65 5.955078125
66 5.67578125
67 5.650390625
68 6.669921875
69 5.62109375
70 6.255859375
71 5.544921875
72 5.5
73 5.439453125
74 5.546875
75 5.55859375
76 5.65625
77 6.30078125
78 6.4921875
79 6.1171875
80 5.9296875
81 6.181640625
82 6.171875
83 7.673828125
84 7.8828125
85 9.921875
86 10.662109375
87 12.59375
88 10.9296875
89 10.630859375
90 9.818359375
91 8.298828125
92 7.1328125
93 6.140625
94 5.3828125
95 4.03125
