7 0.234375
8 13.37109375
9 13.3671875
10 13.98046875
11 13.5
12 12.451171875
13 13.927734375
14 14.630859375
15 14.716796875
16 14.482421875
17 14.375
18 14.654296875
19 13.9296875
20 12.23828125
21 11.544921875
22 10.73046875
23 9.802734375
24 9.9609375
25 9.763671875
26 9.5703125
27 9.017578125
28 9.0546875
29 9.603515625
30 7.927734375
31 7.400390625
32 7.689453125
33 8.123046875
34 8.759765625
35 8.53125
36 9.08203125
37 9.384765625
38 9.751953125
39 10.09375
40 11.734375
41 13.23046875
42 12.107421875
43 11.0546875
44 10.80859375
45 11.0859375
46 10.529296875
47 11.166015625
48 10.859375
49 11.345703125
50 10.74609375
51 11.947265625
52 10.416015625
53 11.533203125
54 10.931640625
55 12.404296875
56 11.52734375
57 11.591796875
58 11.5546875
59 9.57421875
60 8.208984375
61 6.7265625
62 6.8125
63 6.90625
64 6.783203125
65 6.990234375
66 7.16796875
67 7.583984375
68 6.90234375
69 8.7734375
70 10.23828125
71 10.716796875
72 9.6171875
73 8.501953125
74 8.396484375
75 6.783203125
76 6.55078125
77 6.044921875
78 5.083984375
79 4.43359375
80 4.07421875
81 4.380859375
82 4.197265625
83 4.32421875
84 4.072265625
85 4.18359375
86 3.955078125
87 4.3203125
88 4.904296875
89 5.228515625
90 5.96875
91 6.603515625
92 7.712890625
93 6.779296875
94 6.84375
95 7.390625
