7 0.234375
8 7.6640625
9 7.564453125
10 6.287109375
11 6.71875
12 6.568359375
13 7.427734375
14 7.1953125
15 7.603515625
16 8.28515625
17 8.05859375
18 7.8046875
19 7.57421875
20 8.126953125
21 8.69140625
22 9.0625
23 8.62890625
24 8.048828125
25 8.283203125
26 7.65625
27 8.703125
28 8.95703125
29 8.2109375
30 8.3828125
31 8.404296875
32 8.447265625
33 9.3203125
34 10.251953125
35 9.181640625
36 7.78515625
37 7.85546875
38 7.751953125
39 8.173828125
40 7.935546875
41 7.431640625
42 7.537109375
43 8.6953125
44 8.828125
45 9.197265625
46 12.37890625
47 13.21875
48 12.521484375
49 11.390625
50 11.30078125
51 11.498046875
52 11.552734375
53 11.4296875
54 10.669921875
55 12.72265625
56 12.982421875
57 13.541015625
58 14.677734375
59 17.404296875
60 14.126953125
61 13.556640625
62 10.138671875
63 9.318359375
64 7.701171875
65 7.14453125
66 5.904296875
67 5.541015625
68 5.7109375
69 5.525390625
70 5.0703125
71 4.9921875
72 5.001953125
73 5.951171875
74 6.1015625
75 6.064453125
76 6.091796875
77 7.41796875
78 8.73828125
79 9.6171875
80 11.734375
81 12.60546875
82 13.56640625
83 13.59765625
84 12.97265625
85 12.984375
86 13.181640625
87 13.033203125
88 14.05078125
89 13.14453125
90 12.025390625
91 11.62890625
92 10.826171875
93 9.904296875
94 9.34765625
95 9.533203125
