12 0.234375
13 5.15234375
14 5.44140625
15 5.4140625
16 5.412109375
17 6.013671875
18 5.904296875
19 6.173828125
20 6.359375
21 5.44140625
22 5.197265625
23 5.1796875
24 5.33984375
25 5.134765625
26 4.779296875
27 4.701171875
28 5.0078125
29 5.009765625
30 5.193359375
31 5.251953125
32 5.013671875
33 5.044921875
34 5.232421875
35 3.875
36 4.30859375
37 4.337890625
38 4.90625
39 4.4765625
40 4.91015625
41 4.833984375
42 4.787109375
43 4.7421875
44 5.390625
45 6.509765625
46 6.044921875
47 5.876953125
48 6.1015625
49 5.853515625
50 5.39453125
51 5.748046875
52 6.220703125
53 6.25390625
54 6.47265625
55 6.5546875
56 7.94140625
57 8.046875
58 8.599609375
59 7.80078125
60 8.02734375
61 7.783203125
62 7.142578125
63 7.333984375
64 6.6875
65 6.140625
66 7.29296875
67 8.03125
68 8.57421875
69 9.529296875
70 10.857421875
71 13.70703125
72 15.3125
73 14.181640625
74 13.150390625
75 14.34375
76 12.9296875
77 13.125
78 13.421875
79 12.2109375
80 13.19140625
81 10.6484375
82 11.376953125
83 12.330078125
84 14.658203125
85 14.15234375
86 11.982421875
87 13.462890625
88 12.7734375
89 11.765625
90 13.357421875
91 13.193359375
92 11.84375
93 12.048828125
94 11.982421875
95 13.958984375
