2.0 7.7365
3.0 8.436
4.0 8.206
5.0 7.4215
6.0 7.232
7.0 7.556
8.0 7.881
9.0 8.038
10.0 5.7575
11.0 3.1495
12.0 7.414
13.0 7.2665
14.0 7.293
15.0 7.119
16.0 20.2235
17.0 17.7535
18.0 17.0745
19.0 31.807
20.0 32.269
21.0 10.6795
22.0 20.9445
23.0 17.31
24.0 17.706
25.0 17.7435
26.0 23.4525
27.0 21.3785
28.0 16.9075
29.0 18.368
30.0 16.983
31.0 3.5305
32.0 8.9555
33.0 13.991
34.0 9.786
35.0 14.8305
36.0 14.3555
37.0 15.6665
38.0 20.586
39.0 18.0645
40.0 14.2525
41.0 4.685
42.0 5.785
43.0 10.2635
44.0 13.4855
45.0 12.656
46.0 17.0
47.0 14.3955
48.0 11.4355
49.0 10.0395
50.0 1.8595
51.0 9.2115
52.0 20.089
53.0 23.6955
54.0 24.8595
55.0 21.57
56.0 23.1645
57.0 24.2365
58.0 23.2025
59.0 24.4265
60.0 10.8275
61.0 10.8275
62.0 9.716
63.0 17.0385
64.0 10.464
65.0 16.572
66.0 15.223
67.0 17.1025
68.0 15.1725
69.0 17.8745
70.0 18.758
71.0 3.364
72.0 3.364
73.0 21.641
74.0 20.044
75.0 20.6125
76.0 22.8605
77.0 22.5305
78.0 21.9005
79.0 21.506
80.0 20.632
81.0 20.147
82.0 15.305
83.0 15.305
84.0 11.2925
85.0 17.029
86.0 21.516
87.0 19.274
88.0 20.779
89.0 23.676
90.0 19.1035
91.0 15.9205
92.0 19.432
93.0 15.3275
94.0 15.3275
95.0 20.5465
96.0 20.17
97.0 20.051
98.0 17.681
99.0 19.6325
100.0 7.408
101.0 7.7365
102.0 8.436
103.0 8.206
104.0 7.4215
105.0 7.232
106.0 7.556
107.0 7.881
108.0 8.038
109.0 5.7575
110.0 3.1495
111.0 7.414
112.0 7.2665
113.0 7.293
114.0 7.119
115.0 20.2235
116.0 17.7535
117.0 17.0745
118.0 31.807
119.0 32.269
120.0 10.6795
121.0 20.9445
122.0 17.31
123.0 17.706
124.0 17.7435
125.0 23.4525
126.0 21.3785
127.0 16.9075
128.0 18.368
129.0 16.983
130.0 3.5305
131.0 8.9555
132.0 13.991
133.0 9.786
134.0 14.8305
135.0 14.3555
136.0 15.6665
137.0 20.586
138.0 18.0645
139.0 14.2525
140.0 4.685
141.0 5.785
142.0 10.2635
143.0 13.4855
144.0 12.656
145.0 17.0
146.0 14.3955
147.0 11.4355
148.0 10.0395
149.0 1.8595
150.0 9.2115
151.0 20.089
152.0 23.6955
153.0 24.8595
154.0 21.57
155.0 23.1645
156.0 24.2365
157.0 23.2025
158.0 24.4265
159.0 10.8275
160.0 10.8275
161.0 9.716
162.0 17.0385
163.0 10.464
164.0 16.572
165.0 15.223
166.0 17.1025
167.0 15.1725
168.0 17.8745
169.0 18.758
170.0 3.364
171.0 3.364
172.0 21.641
173.0 20.044
174.0 20.6125
175.0 22.8605
176.0 22.5305
177.0 21.9005
