2.0 7.7365
3.0 8.436
4.0 8.206
5.0 7.4215
6.0 7.232
7.0 7.556
8.0 7.881
9.0 8.038
10.0 5.7575
11.0 3.1495
12.0 7.414
13.0 7.2665
14.0 7.293
15.0 7.119
16.0 20.2235
17.0 17.7535
18.0 17.0745
19.0 31.807
20.0 32.269
21.0 10.6795
22.0 20.9445
23.0 17.31
24.0 17.706
25.0 17.7435
26.0 23.4525
27.0 21.3785
28.0 16.9075
29.0 18.368
30.0 16.983
31.0 3.5305
32.0 8.9555
33.0 13.991
34.0 9.786
35.0 14.8305
36.0 14.3555
37.0 15.6665
38.0 20.586
39.0 18.0645
40.0 14.2525
41.0 4.685
42.0 5.785
43.0 10.2635
44.0 13.4855
45.0 12.656
46.0 17.0
47.0 14.3955
48.0 11.4355
49.0 10.0395
50.0 47.6205
51.0 4.654
52.0 4.654
53.0 4.192
54.0 25.552
55.0 29.032
56.0 35.7475
57.0 31.5705
58.0 34.6875
59.0 30.2755
60.0 34.256
61.0 28.834
62.0 25.565
63.0 10.3115
64.0 10.3115
65.0 5.8885
66.0 18.7235
67.0 26.001
68.0 26.3975
69.0 21.648
70.0 17.9685
71.0 15.758
72.0 20.339
73.0 18.574
74.0 21.36
75.0 12.91
76.0 12.91
77.0 4.806
78.0 22.65
79.0 24.32
80.0 21.5335
81.0 17.848
82.0 16.5765
83.0 19.8765
84.0 21.2375
85.0 19.571
86.0 14.8755
87.0 19.397
88.0 9.892
89.0 9.892
90.0 7.7695
91.0 19.2845
92.0 19.959
93.0 17.9865
94.0 15.3155
95.0 16.878
96.0 15.3465
97.0 17.817
98.0 19.4925
99.0 19.541
100.0 7.408
101.0 7.7365
102.0 8.436
103.0 8.206
104.0 7.4215
105.0 7.232
106.0 7.556
107.0 7.881
108.0 8.038
109.0 5.7575
110.0 3.1495
111.0 7.414
112.0 7.2665
113.0 7.293
114.0 7.119
115.0 20.2235
116.0 17.7535
117.0 17.0745
118.0 31.807
119.0 32.269
120.0 10.6795
121.0 20.9445
122.0 17.31
123.0 17.706
124.0 17.7435
125.0 23.4525
126.0 21.3785
127.0 16.9075
128.0 18.368
129.0 16.983
130.0 3.5305
131.0 8.9555
132.0 13.991
133.0 9.786
134.0 14.8305
135.0 14.3555
136.0 15.6665
137.0 20.586
138.0 18.0645
139.0 14.2525
140.0 4.685
141.0 5.785
142.0 10.2635
143.0 13.4855
144.0 12.656
145.0 17.0
146.0 14.3955
147.0 11.4355
148.0 10.0395
149.0 47.6205
150.0 4.654
151.0 4.654
152.0 4.192
153.0 25.552
154.0 29.032
155.0 35.7475
156.0 31.5705
157.0 34.6875
158.0 30.2755
159.0 34.256
160.0 28.834
161.0 25.565
162.0 10.3115
163.0 10.3115
164.0 5.8885
165.0 18.7235
166.0 26.001
167.0 26.3975
168.0 21.648
169.0 17.9685
170.0 15.758
171.0 20.339
172.0 18.574
173.0 21.36
174.0 12.91
175.0 12.91
176.0 4.806
177.0 22.65
178.0 24.32
179.0 21.5335
180.0 17.848
181.0 16.5765
182.0 19.8765
183.0 21.2375
184.0 19.571
185.0 14.8755
