2.0 4.654
3.0 4.192
4.0 25.552
5.0 29.032
6.0 35.7475
7.0 31.5705
8.0 34.6875
9.0 30.2755
10.0 34.256
11.0 28.834
12.0 25.565
13.0 10.3115
14.0 10.3115
15.0 5.8885
16.0 18.7235
17.0 26.001
18.0 26.3975
19.0 21.648
20.0 17.9685
21.0 15.758
22.0 20.339
23.0 18.574
24.0 21.36
25.0 12.91
26.0 12.91
27.0 4.806
28.0 22.65
29.0 24.32
30.0 21.5335
31.0 17.848
32.0 16.5765
33.0 19.8765
34.0 21.2375
35.0 19.571
36.0 14.8755
37.0 19.397
38.0 9.892
39.0 9.892
40.0 7.7695
41.0 19.2845
42.0 19.959
43.0 17.9865
44.0 15.3155
45.0 16.878
46.0 15.3465
47.0 17.817
48.0 19.4925
49.0 19.541
50.0 2.299
51.0 8.022
52.0 4.322
53.0 5.2115
54.0 4.9905
55.0 17.951
56.0 23.365
57.0 24.2885
58.0 33.413
59.0 25.1235
60.0 31.604
61.0 3.765
62.0 7.7995
63.0 5.959
64.0 7.6615
65.0 7.8975
66.0 8.6455
67.0 7.118
68.0 7.732
69.0 6.6455
70.0 5.9345
71.0 4.819
72.0 4.3945
73.0 7.7745
74.0 6.942
75.0 6.96
76.0 7.23
77.0 8.0685
78.0 20.927
79.0 21.6015
80.0 15.3715
81.0 32.462
82.0 20.658
83.0 6.311
84.0 5.6525
85.0 6.158
86.0 18.4765
87.0 16.1745
88.0 15.1485
89.0 16.475
90.0 20.4475
91.0 16.6535
92.0 9.5935
93.0 3.9315
94.0 6.994
95.0 6.5615
96.0 5.5755
97.0 4.7285
98.0 6.016
99.0 6.244
100.0 4.654
101.0 4.654
102.0 4.192
103.0 25.552
104.0 29.032
105.0 35.7475
106.0 31.5705
107.0 34.6875
108.0 30.2755
109.0 34.256
110.0 28.834
111.0 25.565
112.0 10.3115
113.0 10.3115
114.0 5.8885
115.0 18.7235
116.0 26.001
117.0 26.3975
118.0 21.648
119.0 17.9685
120.0 15.758
121.0 20.339
122.0 18.574
123.0 21.36
124.0 12.91
125.0 12.91
126.0 4.806
127.0 22.65
128.0 24.32
129.0 21.5335
130.0 17.848
131.0 16.5765
132.0 19.8765
133.0 21.2375
134.0 19.571
135.0 14.8755
136.0 19.397
137.0 9.892
138.0 9.892
139.0 7.7695
140.0 19.2845
141.0 19.959
142.0 17.9865
143.0 15.3155
144.0 16.878
145.0 15.3465
146.0 17.817
147.0 19.4925
148.0 19.541
149.0 2.299
150.0 8.022
151.0 4.322
152.0 5.2115
153.0 4.9905
154.0 17.951
155.0 23.365
156.0 24.2885
157.0 33.413
158.0 25.1235
159.0 31.604
160.0 3.765
161.0 7.7995
162.0 5.959
163.0 7.6615
164.0 7.8975
165.0 8.6455
166.0 7.118
167.0 7.732
168.0 6.6455
169.0 5.9345
170.0 4.819
171.0 4.3945
172.0 7.7745
173.0 6.942
174.0 6.96
175.0 7.23
176.0 8.0685
177.0 20.927
178.0 21.6015
179.0 15.3715
