2.0 20.089
3.0 23.6955
4.0 24.8595
5.0 21.57
6.0 23.1645
7.0 24.2365
8.0 23.2025
9.0 24.4265
10.0 10.8275
11.0 10.8275
12.0 9.716
13.0 17.0385
14.0 10.464
15.0 16.572
16.0 15.223
17.0 17.1025
18.0 15.1725
19.0 17.8745
20.0 18.758
21.0 3.364
22.0 3.364
23.0 21.641
24.0 20.044
25.0 20.6125
26.0 22.8605
27.0 22.5305
28.0 21.9005
29.0 21.506
30.0 20.632
31.0 20.147
32.0 15.305
33.0 15.305
34.0 11.2925
35.0 17.029
36.0 21.516
37.0 19.274
38.0 20.779
39.0 23.676
40.0 19.1035
41.0 15.9205
42.0 19.432
43.0 15.3275
44.0 15.3275
45.0 20.5465
46.0 20.17
47.0 20.051
48.0 17.681
49.0 19.6325
50.0 44.8715
51.0 23.215
52.0 27.948
53.0 33.04
54.0 30.378
55.0 28.2205
56.0 8.875
57.0 27.7355
58.0 18.1915
59.0 32.0985
60.0 19.8185
61.0 27.575
62.0 18.3125
63.0 20.6475
64.0 18.0645
65.0 16.096
66.0 21.445
67.0 6.7515
68.0 17.6235
69.0 15.9445
70.0 15.956
71.0 18.273
72.0 14.252
73.0 17.1215
74.0 15.9755
75.0 15.398
76.0 16.0545
77.0 4.332
78.0 4.438
79.0 6.22
80.0 7.1865
81.0 6.782
82.0 5.188
83.0 4.431
84.0 13.8975
85.0 18.2805
86.0 17.0825
87.0 17.0825
88.0 5.423
89.0 6.321
90.0 5.703
91.0 7.6075
92.0 7.6165
93.0 7.7085
94.0 11.9095
95.0 16.4225
96.0 15.4605
97.0 10.176
98.0 10.176
99.0 7.36
100.0 9.2115
101.0 20.089
102.0 23.6955
103.0 24.8595
104.0 21.57
105.0 23.1645
106.0 24.2365
107.0 23.2025
108.0 24.4265
109.0 10.8275
110.0 10.8275
111.0 9.716
112.0 17.0385
113.0 10.464
114.0 16.572
115.0 15.223
116.0 17.1025
117.0 15.1725
118.0 17.8745
119.0 18.758
120.0 3.364
121.0 3.364
122.0 21.641
123.0 20.044
124.0 20.6125
125.0 22.8605
126.0 22.5305
127.0 21.9005
128.0 21.506
129.0 20.632
130.0 20.147
131.0 15.305
132.0 15.305
133.0 11.2925
134.0 17.029
135.0 21.516
136.0 19.274
137.0 20.779
138.0 23.676
139.0 19.1035
140.0 15.9205
141.0 19.432
142.0 15.3275
143.0 15.3275
144.0 20.5465
145.0 20.17
146.0 20.051
147.0 17.681
148.0 19.6325
149.0 44.8715
150.0 23.215
151.0 27.948
152.0 33.04
153.0 30.378
154.0 28.2205
155.0 8.875
156.0 27.7355
157.0 18.1915
158.0 32.0985
159.0 19.8185
160.0 27.575
161.0 18.3125
162.0 20.6475
163.0 18.0645
164.0 16.096
165.0 21.445
166.0 6.7515
167.0 17.6235
168.0 15.9445
169.0 15.956
170.0 18.273
171.0 14.252
172.0 17.1215
173.0 15.9755
174.0 15.398
175.0 16.0545
176.0 4.332
177.0 4.438
178.0 6.22
179.0 7.1865
180.0 6.782
181.0 5.188
182.0 4.431
183.0 13.8975
184.0 18.2805
185.0 17.0825
