2.0 27.948
3.0 33.04
4.0 30.378
5.0 28.2205
6.0 8.875
7.0 27.7355
8.0 18.1915
9.0 32.0985
10.0 19.8185
11.0 27.575
12.0 18.3125
13.0 20.6475
14.0 18.0645
15.0 16.096
16.0 21.445
17.0 6.7515
18.0 17.6235
19.0 15.9445
20.0 15.956
21.0 18.273
22.0 14.252
23.0 17.1215
24.0 15.9755
25.0 15.398
26.0 16.0545
27.0 4.332
28.0 4.438
29.0 6.22
30.0 7.1865
31.0 6.782
32.0 5.188
33.0 4.431
34.0 13.8975
35.0 18.2805
36.0 17.0825
37.0 17.0825
38.0 5.423
39.0 6.321
40.0 5.703
41.0 7.6075
42.0 7.6165
43.0 7.7085
44.0 11.9095
45.0 16.4225
46.0 15.4605
47.0 10.176
48.0 10.176
49.0 7.36
50.0 2.8805
51.0 7.408
52.0 7.7365
53.0 8.436
54.0 8.206
55.0 7.4215
56.0 7.232
57.0 7.556
58.0 7.881
59.0 8.038
60.0 5.7575
61.0 3.1495
62.0 7.414
63.0 7.2665
64.0 7.293
65.0 7.119
66.0 20.2235
67.0 17.7535
68.0 17.0745
69.0 31.807
70.0 32.269
71.0 10.6795
72.0 20.9445
73.0 17.31
74.0 17.706
75.0 17.7435
76.0 23.4525
77.0 21.3785
78.0 16.9075
79.0 18.368
80.0 16.983
81.0 3.5305
82.0 8.9555
83.0 13.991
84.0 9.786
85.0 14.8305
86.0 14.3555
87.0 15.6665
88.0 20.586
89.0 18.0645
90.0 14.2525
91.0 4.685
92.0 5.785
93.0 10.2635
94.0 13.4855
95.0 12.656
96.0 17.0
97.0 14.3955
98.0 11.4355
99.0 10.0395
100.0 23.215
101.0 27.948
102.0 33.04
103.0 30.378
104.0 28.2205
105.0 8.875
106.0 27.7355
107.0 18.1915
108.0 32.0985
109.0 19.8185
110.0 27.575
111.0 18.3125
112.0 20.6475
113.0 18.0645
114.0 16.096
115.0 21.445
116.0 6.7515
117.0 17.6235
118.0 15.9445
119.0 15.956
120.0 18.273
121.0 14.252
122.0 17.1215
123.0 15.9755
124.0 15.398
125.0 16.0545
126.0 4.332
127.0 4.438
128.0 6.22
129.0 7.1865
130.0 6.782
131.0 5.188
132.0 4.431
133.0 13.8975
134.0 18.2805
135.0 17.0825
136.0 17.0825
137.0 5.423
138.0 6.321
139.0 5.703
140.0 7.6075
141.0 7.6165
142.0 7.7085
143.0 11.9095
144.0 16.4225
145.0 15.4605
146.0 10.176
147.0 10.176
148.0 7.36
149.0 2.8805
150.0 7.408
151.0 7.7365
152.0 8.436
153.0 8.206
154.0 7.4215
155.0 7.232
156.0 7.556
157.0 7.881
158.0 8.038
159.0 5.7575
160.0 3.1495
161.0 7.414
162.0 7.2665
163.0 7.293
164.0 7.119
165.0 20.2235
166.0 17.7535
167.0 17.0745
168.0 31.807
169.0 32.269
170.0 10.6795
171.0 20.9445
172.0 17.31
173.0 17.706
174.0 17.7435
175.0 23.4525
176.0 21.3785
177.0 16.9075
178.0 18.368
179.0 16.983
180.0 3.5305
181.0 8.9555
182.0 13.991
183.0 9.786
184.0 14.8305
185.0 14.3555
186.0 15.6665
187.0 20.586
188.0 18.0645
189.0 14.2525
190.0 4.685
191.0 5.785
