2.0 11.6535
3.0 6.5965
4.0 11.189
5.0 14.008
6.0 13.884
7.0 14.13
8.0 9.999
9.0 14.5805
10.0 16.87
11.0 14.0345
12.0 14.0555
13.0 12.593
14.0 5.0
15.0 11.1545
16.0 13.4125
17.0 14.16
18.0 15.664
19.0 13.5875
20.0 20.2465
21.0 13.0595
22.0 15.5585
23.0 17.1525
24.0 12.0905
25.0 5.406
26.0 5.406
27.0 3.597
28.0 7.7895
29.0 15.0015
30.0 14.804
31.0 22.4585
32.0 24.101
33.0 18.043
34.0 18.327
35.0 22.5285
36.0 21.7855
37.0 23.079
38.0 4.976
39.0 8.6105
40.0 8.2365
41.0 12.064
42.0 31.7255
43.0 31.763
44.0 37.0075
45.0 39.119
46.0 38.412
47.0 30.722
48.0 36.0395
49.0 9.197
50.0 81.468
51.0 3.695
52.0 8.7445
53.0 9.574
54.0 9.0035
55.0 9.051
56.0 8.7965
57.0 9.1995
58.0 9.7005
59.0 9.6295
60.0 7.34
61.0 5.548
62.0 8.69
63.0 8.642
64.0 8.161
65.0 8.8905
66.0 9.2905
67.0 8.676
68.0 9.308
69.0 8.8665
70.0 3.4115
71.0 3.4115
72.0 8.1625
73.0 8.7335
74.0 8.4965
75.0 8.7255
76.0 8.21
77.0 8.3715
78.0 9.2285
79.0 13.9405
80.0 34.699
81.0 3.152
82.0 8.474
83.0 8.621
84.0 8.4095
85.0 8.6555
86.0 8.783
87.0 8.381
88.0 11.001
89.0 32.9325
90.0 37.271
91.0 27.1235
92.0 5.7615
93.0 8.0495
94.0 8.359
95.0 9.0725
96.0 8.7695
97.0 8.8155
98.0 8.979
99.0 8.6805
100.0 11.6535
101.0 11.6535
102.0 6.5965
103.0 11.189
104.0 14.008
105.0 13.884
106.0 14.13
107.0 9.999
108.0 14.5805
109.0 16.87
110.0 14.0345
111.0 14.0555
112.0 12.593
113.0 5.0
114.0 11.1545
115.0 13.4125
116.0 14.16
117.0 15.664
118.0 13.5875
119.0 20.2465
120.0 13.0595
121.0 15.5585
122.0 17.1525
123.0 12.0905
124.0 5.406
125.0 5.406
126.0 3.597
127.0 7.7895
128.0 15.0015
129.0 14.804
130.0 22.4585
131.0 24.101
132.0 18.043
133.0 18.327
134.0 22.5285
135.0 21.7855
136.0 23.079
137.0 4.976
138.0 8.6105
139.0 8.2365
140.0 12.064
141.0 31.7255
142.0 31.763
143.0 37.0075
144.0 39.119
145.0 38.412
146.0 30.722
147.0 36.0395
148.0 9.197
149.0 81.468
150.0 3.695
151.0 8.7445
152.0 9.574
153.0 9.0035
154.0 9.051
155.0 8.7965
156.0 9.1995
157.0 9.7005
158.0 9.6295
159.0 7.34
160.0 5.548
161.0 8.69
162.0 8.642
163.0 8.161
164.0 8.8905
165.0 9.2905
166.0 8.676
167.0 9.308
168.0 8.8665
169.0 3.4115
170.0 3.4115
171.0 8.1625
172.0 8.7335
173.0 8.4965
174.0 8.7255
175.0 8.21
176.0 8.3715
177.0 9.2285
178.0 13.9405
179.0 34.699
180.0 3.152
181.0 8.474
182.0 8.621
183.0 8.4095
184.0 8.6555
185.0 8.783
186.0 8.381
187.0 11.001
188.0 32.9325
189.0 37.271
190.0 27.1235
191.0 5.7615
