0.0 0.0
39.54197442884545 1000.0
731.6953234194567 2000.0
1747.1589349231244 1984.5363884963356
2397.0009421247296 2334.694381294729
2973.536964466219 2758.158358953232
3445.837972728144 3285.857350691315
3958.5743309578725 3487.2636417702756
4501.896125541563 3456.6782054163014
5222.6994431640915 3279.19668237748
5848.207903664566 3374.491539499515
6355.176743094709 3493.031160569876
6890.1118680614145 3465.0648750332844
7506.435855716998 3383.6760123444074
8224.770591064345 3281.665264652644
9607.703960962554 2617.066630101787
10395.248673525562 2829.5219175387747
11032.355482504156 3192.4151085601616
11656.702555072456 3375.6529274316995
12224.57452771252 3432.128027359948
12795.663343086379 3428.9111846261403
13298.83412805665 3496.8292150297416
13836.529332064665 3462.3047959919713
14412.110988330898 3424.418343733778
14934.410260095794 3477.700728235098
15653.932977504435 3280.477282591337
17130.168689609764 2523.764287894662
19138.592471026193 1515.3405064782276
20057.965141674766 1595.9678358296585
20547.11461309685 2106.818364407548
21042.16276739313 2611.770210111262
21509.058744437865 3144.874233066525
21919.513810380708 3589.5449340571604
22239.437803805893 3680.076006574819
22573.690594097112 3665.7472097087884
23029.059379345694 3544.6312147514
23431.964058549336 3597.0953207963453
23858.738979850754 3573.225078698566
24382.247889331913 3476.491090518818
25926.400486159873 2455.847403172018
27459.009996167493 1923.237893164402
28477.44264984952 1904.8052394823794
28926.646582555553 2455.6013067763406
29286.86538363917 3095.3825056927353
29662.21776927024 3624.6476143689424
30042.95988173371 3619.257887536548
30352.101301120834 3690.8585806128917
30692.005398587222 3660.0959025336138
31060.48448549852 3631.520913088684
31472.018094173905 3588.4663913246254
32279.76893679203 3192.2491573818875
32697.30501650071 3582.4639202912945
32904.29234121844 3793.0126752822516
34790.115422988245 2114.1769182301887
36517.155738600646 1387.1366026177798
38133.09810846579 1000.0
39551.11755257445 1000.0
40771.63196403532 1000.0
42022.22781979915 1000.0
43510.69507145047 1000.0
44405.381744872626 1105.3133265778379
45243.23957520879 1267.455496241678
46061.81099793236 1448.8840735181032
46741.591209562 1769.1038618884575
47408.93819449467 2101.756876955774
48062.53546019097 2448.159611259479
48727.36242471776 2783.3326467326933
49399.30044871423 3111.3946227362294
49988.456600784455 3410.8438479297956
50606.412515139054 3382.0440856454
52218.592459263025 2387.8200558760145
52875.45114715791 2730.9613679811355
53485.43340422717 3120.979110911883
54074.65478829385 3410.7786159333264
54647.76089670993 3426.8938915839167
55207.96433859728 3439.796558112641
55859.19159043826 3348.772748159004
56452.666815240234 3406.5247751980296
57005.57278774212 3447.094027498118
57383.69844383171 3621.8743439103996
57543.713525454994 3839.984918376717
58696.188727166074 2847.5247982889105
59382.252418450094 3161.4611070048886
60025.383057476436 3356.869360973658
60675.09139431631 3350.291663160123
