0.0 0.0
41.69507342627956 1000.0
701.2586956637858 2000.0
1342.7641432010796 2358.494552462709
1964.675059971812 2736.583635691976
2524.156537195033 3177.1021584687733
3318.6772222156396 3382.5814734481696
4199.704539979331 3501.5541556844373
5067.697442199957 3633.5612534638653
5862.692208876566 3838.566486787212
6636.336901610988 4064.9217940527888
7382.555322355487 4318.7033733083135
8222.806549095345 4478.452146568434
9387.429383070064 4313.82931259368
10463.914067177768 4237.344628485927
11168.114348517434 4533.14434714627
11864.93014967022 4836.328545993445
12542.179393278671 5159.079302384997
13206.017619596927 5336.1617736818
13663.179917410187 5542.837702186753
13933.09514471682 5730.084772693297
14231.062379846198 5702.032764870699
14546.93401439249 5684.12836545378
14746.323706073941 5800.610308318569
14948.80896827339 5797.514737800587
15507.378131129837 5441.430837143549
15961.48941606353 5545.888715066284
16535.950576112624 5425.538839950875
17164.989725530308 5370.960850582249
17818.22098654078 5346.768738989481
18479.143343016305 5339.077643524502
19179.66205259263 5299.481290423667
19952.130650447874 5227.531402144756
20778.506416797598 5173.624233650264
22520.254450854467 4258.251965943124
23492.13681024829 4286.369606549324
24339.18534067859 4439.321076119038
25268.198312436693 4510.308104360929
25940.961370175955 4837.545046621698
26604.963263234677 5173.543153562965
27195.731412553665 5409.231850680944
27745.564692325606 5450.166720228043
28193.015054978976 5552.549637346654
28785.491878072833 5407.523176906171
30194.07226003979 4591.41961803306
31408.55428544925 4376.937592623579
32277.53214017574 4507.959737897052
32857.46088723219 4928.030990840585
33465.87858165294 5319.613296419794
34039.35169946475 5426.526882188192
34571.399223602726 5467.952475862047
35267.69209780012 5303.707125802592
36037.62986845774 5230.062229342337
36431.96427445501 5605.665594002701
36643.51998467822 5788.4442897768095
36906.326808630445 5737.193176047748
37229.590424686896 5676.736383943522
37634.101639263354 5595.488785423523
38067.399553955285 5566.702085308072
38516.37767637567 5551.021877579597
39087.51694298591 5428.860733389773
39755.06676710162 5332.4501758843635
41853.890686729465 3901.1760803721854
43280.18209489005 3474.8846722115923
43882.425098857944 3872.6416682436898
44428.78093842599 4326.285828675649
44936.77171614732 4818.295050954288
45500.79050036111 5254.276266740434
46077.94463793138 5422.845862429825
46713.56270333441 5364.381934596986
47384.95447138407 5328.608231950322
48029.450317429255 5355.50415395492
48652.42998062603 5377.020336803297
49671.80072395642 4980.629256669676
50790.395637304784 4862.034343321382
51375.86069768691 5276.569282939206
51988.90738074758 5386.953316939307
52679.185175945364 5309.722204802176
53206.418317911244 5472.766858034083
53681.89501670024 5524.523301210965
54291.921049748526 5389.973966951718
54882.05725956443 5409.863790184067
55659.82401292392 5222.233246640507
56402.745955351675 5257.0780575722465
57862.34999792817 4540.395957423517
58745.41491831952 4657.331037032165
59470.140838903666 4932.605116447956
60010.99497194661 5391.750983404967
60587.31378863355 5423.681183313069
61215.223120853116 5372.090667780472
61794.66083356114 5420.562287291989
62284.68982679056 5509.97100677056
62807.849082912355 5476.840743878242
63294.548382473076 5513.300700439291
63762.63044610807 5531.917936364991
64899.617902114514 4863.0125439935655
