0.0 0.0
49.228214156836216 1000.0
625.5135858253932 2000.0
1158.9439921181329 2466.569593707256
1654.2482323535557 2971.2653534718484
2155.833499462327 3469.6800863630947
2857.6158351533322 3298.2176643089997
3606.8414508996802 3250.774384253628
4348.420332544633 3258.4211183550524
5133.0885702545 3215.3317622901454
5859.9238816549805 3273.164688599537
6712.808631803703 3147.1152498512643
8135.641994076428 2577.1666377272695
8807.655374306803 2905.1532574968705
9574.107166572217 3138.701465231461
10213.104305241628 3361.0028613305753
10826.209617923647 3386.8946873179707
11279.078586168229 3547.1310317554285
11534.317220973908 3744.7613651943357
11843.165479549883 3691.1517414240107
12165.64749453932 3677.5179850105633
12356.49813905322 3809.1493554860967
12547.457982409795 3809.0401566434216
13090.852550556723 3456.6054318530687
13487.745970582395 3603.1065799743337
14026.088103444707 3461.6578671376965
14610.238286412801 3415.849817031896
15213.838192449613 3396.400093963192
15779.941384356121 3433.8968080934737
16508.583971793712 3271.357412562415
17326.33271379796 3182.251257995747
18109.670681653173 3216.662032144786
19707.266244890267 2402.4044367629012
20757.36244501709 2352.3082366360723
21499.25510690506 2610.415574748091
22540.89389863491 2568.776783018241
23211.424851554428 2898.245830098728
23881.990173280734 3227.6805083724316
24439.44280680717 3442.547366473564
24926.808417802593 3512.6343890045814
25321.942254489684 3604.8661633128945
25793.013862681604 3528.928391808085
26809.176113100748 2983.8377495808413
28225.97459730101 2567.039265380571
29050.756102136293 2742.2577605452825
29643.590793063224 3149.4230696183527
30252.954904747687 3390.6358883155453
30812.527574528445 3440.4273302192482
31274.210191543913 3538.317382984524
31815.45193235804 3458.7582591858627
32546.16655115895 3269.2853811991276
33017.10377346165 3529.0627776973124
33204.27864395548 3812.8251295061723
33446.81081781331 3757.4678261421664
33782.89066107615 3663.9201567371592
34197.83565983299 3585.055001243148
34617.228859727 3580.606800105986
35002.378780610576 3614.8500791164197
35549.04463615885 3453.3341444517278
36157.23702789069 3391.8076082681628
37964.829984885146 2192.4070430055253
39676.19009882721 1481.0469290634433
40270.740382964075 1886.4966449265858
40809.033508773064 2348.203519117608
41279.45724233971 2877.779785550949
41778.96126294746 3378.2757649431865
42320.25173530097 3458.7095276464856
42918.135488421576 3402.116246879396
43590.32542930332 3327.8100591182615
44194.4505059803 3395.8749233230224
44814.925963562295 3379.5245424180025
45669.30434095198 3145.6216226103184
46764.93807564995 2904.3662653020215
47442.81379626025 3226.490544691731
47992.941573920085 3449.87222234017
48662.69625623348 3330.245317686608
49226.53154488889 3436.1647113446147
49622.64023727019 3603.891307618707
50177.15612951315 3445.484107757045
50741.12373449336 3436.032395019778
51497.036045396235 3244.0876890971176
52218.520035589034 3278.5160098071824
53271.39866672389 2947.1213688651333
54251.25947383602 2967.260561753
54974.87842228389 3243.6416133051302
