0.0 0.0
25.675527664182205 1000.0
718.9025278521435 2000.0
1353.711428147524 2365.1910997046202
1963.3551013587871 2755.547426493358
2572.324616948229 3146.577910903915
3199.6988595805415 3519.2036682715725
3949.299765574903 3769.6027622771576
4612.535879713688 4106.366648138397
5256.725698840907 4462.176829011205
5895.324147129102 4823.578380722994
6574.959406673785 5143.943121178294
7219.686338210573 5355.273068463326
8362.40610531099 4857.280232899607
9698.839161493392 4520.847176717227
10818.688269981765 4400.998068228813
11644.042056468192 4575.644281742387
12648.693720476145 4570.992617734437
13291.50782699711 4928.178511213515
13996.83976740616 5222.846570804516
14716.688987834956 5280.150779571313
15388.99580987089 5327.693177964097
16002.85204160691 5386.143768263984
16521.74041086219 5481.111630744678
18107.617908970093 4414.12250189209
19103.558751645156 4418.181659217038
19530.265832698387 4991.474578163802
19974.54390421845 5547.196506643714
20461.13367403731 5513.410230181112
20925.71130584428 5535.42236819302
21397.322432814894 5528.38887302939
21884.343276938493 5512.979155876345
22353.611197012433 5530.7320799260815
22877.35582606021 5476.25537095223
23407.474437523728 5469.881388536506
24179.87387216051 5227.600565363247
25092.155112723678 5087.71875943687
26256.30569588259 4835.849416841091
27130.009945029913 4962.14516769379
27806.070816526026 5286.0842961977205
28477.006534467557 5329.064282058468
29127.484863899754 5349.521670567811
29694.26659338349 5433.2182705162395
30354.560737581123 5339.705855802351
31141.549684285972 5213.011053295212
31836.808924060824 5304.7407602252015
32621.00645966932 5215.80246439144
33508.73821358985 5112.268246079363
34184.295128274054 5324.443085315808
34794.093193043685 5390.201935230339
35451.709493749775 5342.383699293969
36124.506973110416 5327.202520639385
36853.77786049264 5270.72911261774
37288.84474429265 5564.933116200003
37626.6175806887 5662.2271636039695
38203.78522840194 5422.832352286778
38690.023650958814 5513.761577443146
39197.14046896028 5492.883181998561
39755.115589889894 5442.024879070358
41044.05979651784 4711.055793372049
41602.19701573927 5152.918574150664
42319.09290870174 5283.104107037547
42925.50708182343 5393.585826878275
43571.7162177422 5353.790864081264
44278.056159181244 5293.660058560932
45027.1619542457 5250.8942049356465
45828.804854415575 5198.357099830139
46606.92179272145 5221.883061694136
47481.82231184709 5125.099480874285
48267.77061632033 5214.051695526692
49742.5134272653 4525.257189055052
50497.2883872691 4770.482229051298
51300.67560652863 4967.095009791816
52036.00349046452 5231.767125855986
52730.927517607255 5305.075972857386
53530.97256821857 5199.954949388732
54228.73948877414 5302.233079444365
54929.1829161084 5299.556572665813
55652.60031313207 5276.58260297637
56336.06074619283 5316.539566939284
58043.636315740296 4292.424430452551
59817.54330420894 3518.51744198386
61094.39231340024 3241.668432792552
62483.913642796586 2852.1471033961952
63732.00574279814 2604.0550033946306
64195.644115141404 3140.4166310513924
64633.64019575741 3702.420550435384
64972.48365653106 4363.577089661709
65303.39830521421 5032.662440978511
65632.54421132115 5670.854093893016
65985.0430720146 5647.501139306525
66553.49214065386 5431.550931360758
67838.5586537466 4714.9334869072645
68914.36883110159 4639.123309552271
69723.53619579141 4829.955944862428
70689.04291273966 4864.449227914165
