0.0 0.0
46.26857311817954 1000.0
686.8228381354179 2000.0
1342.2492997997088 2344.573538335711
1949.4415419362576 2737.3812961991644
2623.5439495453443 3063.27888859007
3314.18668457777 3309.357264967571
3981.617896906414 3332.5687876713696
4662.465266667847 3319.1526302385655
5336.741222131768 3325.7240445360785
5967.932150724739 3368.809071407016
6746.846824303242 3221.085326421463
7788.488579453195 2958.3582448500247
8663.323438239115 3083.523386064076
9425.475483959635 3237.8479542794757
10163.329138500692 3262.1463454589516
10610.146750945165 3553.182387555517
10855.298886071372 3754.8478648737732
11034.02152806868 3821.277358002714
11244.997293939607 3789.024234129083
11489.508819962735 3755.4884739768963
11726.237353247458 3763.271466715298
12002.923847595492 3723.3135056519604
13149.209900756363 2853.713946839128
14258.194069314719 2744.7297782807627
15507.946583854431 2494.977263741044
16866.725517690244 2136.198329905228
18154.22595426769 1848.6978933277878
19246.383988938385 1756.5398586570905
20188.523740758945 1814.400106836537
21587.665766172053 1415.2580814234288
22451.887075524697 1551.0367720707845
23182.57467377701 1820.3491738184657
23901.12446242955 2101.7993851659307
24644.760925652605 2358.1629219428833
25402.39717115171 2600.5266764437765
26184.834982375563 2818.0888652199465
26997.921577015186 3005.0022705803412
27696.61928877971 3301.3022882354794
28522.740471873654 3173.8788169060467
29263.63386794845 3259.1066039251878
30259.941338656852 3003.6925292916003
31283.470731343223 2976.4706073136285
32014.12340094706 3245.817937709786
32748.323303566707 3265.800097380369
33512.833195545914 3235.490108020781
34134.589941718994 3378.2432538269113
34582.99785594608 3551.5920857729157
34869.23260083242 3713.7652551136625
35196.473480421206 3672.759120411214
35577.97920209496 3618.4942783262777
35901.75803415081 3676.221167944139
36050.310162366826 3851.4478717840057
36235.02558397113 3815.2845783956886
36451.61419965057 3783.411384320555
36777.662093885774 3673.952105764806
37151.98078255493 3625.68131133084
37547.286227665514 3604.6945548894028
38104.530933961534 3442.7552937039845
38851.107649902384 3253.4232840591435
41151.46764410061 1699.6400058017505
42377.18787332668 1473.9197765756676
42938.41719047579 1912.6904594265607
43458.494227869916 2392.6134220324457
43928.90507357537 2922.2025763269803
44437.0314578841 3414.076192018236
44992.72712474025 3444.3043331438444
45674.44335446591 3318.283770274344
46387.56324443083 3286.8801100350943
47022.3799906999 3365.1832537309388
47625.76207692866 3396.6179137712465
48576.01927264808 3049.7428042805695
49598.63452470269 2977.3847479453907
50253.55198993466 3322.4672827134245
50832.92488188514 3420.627108049529
51480.76456400763 3352.160317877521
51991.61627792459 3489.148286083042
52427.17729040674 3564.438987517858
52985.000751706204 3442.176538700547
53524.10712882872 3460.8936228774787
54189.200880484605 3334.9062483441116
54849.70739303133 3339.493487453269
56038.709897972825 2810.9974950584947
56900.97467479867 2948.73271823264
57603.83125510876 3245.876137922562
