0.0 0.0
30.80288230588946 1000.0
669.030073563419 2000.0
1264.744136631374 2404.2859369320463
1849.8252058450703 2819.20486771835
2425.0652487660327 3243.9648247973887
3082.193794683633 3586.8362788797494
3813.1475648768564 3855.88250868648
4447.5409492396675 4221.48912432372
5062.741201056886 4606.288872506537
5720.293334464077 4948.736739099335
6373.59697800842 5295.4330955550295
7032.3009542723985 5341.2960237360885
8083.49178041849 4948.809173853927
9482.325740547478 4549.975213724949
10604.226108200757 4428.074846071642
11439.189912368962 4593.111041903439
12554.73956413686 4477.561390135574
13258.157364731678 4774.143589540803
13968.79763446387 5063.503319808666
14664.161532301849 5304.636102162111
15277.7662890752 5386.395243226716
15907.885997432775 5369.880291642418
16425.22707272555 5482.658924707193
18069.593489525487 4355.6335832000605
19061.376290670618 4363.850782054935
19474.95138651291 4950.275686212648
19915.62665550861 5509.600417216933
20379.49650265373 5536.130152854884
20854.054372659 5525.442129994708
21330.94087217529 5523.113500483687
21769.26068695235 5561.680185222919
22269.705588102646 5499.555098849721
22788.733106945278 5480.972481157396
23348.307302097553 5440.425804847751
24190.91801050684 5157.389291590715
25111.06782632648 5079.8501841804145
26281.03546398227 4830.0323623442055
27060.11623166064 5050.951594665885
27717.64089124187 5342.475340418782
28399.698652423267 5317.942238818597
29077.598615181134 5322.100037242125
29681.749009987503 5395.849605193616
30323.31781940432 5358.43119058316
31112.871310636096 5210.446508768287
31858.094393411542 5254.776917224569
32598.572588740815 5259.521804670661
33373.67430602755 5224.898282713171
34128.814649342334 5244.859656685229
34820.58259648945 5308.232052852854
35480.840199825114 5339.742396664391
36210.21316415988 5270.627035665191
36913.40986474237 5296.803299417496
38825.40782179843 4088.0020429439255
40114.28180106037 3799.1280636819693
41351.79539338603 3561.6144713562894
42447.376573784764 3466.033290957568
43368.84383660134 3544.566028140981
44222.1230145117 3691.286850230621
45147.84167573663 3765.568189005657
45990.69071960667 3922.719145135599
46788.49360999815 4124.916254744107
47543.38490238589 4370.024962356349
48235.439548818555 4677.970315923725
49591.170319373465 4322.239545368851
50326.40507473793 4587.004790004372
51063.758728964225 4849.651135778102
51929.38613837832 4984.023726364077
52714.52404514675 5198.885819595558
53477.499414871636 5237.024630275002
54074.59978997849 5402.899624893101
54740.284244304225 5334.315545674357
55378.409758348615 5361.874485955759
56024.05114053484 5354.358617813659
56685.386479757195 5338.664660777654
57579.83968885787 5105.546790899328
58395.97099587685 5183.868692980929
58950.941382435994 5445.029613440819
59324.35016465181 5626.591217784144
59509.874993091566 5814.47517156026
59720.141187675494 5789.733805416102
59942.90485677072 5777.236330904866
60189.17969753449 5753.7251592362645
60541.75005831788 5647.429639216597
61041.94116909928 5499.808889218582
61993.05557069319 5048.885598406075
63522.6362955541 4470.419275139095
64902.8017443917 4090.2538263014585
66510.46289330783 3482.5926773853143
67914.49744054776 3078.5581301453776
69012.87663569042 2980.178935002685
69993.04555763428 3000.010013058828
71133.70863693405 2859.346933759024
72115.03330486907 2878.022265823994
72747.36845765481 3245.687113038235
73459.57567949881 3533.4798911942266
