0.0 0.0
69.50036361949893 1000.0
725.763469302869 2000.0
1452.972093342795 2272.7913759600824
2028.4032258103703 2697.3602434925137
2208.0739849996826 3517.6894843031573
2403.234177078647 4322.529292224148
2620.4867158063644 5105.2767534965315
2879.4125524583415 5741.074163348114
3105.9253162715277 5773.487236186825
3295.0216327607445 5810.903683510687
3520.198909944083 5774.82272281663
3760.2871741191275 5759.9117358250705
4096.856376655262 5663.430797463894
4546.067733499356 5550.788643155904
5167.863314294778 5378.204419204643
6513.532812511443 4654.330501783355
8559.900596263666 3607.962718031103
9357.834910681056 3810.028403613729
9957.32614907905 4210.5371652157155
10525.724474286722 4642.138840008038
11055.144395072724 5112.718919221942
11669.010735972426 5386.133659100238
12382.283497483517 5286.727238488865
13236.451504749808 5145.831992733713
13906.410615341276 5330.040889408573
14595.680352569698 5310.730262771626
15256.391501469385 5339.288851100344
16276.422500011964 4979.969001457436
17415.462022352553 4840.929479116872
18854.278681050593 4402.11282041885
19375.096109151327 4881.295392318134
19901.934814586795 5354.45668688269
20451.684720144567 5450.25009444226
21120.453417993816 5331.23130215073
21916.590797927627 5203.862620066178
22621.918179469052 5294.672618458637
23247.081271722785 5374.836907746287
23815.386728915062 5431.694542807672
24519.786372516734 5295.600356398339
25289.11343887394 5230.672933642778
26478.901729698973 4810.211709174933
27884.16676104873 4404.946677825224
28913.085959589287 4376.0274792846285
29494.31403968861 4794.799399185247
30056.099176483247 5233.014262390504
30627.885461593167 5428.213714890045
31337.507555791173 5290.377905801948
32023.312576287623 5314.194979503511
32687.68468448145 5335.627891806171
33300.11832099828 5387.566363483182
33867.14621084586 5432.972110152411
34448.20239446145 5418.943816384365
34804.417477415926 5643.7849170455665
34995.29836269496 5809.119114721073
36801.39276441787 4193.905598277069
38187.87598180173 3807.422380893212
39555.02656220755 3440.271800487386
40797.202543098065 3198.0958195968533
41901.3578776335 3093.9404850613996
42972.52368520447 3022.7746774904117
44245.11943043567 2750.1789322592103
45664.90428498044 2330.3940777144335
46531.35361940361 2463.9447432912766
47334.51900164911 2660.779361045752
48203.17905518327 2792.119307511582
49009.89032991541 2985.4080327794645
49789.373839054206 3205.924523640695
50581.584577509835 3413.7137851850734
51428.68034782953 3566.618014865412
52176.970551006525 3818.3278116884726
52961.64208245447 4033.65628024054
54306.58209424504 3688.716268449931
55657.76320991461 3337.535152780311
56445.00199621261 3550.2963664823315
57170.74135873435 3824.5570039606196
57918.395765565685 4076.902597129263
58565.170759824316 4430.127602870602
59203.73896183386 4791.559400861054
59892.40516568953 5102.89319700536
60563.97316458703 5328.432001102513
61207.734874112895 5356.238290474166
61701.62190482356 5506.112969289339
62050.708954679896 5650.912950143637
62246.75984831527 5803.949106364591
63299.19350140721 4947.566346908056
64120.156421828906 5126.603426486362
64874.05710271546 5246.099319113453
65649.89088261426 5224.1662201012105
66390.31498915654 5259.575893457732
67195.43767350164 5194.877315654932
67871.4001991272 5324.037474374451
68269.25656603968 5602.143633087493
68503.70463884514 5765.55192719452
68728.61514816794 5775.089490677202
69040.90239230107 5687.712755866886
