0.0 0.0
23.3480824785427 1000.0
706.3084063863798 2000.0
1372.4610247396795 2333.8473816467026
2033.678319948574 2672.630086437811
2615.275734548204 3091.0326718381593
3250.1183549369116 3365.157379611275
3881.094206579565 3369.0241483573463
4530.545659254257 3350.5485473253207
5152.20354394891 3378.342115305349
5782.897980211164 3369.305563737724
6763.9000049385795 3018.9979752725885
8203.543309200779 2560.3566957378007
9380.614511664813 2383.285493273769
10275.493244934394 2488.4067600041853
11271.766057389425 2492.1339475491527
11955.601216935316 2808.2987880032615
12706.923285195266 3056.9767197433093
13350.490591670316 3356.432693524947
14032.56989813674 3317.9206935335797
14661.03467098655 3371.5352271501997
15217.062629290605 3443.97204169596
16923.43593487219 2293.6266944184176
17801.738470191205 2415.3241590994076
18195.367569291175 3021.695059999458
18595.116723241103 3600.2508460500944
19090.13692832041 3504.979794920712
19530.72917537009 3559.407752950327
19976.045019664693 3554.684155705407
20424.212643090697 3551.8323765740283
20938.792662228356 3485.4199808623407
21416.384088740167 3522.408573488179
21959.211152608073 3457.172936132089
22758.52999344239 3200.6811591656897
23696.022970459297 3062.5070229830894
24823.82925040441 2872.193720054888
25686.507084291043 3009.5158861682335
26362.660278485208 3323.8468058058315
26981.69798328693 3380.9622951982783
27645.481962187405 3336.2160210995285
28173.616549401602 3471.8654127857994
28701.526763632122 3472.0897857694745
29339.785663863433 3361.7410997686866
30008.7479414612 3331.0377224022254
30698.940196694697 3309.807744766512
31551.593949467733 3147.346247226963
32276.558493941808 3275.0354555259496
32916.830839639144 3359.7276543026646
33586.88421624254 3329.946623396602
34299.58176295465 3287.3024532878962
35034.02225733455 3265.5595056200978
36785.47229051473 2248.549966819831
38730.65188512163 1303.3703722129317
40355.92775829345 1000.0
40795.01068238265 1560.9170759108056
41236.34728885804 2119.5804694354088
41566.63914694538 2789.2886113480454
41871.30480976975 3484.6229485236577
42156.33516967277 3714.969640096948
42397.93448891231 3758.4006807604483
42734.422830478274 3663.511658434035
43001.80706754739 3732.615762930914
44835.3939924219 2166.4130751254966
46402.92449935487 1598.8825681925364
47737.49836983043 1264.3086977169792
48826.19085705086 1175.6162104965447
50013.77019551981 1000.0
51008.61169180942 1005.1585037103939
52101.98065703103 1000.0
53097.66560383134 1004.3150531996936
54216.7190378159 1000.0
55161.08643905337 1055.6325987625285
55674.24411093837 1542.4749268775195
56237.99151445356 1978.7275233623236
56915.21746577285 2301.5015720430356
57545.944512032926 2670.7745257829692
58130.774924600024 3085.944113215884
58708.59671847485 3422.178206125182
59226.180260127054 3482.416458347791
59460.089383289465 3766.090876837591
59687.78161930077 3772.307763988695
60031.25989190784 3656.521727392923
60215.34124155344 3815.9186503543924
60516.66956098694 3698.6716805664823
61651.48825824815 2865.1813027387825
