0.0 0.0
44.415747790900724 1000.0
641.3984126666456 2000.0
1272.7470760085207 2368.6513366581203
1888.930015121197 2752.468397545446
2555.631045030609 3085.767367636029
3220.3620516438214 3335.26899338679
3848.5108851175296 3371.8511665262977
4519.210513450316 3329.3003716672174
5188.747281137402 3330.4632323129144
5836.72091060157 3352.0263705358057
6540.034758269093 3296.6861523324355
7521.6753125972455 3018.3594456718365
8304.493911594736 3217.1814010025037
9097.770438752776 3206.7234728419685
9879.438176057552 3218.3322626952286
10369.007471530125 3510.430704527414
10608.92348618298 3760.0839853471457
10785.692133219392 3823.231352963606
10994.13095784779 3791.5611753716016
11219.869358412921 3774.2615994348935
11476.593719985718 3743.2756384272216
11752.290285493742 3724.3034344919715
12921.543959698058 2830.746325795676
14092.333959280715 2659.9563262129996
15173.635032524493 2578.655252969219
16521.20230158602 2231.087983907686
17828.897378883994 1923.3929066097262
18951.103458792568 1801.1868267011541
19934.090736416056 1818.1995490776749
21265.298269000494 1486.9920164932387
22191.41038974592 1560.8798957478075
22939.917154463954 1812.3731310297712
23666.224817263006 2086.0654682307227
24392.180473741395 2360.109811752335
25145.925795140185 2606.3644903535205
25946.836040055077 2805.4542454386474
26726.881285372623 3025.409000121133
27433.401871705835 3293.479413666798
28123.21872772039 3310.1831439854504
28869.969592335172 3253.2491353852
29821.67302947138 3048.2965628637917
30829.283804885446 2992.3892245859306
31535.251732710567 3286.4212967607996
32336.17113125962 3199.0806014509567
33110.17190111282 3225.9992301467914
33843.551171843115 3266.620729269704
34325.934020382854 3517.6171514602647
34617.14792818777 3708.786092195096
34953.12556038529 3664.0223678024463
35386.702995668005 3566.4225647173193
35714.32691561213 3672.3760800558703
35862.65687456272 3851.6700410494186
36042.236591328045 3820.420283234672
36268.11608375501 3774.1205075730227
36583.202830711634 3684.9132530433944
36973.53354462067 3609.669286090958
37382.9345982968 3590.598946323862
37949.63486994388 3433.2997283529303
38601.606197478235 3348.028672465642
40592.754223842814 2008.8519736353978
42103.483334059514 1498.1228634186978
42689.98969475466 1911.616502723558
43237.91691226679 2363.689285211437
43739.57499840725 2862.0311990709724
44250.86225279915 3350.743944679075
44809.70504490401 3441.157207895141
45455.98063691857 3353.724407985442
46106.2651993978 3349.715437520781
46690.31188668588 3415.953312711928
47277.885930085555 3412.425956600322
48165.79049940576 3112.09543067979
49270.345599912784 2895.444899492972
49887.99393342805 3277.7965659777183
50447.313357926294 3440.680575501764
51075.15414800522 3372.1592099210757
51629.141067058925 3446.013080946313
52034.67721400493 3594.4638530539983
52585.05986804458 3449.6173459603474
53147.97775173342 3437.0821163111523
53783.270950287304 3364.7068014461092
54476.06880338766 3307.2021468996345
55552.593664153 2923.4751392346516
56527.15387447439 2948.91492891325
57256.47898105098 3219.589822336661
